Bias,Current,Resistance
0.0000e+00,2.2393e-08,0.0000e+00
-4.0000e-01,-8.3364e-07,4.7982e+05
-8.0000e-01,-2.6796e-04,2.9855e+03
-1.2000e+00,-8.3606e-04,1.4353e+03
-1.6000e+00,-1.4362e-03,1.1141e+03
-2.0000e+00,-2.0396e-03,9.8058e+02
-2.4000e+00,-2.6482e-03,9.0628e+02
-2.8000e+00,-3.2608e-03,8.5868e+02
-3.2000e+00,-3.8768e-03,8.2542e+02
-3.6000e+00,-4.4930e-03,8.0125e+02
-4.0000e+00,-5.0900e-03,7.8585e+02
-4.4000e+00,-5.7610e-03,7.6376e+02
-4.8000e+00,-6.4108e-03,7.4874e+02
-5.2000e+00,-7.1452e-03,7.2776e+02
-5.6000e+00,-7.8020e-03,7.1776e+02
-6.0000e+00,-8.4630e-03,7.0897e+02
-6.4000e+00,-9.1260e-03,7.0129e+02
-6.8000e+00,-9.7806e-03,6.9525e+02
-7.2000e+00,-1.0405e-02,6.9200e+02
-7.6000e+00,-1.1125e-02,6.8313e+02
-8.0000e+00,-9.9992e-02,8.0006e+01
-8.4000e+00,-9.9992e-02,8.4007e+01
-8.8000e+00,-9.9994e-02,8.8005e+01
-9.2000e+00,-9.9992e-02,9.2007e+01
-9.6000e+00,-9.9992e-02,9.6008e+01
-1.0000e+01,-9.9992e-02,1.0001e+02
-1.0400e+01,-9.9992e-02,1.0401e+02
-1.0800e+01,-9.9990e-02,1.0801e+02
-1.1200e+01,-9.9992e-02,1.1201e+02
-1.1600e+01,-9.9992e-02,1.1601e+02
-1.2000e+01,-9.9992e-02,1.2001e+02
-1.2400e+01,-9.9994e-02,1.2401e+02
-1.2800e+01,-9.9994e-02,1.2801e+02
-1.3200e+01,-9.9994e-02,1.3201e+02
-1.3600e+01,-9.9992e-02,1.3601e+02
-1.4000e+01,-9.9996e-02,1.4001e+02
-1.4400e+01,-9.9996e-02,1.4401e+02
-1.4800e+01,-9.9996e-02,1.4801e+02
-1.5200e+01,-9.9998e-02,1.5200e+02
-1.5600e+01,-9.9998e-02,1.5600e+02
-1.6000e+01,-9.9998e-02,1.6000e+02
-1.6400e+01,-9.9998e-02,1.6400e+02
-1.6800e+01,-9.9998e-02,1.6800e+02
-1.7200e+01,-1.0000e-01,1.7200e+02
-1.7600e+01,-9.9998e-02,1.7600e+02
-1.8000e+01,-9.9998e-02,1.8000e+02
-1.8000e+01,-9.9998e-02,1.8000e+02
-1.7600e+01,-9.9998e-02,1.7600e+02
-1.7200e+01,-9.9998e-02,1.7200e+02
-1.6800e+01,-1.0000e-01,1.6800e+02
-1.6400e+01,-1.0000e-01,1.6400e+02
-1.6000e+01,-9.9998e-02,1.6000e+02
-1.5600e+01,-1.0000e-01,1.5600e+02
-1.5200e+01,-1.0000e-01,1.5200e+02
-1.4800e+01,-1.0000e-01,1.4800e+02
-1.4400e+01,-1.0000e-01,1.4400e+02
-1.4000e+01,-1.0000e-01,1.4000e+02
-1.3600e+01,-1.0000e-01,1.3600e+02
-1.3200e+01,-1.0000e-01,1.3200e+02
-1.2800e+01,-1.0000e-01,1.2800e+02
-1.2400e+01,-1.0000e-01,1.2400e+02
-1.2000e+01,-9.9998e-02,1.2000e+02
-1.1600e+01,-1.0000e-01,1.1600e+02
-1.1200e+01,-9.9996e-02,1.1200e+02
-1.0800e+01,-9.9998e-02,1.0800e+02
-1.0400e+01,-9.9998e-02,1.0400e+02
-1.0000e+01,-1.0000e-01,1.0000e+02
-9.6000e+00,-1.0000e-01,9.6000e+01
-9.2000e+00,-1.0000e-01,9.2000e+01
-8.8000e+00,-9.9998e-02,8.8002e+01
-8.4000e+00,-1.0000e-01,8.4000e+01
-8.0000e+00,-9.9994e-02,8.0005e+01
-7.6000e+00,-9.9988e-02,7.6009e+01
-7.2000e+00,-9.9988e-02,7.2009e+01
-6.8000e+00,-9.9986e-02,6.8010e+01
-6.4000e+00,-9.9988e-02,6.4008e+01
-6.0000e+00,-9.4366e-02,6.3582e+01
-5.6000e+00,-5.4154e-02,1.0341e+02
-5.2000e+00,-2.7364e-02,1.9003e+02
-4.8000e+00,-6.1364e-03,7.8222e+02
-4.4000e+00,-5.5988e-03,7.8588e+02
-4.0000e+00,-5.0026e-03,7.9958e+02
-3.6000e+00,-4.4010e-03,8.1800e+02
-3.2000e+00,-3.7988e-03,8.4237e+02
-2.8000e+00,-3.1994e-03,8.7516e+02
-2.4000e+00,-2.6024e-03,9.2223e+02
-2.0000e+00,-2.0072e-03,9.9641e+02
-1.6000e+00,-1.4144e-03,1.1312e+03
-1.2000e+00,-8.2434e-04,1.4557e+03
-8.0000e-01,-2.6354e-04,3.0356e+03
-4.0000e-01,-8.3928e-07,4.7660e+05
0.0000e+00,2.4306e-08,0.0000e+00
0.0000e+00,2.2872e-08,0.0000e+00
3.8450e-01,4.2720e-08,9.0004e+06
7.6925e-01,5.5934e-08,1.3753e+07
1.1538e+00,6.5786e-08,1.7538e+07
1.5385e+00,7.3627e-08,2.0896e+07
1.9230e+00,8.0092e-08,2.4010e+07
2.3077e+00,8.5585e-08,2.6965e+07
2.6923e+00,9.0225e-08,2.9839e+07
3.0770e+00,9.4390e-08,3.2599e+07
3.4615e+00,9.7941e-08,3.5343e+07
3.8463e+00,1.0108e-07,3.8052e+07
4.2308e+00,1.0356e-07,4.0853e+07
4.6155e+00,1.0636e-07,4.3395e+07
5.0000e+00,1.0874e-07,4.5981e+07
5.0000e+00,1.0868e-07,4.6007e+07
4.6155e+00,1.0682e-07,4.3208e+07
4.2308e+00,1.0444e-07,4.0509e+07
3.8463e+00,1.0158e-07,3.7864e+07
3.4615e+00,9.8095e-08,3.5287e+07
3.0770e+00,9.4709e-08,3.2489e+07
2.6923e+00,9.0566e-08,2.9727e+07
2.3077e+00,8.5875e-08,2.6873e+07
1.9230e+00,8.0454e-08,2.3902e+07
1.5385e+00,7.4009e-08,2.0788e+07
1.1538e+00,6.6045e-08,1.7469e+07
7.6925e-01,5.6190e-08,1.3690e+07
3.8450e-01,4.3168e-08,8.9071e+06
0.0000e+00,2.3005e-08,0.0000e+00
