41.0981
40.6394
37.9275
35.8563
37.3994
39.835
39.815
37.3619
36.7031
39.5325
41.0931
39.7619
36.3188
35.3669
38.7706
41.1938
40.3038
37.3113
36.2544
38.905
41.65
41.6088
38.6694
37.3738
39.3875
40.8331
39.8481
36.8281
36.5438
39.3137
40.8894
40.04
37.3106
36.5381
38.3394
39.9119
39.5156
36.1356
35.24
37.8731
39.9712
38.9406
36.0162
35.97
37.945
39.1881
38.385
34.9219
34.47
37.0787
38.34
37.4344
34.7631
35.4525
38.3431
39.4256
38.06
34.7888
34.9431
37.7106
38.7413
37.5775
34.7912
34.9169
37.435
39.1769
37.9
34.6956
34.9494
37.6313
38.9931
38.1638
35.2169
35.3431
37.7519
38.585
37.48
34.7212
35.7125
39.0506
39.8475
37.8663
34.7519
35.6356
37.7981
38.2219
36.7231
33.5081
33.7481
36.8356
38.2256
37.1994
33.8362
34.375
37.8756
38.7981
37.2062
34.4219
35.5613
38.5812
39.7231
39.0463
36.2906
36.6331
38.9031
39.3356
38.1744
35.1444
35.4956
38.0419
38.3925
37.3781
35.7062
36.8462
38.7631
38.3413
36.5369
34.1788
35.27
37.9663
38.0269
36.1487
33.1844
34.3488
37.025
37.6213
35.3987
32.5156
33.9113
36.4675
36.52
34.6775
32.1956
33.4631
36.1088
36.6806
34.8762
32.4956
34.1494
37.1369
37.2619
34.4419
31.4288
32.8819
35.7375
35.99
34.0456
32.11
33.7125
36.2013
36.2925
34.4288
32.7106
34.6519
37.2469
36.9675
34.0838
31.9769
33.9181
36.9756
36.5112
33.01
30.8912
33.0613
35.4881
34.8231
32.1844
30.5419
32.755
35.2437
34.8369
32.0075
30.2688
32.3963
35.3062
35.2381
32.3256
29.8919
31.005
33.315
33.6419
31.3869
30.2056
33.0125
35.1081
34.1981
30.9112
29.8506
33.1587
35.4919
34.4656
31.36
30.1744
32.6656
35.0594
34.3069
31.2975
29.7862
31.5575
33.2137
32.5581
29.5519
28.225
30.5031
32.4519
31.7712
28.6475
27.965
30.7587
32.7569
32.2625
29.18
28
30.2431
32.3394
31.9175
29.02
28.5519
31.1644
32.4469
31.31
28.0237
27.9925
31.0069
32.3456
30.9975
27.2406
26.5881
29.5544
31.2906
30.67
26.9962
26.505
30.0019
32.1638
31.6944
28.3406
27.9706
30.4862
31.6331
30.3206
26.4925
26.3044
29.2856
30.4763
28.8844
25.255
25.8238
29.5006
30.9631
29.7288
26.2625
26.9
30.5538
31.5206
30.1794
26.8544
26.9956
29.6756
30.9462
30.2481
27.3575
28.1562
31.0688
31.5531
29.4394
25.8969
26.5744
29.2694
29.9225
28.5012
25.6206
26.5119
29.3381
30.1275
29.0113
26.145
26.8475
29.6137
30.3444
28.6194
25.0381
25.6231
28.955
29.9444
28.4644
25.0944
25.9831
29.3438
29.9962
28.3944
25.1175
26.0675
29.2125
30.1944
28.5225
25.2044
26.1069
28.9781
29.2706
27.5063
24.8837
26.6581
29.7644
30.7169
29.175
25.7512
26.505
29.2613
29.2606
26.7937
23.2556
24.2431
27.2906
28.2906
26.545
23.3819
24.8544
27.7925
27.925
26.0319
23.3844
25.2231
28.1331
28.2844
26.2119
23.5144
25.38
28.2437
28.07
25.9962
23.2013
24.9037
27.9763
28.1219
25.5444
22.4425
24.2475
26.9906
27.3506
25.3769
22.8487
24.9525
28.2387
28.6256
26.2944
23.3956
25.2181
27.7775
27.8481
25.0956
22.1606
24.0706
26.6381
27.0775
25.4444
23.2312
25.3881
27.9913
27.2044
24.2375
21.8525
24.2312
27.205
27.1169
24.8381
22.9706
25.4906
28.2056
28.0175
25.3087
23.4312
26.1819
28.7744
28.1369
24.8644
22.4737
25.31
28.365
28.2825
25.9213
23.6638
25.6069
28.1475
28.0556
25.1994
22.8475
24.9669
27.2894
26.8794
23.72
22.3669
25.4156
27.9825
27.785
24.8412
