22.7444
24.7919
26.8894
26.1631
23.2825
21.8762
25.2881
27.9825
27.6419
24.4937
23.0606
25.7875
28.2
27.645
24.4619
23.1187
25.8287
28.445
27.9425
24.7094
23.1931
25.9306
28.785
28.7763
25.7888
24.0569
25.8525
27.4631
26.9181
23.7981
22.9075
26.3194
28.135
27.3081
24.555
24.1644
27.2194
29.1194
27.8975
23.8487
22.4919
25.4506
28.1019
27.4381
23.3869
22.3219
25.3569
27.1638
26.2225
23.0769
23.2806
26.44
28.5731
28.1612
24.5562
23.6619
26.7744
29.3087
28.4244
24.5719
23.7669
26.2175
27.6194
26.8294
23.7587
23.7413
26.5675
27.98
26.9769
23.9669
24.1137
26.86
27.6806
26.4344
23.0712
23.605
27.49
29.2063
27.7787
23.9619
23.8163
26.8956
28.5194
27.3538
23.4713
23.0806
26.2263
27.9812
26.8631
23.1737
23.8163
27.8306
29.3594
29.89
26.675
25.8069
28.3031
29.0813
27.4638
23.9587
24.7356
27.9156
28.9831
27.4069
23.1262
22.8025
26.1737
27.9931
27.6444
24.7
25.0575
27.9456
28.8888
27.5669
24.475
25.1506
27.9481
29.11
28.2656
25.0781
25.4681
28.6731
29.8631
28.8938
25.6144
26.3094
29.815
31.6775
31.0306
27.9619
28.2431
31.7894
33.2581
32.2863
29.225
29.1812
31.2737
31.6894
29.7025
25.8419
26.3481
29.2969
30.5475
29.3038
25.685
26.1081
28.9013
29.5956
28.3669
25.0381
25.4844
28.4725
28.9825
27.0531
23.2969
23.8625
26.6825
26.9175
25.3931
22.4438
23.5312
27.2144
28.6069
27.1425
22.9319
23.4
26.8975
27.8588
26.2244
22.6425
23.4181
26.4319
27.3606
26.0069
22.605
23.4375
26.4956
26.975
25.2688
21.7987
22.9981
26.2044
27.6525
26.7169
23.5138
24.3069
27.1856
27.365
25.315
21.5912
22.4256
25.2481
25.7519
24.1044
20.72
21.925
25.205
25.6131
23.9337
20.8756
22.1088
25.36
25.8381
24.3231
20.9575
22.4475
25.4581
26.1394
24.4237
21.1375
22.3019
25.6825
26.5694
24.7156
21.6206
23.0813
26.0631
26.58
25.3837
24.4688
28.5888
33.17
34.6725
33.9225
31.7306
32.8725
35.9556
36.5675
34.2369
29.8275
30.7475
34.045
34.7794
33.2519
30.46
31.2719
33.8244
33.865
31.3669
28.7413
30.2281
32.7919
32.6044
30.1856
27.25
28.2475
31.2269
31.7175
30.0894
27.5338
28.9544
31.9706
31.8394
29.6038
26.3069
26.9306
29.555
29.9237
28.2362
25.7481
27.2025
30.1469
30.6088
28.5706
25.8
27.6187
30.9569
31.5975
29.4081
26.0287
27.5269
30.9656
31.2475
28.7669
25.4469
26.85
29.9244
30.8762
29.8031
27.1744
28.0787
30.6606
31.1375
29.8156
28.3469
28.87
29.7006
29.3513
26.38
22.5381
23.44
25.9913
25.645
22.9288
20.0956
21.8069
24.8244
25.5394
23.6394
20.6206
22.52
25.745
26.005
23.51
20.5831
22.725
25.9438
25.7281
22.805
20.0362
22.145
25.0569
24.8438
22.405
19.9969
21.9344
24.74
24.5481
22.3575
19.9875
22.0869
25.0263
25.1275
22.2269
19.6244
22.1306
25.0338
24.945
22.1406
19.8188
22.5106
25.4937
25.2244
22.6844
20.5394
22.615
25.1606
24.6756
22.0881
20.3194
22.8194
25.6681
25.5669
22.8106
20.7625
23.2488
26.0269
26.1788
23.32
21.3575
23.3837
25.2144
24.9331
21.9413
20.1181
22.7712
25.2244
24.9881
22.2956
21.0781
23.8619
25.6962
24.765
21.6631
20.4138
23.5075
25.56
24.7875
21.3081
20.3044
23.3425
26.1644
25.87
22.4025
21.8313
24.9763
26.9306
26.08
22.6206
21.8031
24.815
26.6513
25.6469
21.9
20.9587
23.775
25.5
24.5681
21.1919
21.0231
24.2037
25.6706
