25.9163
22.6406
24.41
27.08
26.8594
24.8444
22.045
24.0075
27.1369
27.4975
24.8287
21.7906
23.455
26.355
26.8637
24.7881
21.8175
23.4775
26.0844
25.7112
22.8912
20.3031
22.53
25.6181
25.815
23.4106
21.1381
23.3556
26.2569
25.8163
22.5175
19.8456
22.0544
24.545
24.0925
21.4419
19.9131
22.8394
25.565
25.0119
21.5275
19.4481
21.9319
24.325
24.1756
21.4119
20.005
23.0356
25.3706
25.0931
21.9237
20.2625
22.8119
25.2244
24.8381
21.6325
20.2162
23.0944
25.2331
24.7425
21.5162
20.0944
22.5344
24.6606
24.3025
20.7906
19.965
23.1681
25.2425
24.39
20.855
19.9575
23.08
25.0413
24.0494
20.5544
20.2081
23.6013
25.4175
24.0925
20.0738
20.0237
23.3888
24.8038
23.975
20.6931
20.5587
23.5369
24.9119
24.0963
20.4856
20.43
23.7963
25.2681
23.9725
20.15
20.1775
23.8025
25.8188
24.6325
20.7525
21.0581
24.5044
25.6581
24.1694
20.3019
20.8675
24.1906
25.5938
24.2362
20.3775
20.535
23.3588
24.2181
22.8006
19.6137
20.7269
24.3762
25.2213
23.1569
19.5669
20.95
24.1006
24.7325
22.9731
19.4594
21.0619
24.7756
25.48
23.6444
20.1794
21.4081
24.8881
25.2406
22.665
18.7131
20.2456
24.2194
25.1537
23.1825
19.8038
21.3738
24.6206
25.0975
23.0388
19.7275
21.0556
24.3994
24.8962
22.78
20.0181
22.1694
25.3813
25.2675
22.8956
19.9838
21.7812
24.7963
25.1881
23.0312
19.9406
21.5862
24.4169
24.7112
22.5669
19.7831
22.4713
25.9737
25.5906
22.4094
19.675
21.9219
24.7306
24.5038
21.8656
19.7013
22.0744
24.735
24.3306
21.23
18.725
21.2987
24.4281
24.3212
21.5344
19.5769
22.3106
25.0919
24.4206
21.4625
19.5425
22.1719
24.7681
24.4094
21.5119
19.8463
22.5356
25.065
24.4213
21.2619
19.8831
22.7081
24.79
24.0212
20.8069
19.2675
21.9331
24.7344
24.7263
21.76
20.7344
23.9194
26.3931
26.2312
23.83
24.1325
28.5225
31.8006
31.8944
29.6856
29.2031
31.7294
33.9813
34.0806
31.6069
31.2144
33.7881
35.4175
34.6525
31.3975
30.6025
32.9594
34.4344
33.9856
31.0369
30.2656
32.1425
33.3431
32.5631
29.2794
28.4363
30.55
32.2081
31.4631
28.0512
28.1825
31.5212
33.295
32.5731
29.3006
29.1794
32.0456
33.2812
32.0712
28.5763
28.6544
31.5963
33.3
33.1587
31.4062
33.8444
37.6844
38.5625
36.425
32.445
31.8637
33.93
34.4113
32.8369
29.1019
28.4525
30.9056
31.3687
29.8594
26.8894
27.46
30.1669
30.86
29.28
25.6044
25.5669
27.6525
27.0925
24.6675
20.7437
21.35
23.8525
23.8331
21.8244
18.5956
19.9638
22.8969
23.39
21.7512
18.5613
20.1088
23.6625
24.3562
22.2681
18.8694
20.1062
23.2237
23.5113
21.1962
18.2769
20.1744
23.4312
24.6038
22.4619
19.045
20.6256
23.8637
24.3337
22.0813
19.4244
21.7444
24.7763
24.5281
21.8569
19.4625
21.9713
24.8925
24.6025
21.7131
19.1431
21.4156
24.3931
24.2569
21.1625
18.8706
21.3612
24.1981
23.8687
21.09
19.0263
21.6494
24.35
24.3181
21.3006
19.2787
21.4325
23.7044
23.475
20.71
19.2213
21.8337
24.0069
23.73
20.9606
19.8212
22.8113
24.9444
24.0562
20.4962
19.1962
21.8825
24.3331
24.1144
20.7069
19.1169
21.6438
23.6238
22.7506
19.2819
18.5769
21.7081
23.6875
23.1819
19.9869
19.75
23.0094
24.7744
23.8188
20.4662
20.13
23.1675
25.1062
24.2462
20.4962
19.9256
22.77
24.1513
23.0556
19.4981
18.9775
22.1656
23.5063
22.1388
18.4944
18.9219
22.4312
23.8994
