24.6219
20.9475
20.8419
24.2419
26.1988
25.2081
21.2394
20.9581
24.2519
26.0181
25.5031
22.4094
22.5294
25.2494
26.2937
25.185
21.5525
21.5606
24.5819
25.3612
23.8219
20.8506
21.415
24.3637
25.5006
24.5162
21.0663
21.7937
24.74
25.475
24.1375
21.2206
22.5194
25.6925
26.4906
24.7419
21.065
21.9219
25.3313
26.1156
24.4875
21.2319
22.3163
25.2112
25.5675
23.6769
20.7362
22.5506
25.875
26.3087
24.2956
20.7575
22.1137
25.6669
26.3888
24.1944
20.7881
22.5494
25.4844
25.4531
23.375
20.2306
22.57
26.0475
26.3269
24.2219
21.7869
23.9081
26.4062
26.2594
23.9625
21.0144
23.0675
26.1762
25.9237
23.4563
21.04
23.565
26.2362
26.1269
24.0113
21.7812
24.1556
26.4681
25.7356
22.6994
20.9262
23.8469
26.8319
27.0969
23.9769
21.6006
24.4075
27.3881
27.4688
24.2206
21.825
24.2081
26.8019
26.1694
22.7419
20.9138
23.9612
26.4288
25.84
22.3931
20.9587
23.4294
25.5519
25.3856
22.4088
20.9363
23.6
25.6294
24.9319
21.8419
20.9788
24.4
27.0437
26.3263
22.7594
21.8212
24.6112
26.3231
25.3969
22.2575
21.9344
24.95
26.6119
25.82
22.4638
21.5944
24.0712
25.5625
24.3594
20.7725
20.7444
24.2469
26.0994
25.1794
21.8612
21.9763
25.0338
26.7631
25.7269
22.3325
22.6088
25.7225
26.7775
25.0831
21.1288
21.5844
24.6687
25.4456
24.0144
20.7213
21.5175
24.6525
25.7519
24.3631
20.8513
21.9638
25.4725
26.2506
24.4231
21.1337
22.2256
25.2081
25.6081
23.7706
20.4638
21.8675
25.2731
26.1144
24.5656
21.4175
22.995
26.0694
26.3269
24.5388
22
23.7625
26.9875
27.095
24.5138
20.6356
22.31
25.4312
25.4112
22.5437
19.5775
21.9369
24.8775
24.7406
22.1812
19.5325
21.7644
24.5819
24.5969
21.7694
19.0081
21.3869
24.3156
24.2963
21.7481
20.1569
22.7731
25.2963
24.8175
21.6713
19.61
22.0344
24.4237
24.0344
21.2888
19.8637
22.4394
24.6713
24.4094
21.3231
19.8306
22.5
24.6212
24.2237
21.0175
20.02
22.7712
24.7712
23.9163
20.2025
19.7913
23.1013
25.2594
24.4725
20.9281
20.5306
23.7512
25.3606
24.3637
20.8356
20.4356
23.4331
25.2306
24.4956
20.7263
20.435
23.545
25.0888
23.9806
20.1294
20.4181
23.7362
24.7763
23.4481
19.9344
20.2594
23.2769
24.3156
23.0706
19.5069
20.1356
23.9387
25.3931
23.6831
19.8831
20.6606
24.1337
25.29
23.3588
19.7481
20.8519
24.4606
25.0819
23.0219
19.585
21.0237
24.5138
25.2306
22.9794
19.1438
20.7719
24.4775
25.0663
22.8637
20.275
22.4756
25.7044
26.0519
23.9462
21.3837
23.225
25.8281
25.5987
22.8588
20.0463
22.2056
25.2662
25.2969
22.8725
20.4681
22.695
25.7844
25.9494
23.5125
20.8825
22.6575
25.1594
25.19
22.385
20.1938
22.9569
25.8912
26.0169
23.4138
22.13
24.8969
27.2225
26.6106
23.5463
22.1794
25.1887
28.09
27.8594
25.4594
24.9013
28.0344
30.48
29.1631
24.6537
22.305
24.1487
25.3994
23.9175
20.1819
19.495
22.9075
25.1194
24.5281
21.1994
20.6537
23.5763
25.0575
24.2569
20.6075
19.8275
23.0888
24.9788
24.4112
21.4469
22.1706
26.0181
28.2488
28.2731
26.065
26.8356
29.9363
31.3912
30.845
28.8581
29.7394
32.8569
34.4625
33.8644
30.7975
30.8556
33.4562
34.3131
32.7781
29.1606
28.9194
30.3119
30.8156
29.1619
25.8962
26.7344
29.6431
30.0138
28.0019
24.775
25.7369
29.1081
29.9438
27.8294
24.1719
24.7675
27.3069
27.7644
25.7956
22.7175
24.0987
27.2087
27.9319
