22.845
19.5825
19.7444
22.85
24.2769
23.1694
19.5281
19.7944
22.9331
24.1994
23.3856
20.2656
21.1419
24.4394
25.5463
24.3813
21.0931
21.61
24.3169
25.2338
24.7619
22.9075
24.9831
29.0263
30.8113
29.985
26.9331
27.1044
29.6856
29.0544
26.9444
24.6956
26.8756
31.0356
32.4763
32.0944
30.7025
32.0444
34.7863
34.8862
32.2325
28.2231
28.5744
30.8425
30.58
28.315
25.4925
26.5775
29.2906
29.4756
27.3038
24.385
25.8875
28.7
28.7856
26.7531
24.2469
25.8975
28.7812
28.7806
26.5025
24.2838
26.1281
28.74
28.6231
25.9775
23.685
25.3325
27.7063
27.3412
24.9569
23.1625
25.5362
28.2781
27.8556
24.9469
23.0994
25.2488
27.6525
27.2669
24.53
22.5912
25.0787
27.8919
27.6894
24.79
23.1475
25.2569
27.38
27.02
23.92
21.9838
24.2956
26.5837
26.0188
22.9531
21.8588
24.7112
26.67
25.6425
22.5181
21.3362
23.8981
25.7319
25.3538
22.4306
21.3712
23.8731
26.05
25.7906
22.4681
21.2488
23.9794
25.8863
25.1412
21.885
20.96
23.5494
25.5356
25.1075
21.8431
21.2369
24.2444
25.7963
24.9537
21.3506
20.6006
23.5631
25.4806
24.53
20.7937
20.3669
23.4644
25.0394
23.6669
19.9988
19.4563
22.2775
23.8163
22.915
19.4937
18.9575
21.88
23.5837
22.6481
19.1075
19.2112
22.5481
24.1238
22.9406
18.9325
18.7688
21.9537
23.4294
22.2188
18.5106
18.6975
22.0344
23.8244
23.0519
19.7981
19.9606
23.0275
24.1119
22.7375
18.9706
19.5281
22.9531
24.1088
22.7437
18.8894
19.3775
22.9756
24.3819
23.1594
19.3287
19.5206
22.7894
24.1769
22.9444
19.4413
20.1369
23.5494
24.7144
23.4469
19.9213
20.5269
23.61
24.4913
22.6769
18.975
19.4144
22.4713
23.655
22.1819
18.6056
19.2844
22.4481
23.2531
21.65
17.9381
18.4919
21.7162
22.6094
20.7281
17.0463
18.1212
21.6337
22.35
20.7469
17.3844
18.6106
21.5562
21.995
20.1206
16.8156
18.2662
21.8156
22.4769
20.5362
17.2037
18.7394
21.8581
22.4581
20.7306
17.475
18.9206
22.2119
22.6569
20.5987
17.3731
18.7538
21.9019
22.5306
20.79
17.7638
19.4563
22.4725
22.295
19.905
16.82
18.7013
22.1913
22.6775
20.3956
16.9413
18.8012
21.9994
22.2975
20.4194
17.6525
19.6256
22.7531
23.0256
20.67
17.6319
19.58
22.8762
22.9838
20.7288
17.7156
19.4744
22.4375
22.3925
20.1875
17.5888
19.6131
22.5081
22.7913
20.6369
17.7956
19.7275
22.6856
22.5587
20.0644
17.5987
19.9981
22.6313
22.48
19.875
17.635
20.1756
23.3813
23.2619
20.5138
18.1462
20.5406
23.3919
23.4356
20.5538
18.0587
20.2819
23.0875
22.8969
20.0206
18.0144
20.3912
23.0056
22.9
20.1494
18.2731
20.7712
23.3431
22.8412
19.9744
18.0219
20.625
23.4237
23.3431
20.4719
18.405
20.5837
22.9625
22.8644
20.0319
18.5212
21.2587
23.6906
22.9956
19.6681
17.8731
20.4525
23.2
22.6506
19.2869
17.7106
20.6244
23.1062
22.8425
19.6681
17.9794
20.6337
22.8263
22.1469
18.9206
17.4725
20.4119
22.7206
22.15
18.8094
17.5806
20.5463
22.8863
22.7413
19.9819
18.6531
21.2862
23.3469
22.5275
18.8069
17.6212
20.8837
23.3762
22.6144
18.9088
17.6494
20.7194
22.9119
22.31
19.0212
18.0663
20.7131
22.7025
22.0725
18.76
17.7069
20.6337
22.6319
22.1181
18.8813
18.1988
21.1569
23.22
22.5006
19.1513
18.3131
21.1487
23.0506
22.4125
18.8813
18.3319
21.2013
22.9569
22.11
18.57
17.8956
21.0169
22.9006
22.2194
18.9169
18.2556
21.2106
