
TIME STEP:
125 = 0.2ms

VOLTAGE STEP:
CH1:  32 = 0.15V
CH2:  32 = 5V
GND	58	128
N	CH1	CH2

0	133	129
1	129	129
2	127	129
3	126	129
4	127	129
5	129	130
6	131	129
7	134	129
8	133	130
9	131	129
10  129	129
11	128	129
12	129	129
13	131	129
14	134	130
15	133	129
16	132	129
17	131	129
18	133	129
19	135	130
20	137	129
21	135	129
22	133	129
23	135	130
24	138	129
25	136	129
26	136	129
27	134	130
28	135	129
29	133	129
30	135	130
31	137	129
32	140	129
33	141	129
34	141	129
35	139	129
36	137	129
37	135	129
38	135	129
39	135	130
40	137	130
41	137	130
42	139	129
43	139	129
44	140	129
45	139	130
46	137	129
47	135	130
48	134	129
49	134	129
50	135	129
51	136	129
52	138	130
53	138	129
54	140	129
55	138	129
56	136	129
57	133	129
58	132	129
59	132	129
60	130	129
61	129	129
62	133	129
63	138	129
64	140	129
65	139	129
66	134	130
67	131	129
68	129	130
69	129	130
70	132	129
71	136	129
72	140	130
73	143	129
74	141	130
75	137	129
76	134	129
77	131	130
78	130	129
79	134	130
80	137	130
81	140	129
82	140	129
83	139	129
84	135	129
85	132	129
86	130	130
87	132	130
88	134	130
89	138	130
90	141	129
91	142	129
92	136	129
93	133	130
94	129	129
95	126	129
96	127	130
97	136	129
98	144	130
99	151	129
100	150	129
101	145	129
102	137	129
103	129	129
104	125	129
105	127	129
106	128	129
107	130	129
108	129	129
109	127	130
110	122	129
111	124	129
112	127	129
113	130	129
114	129	129
115	131	129
116	132	129
117	135	129
118	133	130
119	134	129
120	134	129
121	136	130
122	135	129
123	137	129
124	134	129
125	135	129
126	138	130
127	143	129
128	142	129
129	143	129
130	144	129
131	147	129
132	149	129
133	149	130
134	145	129
135	140	129
136	133	130
137	128	129
138	126	129
139	126	129
140	126	130
141	126	129
142	125	130
143	125	130
144	125	130
145	124	129
146	121	130
147	120	129
148	119	129
149	121	129
150	122	129
151	125	129
152	126	129
153	127	129
154	127	129
155	127	129
156	128	130
157	128	130
158	128	129
159	133	129
160	144	129
161	169	129
162	198	129
163	196	130
164	160	129
165	130	129
166	115	129
167	111	129
168	115	129
169	127	129
170	145	129
171	157	129
172	155	129
173	143	129
174	130	130
175	122	129
176	120	129
177	123	129
178	129	130
179	136	129
180	124	130
181	132	129
182	144	129
183	153	130
184	155	129
185	151	129
186	143	129
187	134	130
188	127	129
189	123	129
190	123	129
191	126	129
192	130	130
193	134	129
194	137	129
195	136	129
196	134	129
197	133	129
198	135	130
199	139	129
200	143	129
201	148	129
202	150	129
203	146	129
204	139	130
205	133	130
206	128	129
207	126	129
208	129	130
209	133	129
210	134	129
211	134	129
212	140	130
213	141	129
214	137	130
215	133	130
216	133	129
217	135	129
218	137	130
219	139	129
220	139	129
221	135	130
222	132	130
223	133	129
224	135	129
225	138	129
226	141	129
227	141	130
228	139	130
229	135	129
230	132	130
231	130	129
232	127	129
233	129	129
234	134	129
235	141	130
236	145	129
237	144	130
238	140	130
239	135	130
240	132	129
241	131	129
242	132	129
243	135	130
244	139	129
245	141	129
246	141	129
247	138	129
248	135	130
249	132	130
250	132	129
251	134	129
252	137	129
253	139	129
254	139	129
255	139	129
256	137	129
257	135	130
258	133	129
259	134	129
260	134	129
261	135	129
262	138	130
263	139	130
264	139	129
265	140	130
266	142	129
267	142	130
268	141	130
269	135	129
270	131	130
271	129	129
272	127	129
273	128	129
274	132	129
275	137	129
276	140	130
277	139	129
278	135	129
279	139	129
280	147	129
281	153	130
282	155	129
283	147	129
284	132	130
285	120	129
286	119	129
287	122	129
288	124	129
289	123	129
290	125	129
291	132	129
292	130	129
293	127	129
294	131	129
295	131	129
296	134	129
297	136	130
298	139	129
299	146	129
300	151	129
301	150	129
302	145	130
303	135	129
304	129	129
305	127	129
306	129	129
307	133	130
308	138	129
309	141	129
310	141	130
311	138	130
312	136	129
313	134	129
314	134	129
315	133	129
316	133	129
317	134	129
318	132	129
319	130	129
320	129	130
321	127	129
322	127	130
323	127	130
324	125	129
325	124	129
326	124	129
327	123	129
328	125	129
329	127	129
330	128	129
331	131	130
332	133	129
333	133	129
334	133	129
335	131	129
336	128	129
337	129	129
338	130	130
339	130	129
340	131	129
341	131	129
342	130	129
343	130	130
344	132	130
345	130	130
346	128	129
347	126	130
348	128	129
349	130	130
350	133	130
351	132	129
352	133	129
353	133	129
354	133	129
355	132	129
356	134	129
357	136	130
358	137	129
359	137	130
360	135	129
361	136	130
362	134	129
363	134	130
364	135	130
365	137	129
366	137	130
367	135	129
368	131	129
369	134	129
370	137	129
371	139	129
372	142	129
373	142	129
374	139	129
375	139	129
376	138	129
377	137	129
378	137	129
379	138	129
380	138	129
381	139	129
382	136	129
383	134	129
384	134	129
385	135	129
386	136	130
387	140	129
388	139	129
389	136	129
390	134	129
391	132	129
392	130	129
393	133	129
394	135	129
395	136	129
396	137	130
397	137	129
398	135	129
399	135	130
400	133	130
401	133	129
402	134	129
403	136	130
404	138	129
405	141	129
406	138	129
407	136	129
408	133	129
409	131	130
410	130	130
411	132	129
412	133	129
413	135	129
414	138	129
415	139	129
416	139	129
417	138	129
418	135	129
419	135	130
420	133	130
421	132	129
422	131	129
423	129	129
424	129	129
425	135	130
426	140	130
427	143	130
428	143	130
429	141	129
430	136	129
431	132	129
432	128	129
433	126	129
434	129	129
435	136	129
436	143	129
437	148	130
438	143	129
439	135	130
440	130	129
441	126	129
442	127	130
443	134	129
444	141	129
445	149	129
446	154	130
447	146	129
448	132	129
449	123	129
450	119	129
451	123	129
452	126	129
453	129	130
454	130	129
455	128	129
456	123	130
457	123	130
458	128	129
459	129	129
460	133	130
461	138	130
462	137	129
463	138	129
464	135	130
465	131	130
466	132	130
467	134	129
468	136	129
469	141	130
470	138	129
471	136	129
472	139	129
473	142	129
474	144	129
475	148	130
476	147	129
477	149	129
478	148	129
479	142	129
480	136	129
481	131	129
482	127	129
483	127	129
484	126	130
485	125	130
486	125	130
487	126	129
488	125	130
489	127	130
490	125	129
491	123	129
492	122	130
493	121	130
494	120	130
495	124	130
496	125	130
497	125	130
498	126	129
499	127	129
500	127	129
501	129	130
502	129	130
503	136	130
504	148	129
505	169	129
506	190	129
507	184	130
508	158	129
509	138	129
510	126	129
511	121	130
512	121	129
513	127	129
514	135	130
515	146	130
516	149	129
517	144	129
518	136	129
519	121	129
520	110	130
521	117	130
522	127	129
523	142	129
524	150	129
525	143	130
526	138	130
527	139	129
528	139	129
529	141	129
530	143	129
531	140	130
532	135	130
533	129	130
534	123	130
535	123	129
536	126	130
537	131	130
538	136	130
539	141	129
540	142	130
541	144	129
542	142	129
543	140	129
544	139	130
545	136	130
546	136	129
547	138	129
548	137	129
549	137	129
550	137	129
551	135	129
552	133	129
553	134	129
554	133	130
555	133	130
556	123	129
557	123	130
558	133	130
559	143	129
560	146	129
561	148	130
562	144	130
563	138	129
564	133	129
565	131	130
566	130	130
567	134	130
568	137	130
569	136	129
570	135	129
571	137	129
572	140	130
573	143	129
574	141	129
575	138	129
576	135	129
577	129	129
578	127	129
579	131	129
580	136	130
581	143	129
582	146	129
583	144	130
584	139	129
585	133	129
586	127	130
587	127	129
588	129	129
589	131	129
590	138	129
591	141	130
592	142	129
593	142	130
594	139	129
595	135	130
596	133	129
597	131	129
598	132	129
599	136	130
600	138	129
601	139	129
602	138	129
603	135	129
604	135	129
605	137	130
606	139	129
607	145	129
608	149	130
609	144	129
610	139	130
611	136	130
612	132	129
613	130	129
614	129	130
615	128	129
616	128	130
617	125	129
618	125	129
619	133	130
620	139	129
621	137	129
622	137	130
623	134	129
624	136	129
625	146	130
626	158	129
627	169	129
628	170	129
629	148	129
630	127	129
631	119	129
632	119	129
633	120	129
634	124	129
635	125	129
636	130	130
637	134	129
638	138	129
639	145	129
640	149	129
641	145	130
642	140	129
643	134	129
644	128	129
645	125	130
646	124	129
647	126	129
648	133	129
649	136	129
650	136	130
651	135	130
652	133	129
653	131	130
654	131	130
655	130	130
656	129	130
657	132	130
658	135	129
659	137	130
660	141	130
661	141	129
662	139	129
663	137	129
664	135	130
665	133	129
666	132	130
667	130	129
668	130	130
669	133	129
670	132	129
671	131	129
672	130	129
673	128	129
674	130	130
675	131	129
676	129	129
677	129	130
678	129	130
679	129	129
680	128	129
681	129	129
682	129	129
683	130	129
684	130	129
685	131	129
686	135	130
687	135	129
688	130	129
689	127	130
690	124	129
691	127	129
692	132	130
693	133	130
694	132	129
695	133	129
696	133	129
697	130	129
698	127	130
699	125	130
700	125	130
701	131	129
702	134	129
703	134	129
704	135	129
705	135	129
706	135	130
707	136	129
708	134	129
709	132	129
710	132	129
711	132	129
712	134	129
713	137	129
714	136	129
715	136	130
716	136	129
717	135	130
718	135	129
719	136	130
720	135	129
721	137	129
722	139	129
723	139	129
724	139	129
725	139	130
726	135	129
727	133	129
728	133	129
729	135	129
730	138	129
731	140	129
732	138	129
733	137	130
734	134	129
735	133	129
736	134	129
737	135	129
738	137	129
739	141	129
740	141	129
741	139	129
742	137	129
743	134	129
744	131	129
745	132	129
746	128	129
747	130	129
748	136	129
749	143	129
750	147	129
751	146	129
752	137	129
753	130	130
754	125	129
755	125	129
756	130	130
757	136	129
758	139	129
759	142	129
760	141	129
761	138	130
762	135	129
763	133	129
764	132	129
765	134	130
766	135	129
767	137	130
768	139	130
769	137	129
770	137	130
771	137	129
772	135	130
773	133	130
774	133	130
775	132	130
776	126	130
777	127	129
778	131	130
779	140	129
780	145	129
781	146	129
782	143	129
783	135	129
784	128	129
785	127	129
786	128	129
787	132	129
788	139	129
789	142	130
790	138	129
791	134	129
792	130	130
793	131	129
794	137	129
795	147	130
796	153	129
797	147	130
798	133	129
799	124	130
800	119	129
801	118	129
802	123	129
803	127	129
804	125	130
805	126	129
806	129	129
807	128	130
808	133	129
809	133	130
810	131	129
811	135	130
812	136	129
813	135	130
814	137	129
815	134	129
816	135	129
817	137	130
818	137	130
819	137	130
820	140	130
821	139	130
822	141	129
823	143	130
824	145	130
825	146	130
826	148	130
827	146	130
828	147	130
829	143	129
830	136	130
831	129	130
832	124	130
833	120	130
834	123	130
835	123	130
836	125	129
837	126	130
838	125	129
839	123	129
840	125	129
841	123	130
842	125	129
843	127	130
844	124	129
845	122	130
846	122	130
847	120	129
848	124	129
849	129	130
850	132	129
851	134	129
852	135	129
853	139	129
854	153	129
855	176	129
856	191	129
857	176	129
858	150	129
859	128	129
860	120	129
861	116	129
862	120	129
863	130	129
864	143	129
865	153	129
866	154	129
867	139	129
868	117	129
869	114	130
870	118	129
871	129	130
872	143	130
873	149	129
874	150	129
875	132	129
876	128	129
877	130	129
878	137	130
879	144	130
880	149	129
881	145	129
882	137	129
883	130	129
884	123	129
885	122	129
886	126	129
887	129	129
888	136	130
889	142	129
890	143	129
891	142	129
892	141	129
893	138	129
894	139	129
895	139	130
896	138	130
897	134	130
898	133	129
899	134	129
900	139	130
901	141	129
902	141	129
903	141	129
904	136	129
905	131	129
906	129	129
907	123	130
908	122	129
909	128	129
910	134	129
911	140	129
912	150	129
913	151	129
914	145	129
915	134	130
916	124	129
917	122	129
918	127	130
919	134	130
920	145	130
921	151	130
922	148	129
923	138	129
924	129	129
925	124	129
926	126	129
927	131	129
928	139	130
929	147	130
930	148	129
931	143	130
932	137	129
933	130	129
934	126	129
935	127	129
936	130	130
937	135	129
938	144	129
939	147	130
940	145	129
941	141	129
942	133	129
943	129	129
944	129	129
945	130	129
946	135	129
947	140	129
948	143	129
949	144	129
950	143	129
951	137	129
952	133	130
953	125	129
954	123	130
955	129	129
956	138	130
957	145	129
958	150	129
959	147	129
960	140	129
961	135	129
962	131	130
963	130	129
964	135	130
965	141	129
966	146	130
967	147	130
968	141	129
969	133	130
970	130	129
971	130	130
972	132	129
973	133	130
974	134	129
975	136	130
976	144	129
977	150	130
978	151	130
979	144	129
980	135	129
981	127	130
982	124	129
983	121	129
984	120	129
985	118	129
986	120	129
987	126	129
988	129	130
989	126	129
990	128	129
991	134	129
992	135	129
993	137	130
994	136	129
995	133	129
996	133	129
997	132	130
998	135	129
999	142	130
1000	149	129
1001	149	129
1002	150	129
1003	147	129
1004	145	129
1005	142	129
1006	139	129
1007	135	130
1008	135	129
1009	133	129
1010	132	129
1011	131	130
1012	130	129
1013	128	129
1014	131	129
1015	128	129
1016	128	129
1017	127	129
1018	126	129
1019	124	129
1020	126	129
1021	126	129
1022	127	129
1023	127	129
1024	127	129
1025	127	129
1026	128	129
1027	125	129
1028	126	129
1029	126	129
1030	127	129
1031	129	129
1032	131	129
1033	125	130
1034	125	129
1035	129	129
1036	131	129
1037	132	129
1038	133	129
1039	130	129
1040	131	129
1041	129	130
1042	128	129
1043	129	130
1044	128	129
1045	125	129
1046	128	129
1047	131	129
1048	139	129
1049	143	129
1050	142	129
1051	135	129
1052	134	129
1053	133	129
1054	135	129
1055	137	129
1056	136	129
1057	133	129
1058	136	129
1059	135	129
1060	135	130
1061	136	129
1062	136	129
1063	138	129
1064	142	129
1065	140	129
1066	140	130
1067	140	130
1068	138	130
1069	136	130
1070	138	129
1071	137	129
1072	139	129
1073	141	130
1074	139	129
1075	137	129
1076	134	129
1077	130	130
1078	134	130
1079	138	129
1080	141	129
1081	143	129
1082	140	130
1083	132	130
1084	130	129
1085	126	129
1086	125	130
1087	128	129
1088	132	130
1089	135	129
1090	139	130
1091	140	130
1092	137	130
1093	135	130
1094	134	129
1095	135	130
1096	138	130
1097	138	129
1098	138	129
1099	138	130
1100	135	129
1101	133	129
1102	132	129
1103	127	130
1104	129	130
1105	136	129
1106	141	129
1107	145	129
1108	145	129
1109	139	129
1110	134	129
1111	131	130
1112	129	129
1113	131	129
1114	135	129
1115	139	129
1116	143	130
1117	145	130
1118	140	129
1119	136	129
1120	131	130
1121	128	130
1122	130	129
1123	134	129
1124	136	129
1125	135	129
1126	134	129
1127	135	130
1128	138	129
1129	139	129
1130	136	129
1131	134	129
1132	131	129
1133	130	129
1134	134	129
1135	136	129
1136	138	130
1137	141	129
1138	141	129
1139	138	129
1140	135	129
1141	129	129
1142	127	130
1143	132	129
1144	137	129
1145	143	129
1146	147	129
1147	146	129
1148	143	130
1149	143	130
1150	141	130
1151	140	129
1152	135	130
1153	126	129
1154	121	129
1155	117	130
1156	115	130
1157	120	129
1158	121	129
1159	124	129
1160	127	130
1161	127	129
1162	128	129
1163	131	129
1164	133	130
1165	134	129
1166	135	130
1167	138	129
1168	136	130
1169	138	130
1170	139	129
1171	137	129
1172	137	129
1173	140	129
1174	140	129
1175	144	129
1176	145	130
1177	147	129
1178	149	130
1179	149	129
1180	145	130
1181	144	130
1182	139	129
1183	133	130
1184	127	129
1185	123	130
1186	120	130
1187	123	130
1188	124	130
1189	125	129
1190	128	129
1191	128	129
1192	126	129
1193	127	129
1194	123	129
1195	120	129
1196	119	129
1197	117	130
1198	118	130
1199	124	130
1200	129	130
1201	135	130
1202	136	129
1203	132	129
1204	129	129
1205	131	130
1206	136	130
1207	161	129
1208	199	129
1209	206	129
1210	166	130
1211	131	129
1212	109	129
1213	104	130
1214	107	129
1215	118	129
1216	139	129
1217	160	130
1218	160	129
1219	148	130
1220	131	130
1221	120	129
1222	117	129
1223	119	130
1224	124	130
1225	138	130
1226	147	130
1227	149	130
1228	146	130
1229	139	129
1230	133	130
1231	135	130
1232	137	130
1233	137	129
1234	137	130
1235	133	129
1236	130	129
1237	129	130
1238	124	129
1239	124	130
1240	128	130
1241	133	129
1242	139	129
1243	147	130
1244	147	129
1245	147	130
1246	145	129
1247	140	130
1248	136	130
1249	136	129
1250	134	130
1251	136	130
1252	137	129
1253	136	130
1254	136	130
1255	134	129
1256	130	130
1257	122	130
1258	125	129
1259	135	129
1260	149	129
1261	156	129
1262	151	129
1263	142	130
1264	131	130
1265	121	130
1266	118	130
1267	119	130
1268	127	129
1269	142	129
1270	154	129
1271	157	129
1272	149	130
1273	135	129
1274	125	129
1275	122	130
1276	121	129
1277	126	130
1278	137	129
1279	146	129
1280	151	129
1281	147	129
1282	136	129
1283	127	129
1284	124	130
1285	124	129
1286	130	130
1287	139	129
1288	145	129
1289	146	129
1290	145	129
1291	137	129
1292	131	129
1293	129	129
1294	128	129
1295	132	130
1296	139	129
1297	141	129
1298	143	129
1299	142	129
1300	139	129
1301	137	129
1302	137	129
1303	136	129
1304	138	129
1305	138	129
1306	135	129
1307	135	129
1308	139	129
1309	135	129
1310	134	130
1311	133	129
1312	133	130
1313	135	129
1314	136	129
1315	134	129
1316	136	129
1317	135	129
1318	133	130
1319	134	129
1320	138	129
1321	139	130
1322	141	130
1323	138	130
1324	138	129
1325	139	129
1326	139	130
1327	140	129
1328	148	130
1329	153	130
1330	163	130
1331	169	129
1332	161	130
1333	140	129
1334	126	130
1335	117	129
1336	120	129
1337	127	130
1338	136	129
1339	142	130
1340	144	129
1341	138	130
1342	134	130
1343	129	130
1344	127	130
1345	128	130
1346	132	130
1347	131	130
1348	133	129
1349	130	129
1350	128	129
1351	130	129
1352	133	130
1353	132	130
1354	134	129
1355	132	129
1356	131	129
1357	130	129
1358	130	129
1359	128	129
1360	132	129
1361	132	130
1362	134	129
1363	133	130
1364	132	129
1365	130	129
1366	133	129
1367	134	129
1368	136	129
1369	138	129
1370	138	129
1371	137	129
1372	140	130
1373	138	130
1374	138	130
1375	136	129
1376	134	130
1377	132	130
1378	132	129
1379	128	129
1380	130	129
1381	130	129
1382	131	129
1383	131	130
1384	131	129
1385	126	130
1386	127	130
1387	127	129
1388	128	130
1389	131	129
1390	132	129
1391	130	130
1392	134	129
1393	134	130
1394	132	130
1395	130	129
1396	129	129
1397	126	130
1398	131	129
1399	131	130
1400	131	129
1401	131	129
1402	132	129
1403	131	129
1404	132	130
1405	131	129
1406	133	129
1407	132	130
1408	131	130
1409	131	130
1410	132	129
1411	129	129
1412	132	129
1413	133	129
1414	134	130
1415	135	130
1416	136	129
1417	133	130
1418	134	129
1419	135	129
1420	136	129
1421	136	129
1422	136	130
1423	132	130
1424	132	130
1425	130	129
1426	131	129
1427	133	130
1428	134	129
1429	133	129
1430	138	129
1431	139	129
1432	139	130
1433	140	129
1434	139	129
1435	135	129
1436	137	129
1437	133	129
1438	133	129
1439	134	130
1440	136	129
1441	137	129
1442	141	129
1443	136	129
1444	135	130
1445	135	129
1446	134	130
1447	135	129
1448	139	129
1449	137	129
1450	139	130
1451	137	129
1452	135	129
1453	134	130
1454	135	130
1455	134	130
1456	139	129
1457	139	130
1458	139	130
1459	138	129
1460	136	129
1461	131	130
1462	133	129
1463	133	129
1464	133	129
1465	135	129
1466	137	129
1467	135	129
1468	139	129
1469	137	130
1470	137	129
1471	136	129
1472	134	130
1473	132	130
1474	135	129
1475	133	129
1476	135	129
1477	138	130
1478	138	129
1479	138	129
1480	139	129
1481	133	130
1482	133	129
1483	132	129
1484	133	130
1485	136	130
1486	140	130
1487	139	129
1488	141	130
1489	137	130
1490	133	130
1491	130	129
1492	129	130
1493	129	129
1494	137	130
1495	141	129
1496	143	130
1497	143	129
1498	140	129
1499	134	129
1500	135	129
1501	131	129
1502	130	129
1503	129	129
1504	133	129
1505	138	130
1506	147	129
1507	146	130
1508	143	130
1509	137	129
1510	137	129
1511	147	129
1512	155	129
1513	141	129
1514	131	129
1515	125	129
1516	118	129
1517	116	129
1518	120	130
1519	120	129
1520	125	129
1521	128	129
1522	128	129
1523	126	129
1524	125	130
1525	124	130
1526	129	130
1527	125	129
1528	128	129
1529	132	130
1530	135	130
1531	136	129
1532	140	129
1533	141	129
1534	144	129
1535	147	129
1536	150	129
1537	152	130
1538	155	130
1539	149	130
1540	145	129
1541	143	130
1542	136	129
1543	129	129
1544	127	129
1545	122	130
1546	124	130
1547	127	129
1548	129	129
1549	130	129
1550	129	129
1551	123	129
1552	121	130
1553	119	129
1554	118	129
1555	121	129
1556	125	129
1557	125	130
1558	129	129
1559	128	130
1560	125	129
1561	125	129
1562	126	129
1563	127	129
1564	134	129
1565	142	129
1566	157	129
1567	184	129
1568	197	129
1569	174	129
1570	144	129
1571	119	129
1572	110	129
1573	112	129
1574	120	129
1575	136	129
1576	154	129
1577	156	129
1578	150	129
1579	138	129
1580	126	129
1581	120	129
1582	120	129
1583	124	130
1584	135	129
1585	146	129
1586	150	129
1587	147	129
1588	139	129
1589	130	129
1590	130	129
1591	132	130
1592	138	130
1593	144	130
1594	141	129
1595	132	130
1596	127	129
1597	124	129
1598	122	129
1599	125	130
1600	128	130
1601	134	129
1602	142	130
1603	146	129
1604	149	130
1605	148	129
1606	142	129
1607	137	129
1608	135	129
1609	131	129
1610	132	129
1611	136	129
1612	138	130
1613	139	130
1614	139	130
1615	135	129
1616	133	130
1617	131	129
1618	130	130
1619	132	130
1620	133	129
1621	135	130
1622	141	129
1623	144	130
1624	141	130
1625	137	129
1626	132	129
1627	127	129
1628	128	129
1629	131	129
1630	134	129
1631	139	129
1632	139	130
1633	138	129
1634	140	129
1635	138	130
1636	136	129
1637	135	129
1638	133	129
1639	134	129
1640	136	129
1641	135	129
1642	135	130
1643	136	129
1644	135	129
1645	136	129
1646	135	129
1647	132	129
1648	133	129
1649	137	130
1650	139	129
1651	142	129
1652	141	130
1653	136	130
1654	134	130
1655	133	129
1656	131	130
1657	133	129
1658	135	129
1659	135	130
1660	135	129
1661	134	130
1662	134	129
1663	137	130
1664	139	130
1665	141	130
1666	141	129
1667	140	129
1668	136	130
1669	133	130
1670	131	130
1671	134	129
1672	140	130
1673	144	129
1674	145	130
1675	145	130
1676	141	130
1677	138	130
1678	135	130
1679	134	129
1680	134	129
1681	136	129
1682	132	130
1683	127	129
1684	126	130
1685	127	129
1686	133	129
1687	141	129
1688	141	130
1689	138	129
1690	135	130
1691	135	130
1692	140	129
1693	145	129
1694	145	129
1695	149	129
1696	154	129
1697	155	129
1698	145	129
1699	134	129
1700	125	130
1701	119	129
1702	119	129
1703	125	129
1704	130	129
1705	132	129
1706	134	129
1707	143	130
1708	148	129
1709	151	129
1710	151	129
1711	143	129
1712	131	129
1713	125	129
1714	121	129
1715	122	130
1716	126	130
1717	131	129
1718	134	129
1719	136	129
1720	130	129
1721	128	129
1722	125	129
1723	125	129
1724	127	129
1725	134	129
1726	137	130
1727	140	129
1728	138	129
1729	134	130
1730	132	130
1731	133	130
1732	133	129
1733	137	130
1734	139	129
1735	139	130
1736	138	129
1737	136	129
1738	132	129
1739	133	130
1740	132	129
1741	132	129
1742	133	129
1743	133	129
1744	130	130
1745	130	129
1746	128	129
1747	129	129
1748	129	130
1749	130	129
1750	129	129
1751	131	130
1752	129	130
1753	129	129
1754	128	129
1755	129	129
1756	130	130
1757	132	130
1758	131	130
1759	131	130
1760	129	130
1761	128	130
1762	127	130
1763	131	130
1764	133	129
1765	136	130
1766	133	129
1767	129	129
1768	129	129
1769	133	129
1770	132	130
1771	133	129
1772	129	129
1773	127	129
1774	128	129
1775	131	130
1776	130	129
1777	134	130
1778	135	129
1779	133	130
1780	133	129
1781	134	130
1782	134	130
1783	139	130
1784	138	129
1785	137	130
1786	134	129
1787	134	129
1788	131	129
1789	135	130
1790	134	129
1791	135	129
1792	137	129
1793	137	129
1794	135	129
1795	137	130
1796	135	129
1797	134	130
1798	134	130
1799	136	129
1800	135	130
1801	137	129
1802	136	129
1803	139	129
1804	139	130
1805	138	129
1806	136	129
1807	137	129
1808	133	129
1809	135	129
1810	137	130
1811	138	130
1812	140	129
1813	142	129
1814	137	129
1815	135	130
1816	134	129
1817	134	130
1818	137	129
1819	139	130
1820	137	130
1821	134	130
1822	132	130
1823	134	129
1824	139	129
1825	141	130
1826	136	130
1827	136	130
1828	133	129
1829	133	130
1830	133	129
1831	134	129
1832	134	130
1833	137	130
1834	135	130
1835	134	129
1836	132	129
1837	131	129
1838	132	129
1839	137	130
1840	137	130
1841	139	129
1842	140	129
1843	138	129
1844	136	130
1845	135	129
1846	131	129
1847	132	130
1848	134	130
1849	137	129
1850	140	130
1851	139	130
1852	132	129
1853	131	130
1854	132	130
1855	136	129
1856	141	129
1857	143	129
1858	139	129
1859	136	130
1860	132	129
1861	130	130
1862	133	130
1863	135	129
1864	134	130
1865	141	129
1866	144	129
1867	145	129
1868	146	129
1869	135	129
1870	129	129
1871	127	130
1872	123	129
1873	122	129
1874	125	130
1875	128	129
1876	129	129
1877	129	129
1878	127	130
1879	126	129
1880	130	130
1881	133	129
1882	139	129
1883	136	130
1884	128	129
1885	131	129
1886	135	130
1887	137	129
1888	138	130
1889	140	130
1890	141	129
1891	138	129
1892	134	130
1893	134	129
1894	136	130
1895	139	130
1896	140	130
1897	145	129
1898	150	129
1899	153	129
1900	154	129
1901	151	129
1902	142	129
1903	133	129
1904	124	129
1905	119	129
1906	121	129
1907	122	130
1908	126	130
1909	131	129
1910	131	130
1911	130	130
1912	128	129
1913	122	129
1914	119	129
1915	117	129
1916	117	129
1917	119	130
1918	124	130
1919	128	130
1920	130	129
1921	130	130
1922	127	130
1923	125	129
1924	125	129
1925	128	130
1926	139	130
1927	157	129
1928	188	130
1929	198	129
1930	168	130
1931	135	130
1932	117	129
1933	111	130
1934	114	130
1935	127	130
1936	146	130
1937	161	130
1938	161	129
1939	147	129
1940	132	129
1941	123	130
1942	120	129
1943	121	129
1944	127	130
1945	135	129
1946	144	130
1947	135	130
1948	135	130
1949	138	130
1950	145	129
1951	147	129
1952	145	129
1953	139	129
1954	131	129
1955	124	129
1956	123	129
1957	123	130
1958	127	130
1959	132	130
1960	137	130
1961	140	129
1962	145	130
1963	145	129
1964	145	130
1965	144	129
1966	140	129
1967	136	129
1968	134	129
1969	132	130
1970	132	129
1971	134	130
1972	136	129
1973	136	129
1974	137	129
1975	136	129
1976	138	129
1977	139	130
1978	139	129
1979	135	129
1980	131	130
1981	127	129
1982	131	129
1983	138	129
1984	143	129
1985	146	130
1986	145	129
1987	137	130
1988	131	129
1989	127	130
1990	125	129
1991	128	129
1992	135	130
1993	141	129
1994	147	129
1995	145	129
1996	138	129
1997	132	129
1998	127	130
1999	125	129
2000	131	130
2001	136	129
2002	141	129
2003	143	130
2004	140	130
2005	134	129
2006	133	129
2007	130	129
2008	131	129
2009	134	129
2010	136	129
2011	138	130
2012	140	129
2013	137	129
2014	135	129
2015	135	130
2016	134	129
2017	136	130
2018	138	129
2019	137	129
2020	137	130
2021	138	130
2022	138	130
2023	137	130
2024	135	130
2025	131	129
2026	133	130
2027	137	129
2028	140	130
2029	143	130
2030	142	130
2031	138	130
2032	137	130
2033	135	130
2034	135	130
2035	136	129
2036	138	129
2037	138	129
2038	140	130
2039	139	130
2040	139	129
2041	142	129
2042	142	129
2043	135	130
2044	131	130
2045	129	130
2046	130	130
2047	134	129
2048	139	130
2049	149	129
2050	155	129
2051	147	129
2052	132	129
2053	123	129
2054	121	129
2055	119	129
2056	125	129
2057	129	129
2058	124	130
2059	121	130
2060	124	129
2061	132	129
2062	134	129
2063	131	129
2064	129	130
2065	131	129
2066	131	130
2067	135	130
2068	135	129
2069	135	129
2070	135	129
2071	138	129
2072	141	130
2073	144	129
2074	148	130
2075	150	129
2076	149	129
2077	146	130
2078	142	129
2079	139	129
2080	133	130
2081	129	130
2082	129	129
2083	129	129
2084	129	130
2085	129	129
2086	128	130
2087	126	130
2088	125	130
2089	124	130
2090	125	129
2091	128	130
2092	131	130
2093	135	130
2094	139	130
2095	138	129
2096	133	130
2097	129	130
2098	123	130
2099	120	130
2100	120	130
2101	123	129
2102	127	129
2103	133	129
2104	136	129
2105	135	130
2106	132	129
2107	128	130
2108	128	129
2109	135	129
2110	137	129
2111	134	129
2112	130	130
2113	127	129
2114	127	130
2115	130	129
2116	130	129
2117	132	129
2118	133	130
2119	133	130
2120	133	130
2121	136	130
2122	137	129
2123	137	129
2124	136	130
2125	134	129
2126	133	129
2127	134	129
2128	134	129
2129	137	130
2130	138	129
2131	138	130
2132	137	130
2133	137	129
2134	136	129
2135	139	129
2136	138	129
2137	138	129
2138	139	130
2139	138	129
2140	135	129
2141	136	129
2142	136	130
2143	136	129
2144	138	130
2145	140	129
2146	139	130
2147	141	129
2148	137	129
2149	135	129
2150	134	129
2151	133	129
2152	135	129
2153	138	129
2154	137	129
2155	137	129
2156	137	129
2157	134	130
2158	132	129
2159	133	130
2160	131	129
2161	133	130
2162	136	129
2163	136	129
2164	135	130
2165	135	130
2166	133	130
2167	135	129
2168	135	129
2169	135	129
2170	136	130
2171	137	130
2172	135	129
2173	136	130
2174	137	129
2175	135	129
2176	136	130
2177	135	130
2178	134	129
2179	135	129
2180	135	130
2181	134	130
2182	135	129
2183	136	130
2184	137	130
2185	137	130
2186	134	130
2187	133	130
2188	133	129
2189	133	130
2190	131	129
2191	131	129
2192	131	129
2193	135	129
2194	142	130
2195	146	129
2196	146	129
2197	142	130
2198	135	129
2199	131	129
2200	129	130
2201	129	130
2202	132	130
2203	137	130
2204	137	129
2205	137	129
2206	135	129
2207	133	130
2208	133	129
2209	136	129
2210	136	129
2211	137	130
2212	134	129
2213	129	129
2214	129	130
2215	133	129
2216	139	129
2217	147	129
2218	150	130
2219	147	129
2220	142	129
2221	138	130
2222	137	129
2223	137	129
2224	134	130
2225	130	129
2226	126	129
2227	123	129
2228	121	129
2229	121	129
2230	122	129
2231	122	129
2232	124	129
2233	124	130
2234	127	130
2235	133	129
2236	133	129
2237	131	129
2238	138	130
2239	141	129
2240	144	130
2241	142	130
2242	136	130
2243	134	130
2244	137	129
2245	139	130
2246	141	130
2247	143	130
2248	140	129
2249	139	130
2250	144	130
2251	150	129
2252	152	129
2253	149	129
2254	138	129
2255	127	129
2256	122	129
2257	117	129
2258	120	129
2259	124	129
2260	129	129
2261	132	129
2262	133	129
2263	127	129
2264	122	129
2265	119	129
2266	117	129
2267	117	129
2268	120	129
2269	122	129
2270	126	129
2271	127	129
2272	127	129
2273	129	129
2274	129	130
2275	127	129
2276	133	129
2277	136	129
2278	134	129
2279	135	129
2280	151	129
2281	188	129
2282	211	130
2283	179	129
2284	139	129
2285	115	129
2286	105	129
2287	105	130
2288	117	130
2289	135	129
2290	157	130
2291	166	130
2292	156	129
2293	135	129
2294	121	129
2295	113	129
2296	112	129
2297	119	129
2298	128	130
2299	130	129
2300	146	129
2301	157	129
2302	156	129
2303	145	129
2304	137	129
2305	131	129
2306	128	130
2307	126	129
2308	128	129
2309	130	129
2310	133	129
2311	136	130
2312	136	130
2313	135	129
2314	136	130
2315	137	129
2316	138	130
2317	141	129
2318	142	129
2319	140	130
2320	140	130
2321	137	129
2322	134	129
2323	132	129
2324	132	130
2325	135	129
2326	139	130
2327	140	130
2328	139	130
2329	137	129
2330	132	130
2331	130	130
2332	133	130
2333	134	130
2334	137	130
2335	137	129
2336	132	130
2337	131	129
2338	133	130
2339	133	129
2340	134	129
2341	137	130
2342	138	129
2343	139	129
2344	140	129
2345	138	130
2346	138	129
2347	138	130
2348	137	130
2349	137	129
2350	136	129
2351	135	130
2352	135	129
2353	137	130
2354	136	130
2355	135	130
2356	134	130
2357	133	129
2358	134	129
2359	134	129
2360	134	129
2361	137	130
2362	141	129
2363	143	130
2364	144	130
2365	143	129
2366	140	129
2367	139	129
2368	138	129
2369	138	130
2370	137	130
2371	135	130
2372	129	129
2373	127	129
2374	131	129
2375	134	129
2376	136	129
2377	133	129
2378	129	130
2379	132	129
2380	136	129
2381	138	129
2382	138	129
2383	137	129
2384	138	130
2385	139	130
2386	136	129
2387	137	130
2388	141	130
2389	145	130
2390	146	130
2391	153	129
2392	157	130
2393	161	129
2394	162	129
2395	153	129
2396	141	129
2397	131	129
2398	124	129
2399	121	129
2400	119	129
2401	121	129
2402	125	129
2403	130	129
2404	133	129
2405	134	129
2406	132	130
2407	128	129
2408	127	129
2409	131	129
2410	134	129
2411	134	129
2412	133	129
2413	137	129
2414	134	130
2415	135	130
2416	134	130
2417	132	129
2418	129	129
2419	132	129
2420	134	130
2421	136	129
2422	128	130
2423	127	129
2424	128	129
2425	131	129
2426	135	129
2427	135	129
2428	129	129
2429	130	130
2430	129	129
2431	132	129
2432	137	130
2433	137	129
2434	133	130
2435	132	130
2436	132	129
2437	131	129
2438	133	129
2439	134	129
2440	135	129
2441	137	129
2442	137	129
2443	136	130
2444	138	129
2445	140	130
2446	140	130
2447	140	130
2448	140	130
2449	141	129
2450	141	130
2451	141	130
2452	139	129
2453	135	130
2454	132	129
2455	130	130
2456	130	129
2457	129	130
2458	129	129
2459	131	129
2460	130	130
2461	131	129
2462	131	130
2463	131	129
2464	129	130
2465	127	129
2466	126	129
2467	127	129
2468	127	129
2469	125	129
2470	127	129
2471	132	129
2472	135	130
2473	137	129
2474	135	130
2475	130	129
2476	129	129
2477	129	129
2478	132	129
2479	138	129
2480	138	129
2481	135	129
2482	135	129
2483	133	130
2484	131	130
2485	132	129
2486	134	130
2487	134	130
2488	135	129
2489	135	130
2490	135	129
2491	136	129
2492	136	129
2493	134	130
2494	133	129
2495	131	130
2496	130	129
2497	131	129
2498	132	129
2499	132	129
2500	134	129
2501	135	130
2502	136	129
2503	138	129
2504	138	129
2505	137	129
2506	137	130
2507	136	129
2508	135	129
2509	134	130
2510	133	129
2511	132	130
2512	134	130
2513	136	129
2514	138	129
2515	140	130
2516	140	129
2517	138	129
2518	136	130
2519	133	130
2520	133	130
2521	135	130
2522	140	130
2523	142	129
2524	142	129
2525	136	129
2526	132	129
2527	130	129
2528	130	130
2529	134	129
2530	139	130
2531	142	130
2532	144	130
2533	141	129
2534	136	129
2535	133	129
2536	131	130
2537	132	129
2538	136	129
2539	139	129
2540	141	129
2541	140	129
2542	138	129
2543	135	130
2544	134	129
2545	132	129
2546	132	129
2547	134	129
2548	135	129
2549	135	129
2550	132	129
2551	130	129
2552	133	129
2553	137	129
2554	140	129
2555	140	129
2556	139	129
2557	136	129
2558	134	129
2559	133	130
2560	133	129
2561	134	129
2562	137	129
2563	139	129
2564	139	130
2565	139	130
2566	136	129
2567	133	129
2568	129	130
2569	126	129
2570	128	130
2571	135	129
2572	142	129
2573	147	129
2574	147	130
2575	141	129
2576	134	130
2577	128	129
2578	125	129
2579	126	129
2580	129	129
2581	135	130
2582	142	129
2583	145	129
2584	143	129
2585	138	130
2586	134	129
2587	131	129
2588	134	130
2589	147	129
2590	160	130
2591	153	129
2592	130	129
2593	117	130
2594	116	130
2595	122	129
2596	125	129
2597	127	130
2598	130	130
2599	125	130
2600	123	129
2601	125	130
2602	126	129
2603	128	129
2604	128	130
2605	128	129
2606	134	130
2607	135	129
2608	133	129
2609	136	130
2610	137	129
2611	140	130
2612	144	130
2613	146	130
2614	146	130
2615	147	129
2616	147	130
2617	146	129
2618	146	129
2619	146	129
2620	145	129
2621	142	129
2622	134	129
2623	127	130
2624	122	129
2625	121	129
2626	122	130
2627	126	130
2628	128	130
2629	129	130
2630	128	129
2631	121	129
2632	115	130
2633	115	129
2634	118	130
2635	123	129
2636	129	130
2637	132	129
2638	131	130
2639	127	129
2640	123	129
2641	123	130
2642	128	129
2643	136	129
2644	148	130
2645	167	129
2646	189	129
2647	187	130
2648	158	130
2649	132	129
2650	119	130
2651	116	130
2652	120	130
2653	131	130
2654	143	129
2655	149	130
2656	147	130
2657	139	130
2658	131	130
2659	127	130
2660	125	129
2661	125	130
2662	129	129
2663	135	130
2664	142	130
2665	146	130
2666	145	130
2667	141	130
2668	137	129
2669	135	130
2670	133	129
2671	133	129
2672	134	130
2673	134	130
2674	131	130
2675	127	129
2676	127	130
2677	129	129
2678	132	130
2679	136	129
2680	140	129
2681	143	129
2682	145	129
2683	145	129
2684	141	129
2685	138	129
2686	136	129
2687	134	129
2688	132	129
2689	132	130
2690	134	129
2691	136	129
2692	139	130
2693	139	130
2694	139	130
2695	139	130
2696	138	130
2697	135	130
2698	131	129
2699	125	130
2700	125	130
2701	132	129
2702	141	129
2703	147	129
2704	146	129
2705	137	129
2706	129	129
2707	125	129
2708	126	129
2709	132	130
2710	139	129
2711	143	130
2712	145	129
2713	144	130
2714	139	130
2715	132	130
2716	127	129
2717	125	129
2718	129	130
2719	136	130
2720	143	130
2721	147	130
2722	145	129
2723	134	130
2724	127	129
2725	123	130
2726	125	129
2727	131	130
2728	140	129
2729	147	129
2730	149	130
2731	143	130
2732	135	129
2733	130	130
2734	127	130
2735	129	130
2736	135	129
2737	139	130
2738	141	130
2739	141	130
2740	139	129
2741	136	130
2742	135	130
2743	133	130
2744	134	129
2745	136	130
2746	137	130
2747	138	130
2748	138	130
2749	136	130
2750	135	130
2751	135	129
2752	135	129
2753	137	129
2754	141	130
2755	143	130
2756	144	130
2757	142	129
2758	137	129
2759	134	129
2760	133	130
2761	131	129
2762	129	130
2763	131	130
2764	133	130
2765	133	130
2766	133	129
2767	134	129
2768	138	129
2769	145	129
2770	149	129
2771	158	129
2772	159	130
2773	145	130
2774	129	130
2775	122	129
2776	120	130
2777	123	130
2778	125	130
2779	127	129
2780	126	130
2781	127	130
2782	129	129
2783	130	129
2784	129	129
2785	130	129
2786	134	130
2787	139	129
2788	143	129
2789	145	129
2790	145	129
2791	145	129
2792	143	129
2793	141	129
2794	138	130
2795	136	130
2796	133	129
2797	131	129
2798	131	129
2799	132	129
2800	133	129
2801	137	130
2802	139	129
2803	139	129
2804	139	129
2805	136	129
2806	133	129
2807	132	129
2808	129	130
2809	128	129
2810	129	129
2811	128	129
2812	129	129
2813	131	130
2814	129	130
2815	128	130
2816	127	130
2817	124	129
2818	122	129
2819	122	129
2820	124	129
2821	127	130
2822	130	130
2823	130	130
2824	131	130
2825	131	130
2826	129	129
2827	129	129
2828	130	129
2829	131	130
2830	131	129
2831	131	129
2832	131	129
2833	132	130
2834	132	129
2835	131	130
2836	128	129
2837	127	129
2838	129	130
2839	132	130
2840	130	129
2841	129	129
2842	132	129
2843	130	129
2844	132	130
2845	136	129
2846	136	130
2847	135	129
2848	137	129
2849	137	129
2850	137	130
2851	136	130
2852	135	130
2853	135	130
2854	136	129
2855	137	130
2856	135	129
2857	134	129
2858	132	130
2859	133	129
2860	137	129
2861	140	129
2862	141	129
2863	141	130
2864	139	129
2865	139	130
2866	138	130
2867	135	129
2868	133	130
2869	133	130
2870	134	130
2871	137	129
2872	141	130
2873	141	129
2874	139	129
2875	137	129
2876	135	129
2877	134	130
2878	134	129
2879	134	130
2880	134	129
2881	135	130
2882	136	129
2883	136	130
2884	137	129
2885	136	130
2886	135	130
2887	133	130
2888	132	130
2889	132	129
2890	134	129
2891	135	129
2892	137	129
2893	137	130
2894	135	129
2895	134	130
2896	134	129
2897	133	129
2898	134	129
2899	135	130
2900	137	129
2901	138	130
2902	140	129
2903	140	129
2904	140	129
2905	139	130
2906	135	129
2907	133	129
2908	131	129
2909	131	130
2910	134	129
2911	137	129
2912	139	129
2913	140	129
2914	138	129
2915	135	129
2916	132	129
2917	125	130
2918	126	130
2919	128	129
2920	133	129
2921	141	129
2922	146	129
2923	146	129
2924	145	129
2925	143	129
2926	140	129
2927	137	130
2928	135	130
2929	131	129
2930	127	130
2931	125	129
2932	128	129
2933	131	129
2934	132	129
2935	127	129
2936	126	129
2937	129	130
2938	130	129
2939	132	129
2940	132	129
2941	131	129
2942	128	129
2943	130	130
2944	131	130
2945	135	130
2946	134	129
2947	131	130
2948	132	129
2949	135	129
2950	137	129
2951	139	129
2952	137	129
2953	137	129
2954	142	129
2955	150	129
2956	154	129
2957	154	129
2958	147	129
2959	140	129
2960	138	129
2961	137	129
2962	134	130
2963	133	129
2964	128	129
2965	124	130
2966	123	130
2967	124	129
2968	125	129
2969	128	129
2970	129	129
2971	128	130
2972	124	129
2973	120	129
2974	117	129
2975	118	129
2976	120	129
2977	123	129
2978	128	129
2979	130	129
2980	130	130
2981	131	129
2982	129	130
2983	129	129
2984	131	129
2985	140	129
2986	161	129
2987	193	130
2988	196	129
2989	170	129
2990	140	130
2991	120	129
2992	112	130
2993	113	129
2994	120	130
2995	135	130
2996	151	130
2997	141	129
2998	133	130
2999	133	130
3000	133	130
3001	133	129
3002	135	130
3003	137	129
3004	136	129
3005	135	129
3006	131	130
3007	130	129
3008	129	130
3009	133	129
3010	139	129
3011	146	129
3012	147	129
3013	143	129
3014	132	129
3015	122	129
3016	119	130
3017	122	129
3018	127	129
3019	134	130
3020	142	129
3021	146	129
3022	147	130
3023	145	130
3024	141	130
3025	139	130
3026	137	130
3027	137	129
3028	138	129
3029	138	130
3030	136	129
3031	129	129
3032	125	130
3033	127	129
3034	135	129
3035	145	130
3036	151	129
3037	150	129
3038	141	129
3039	129	130
3040	123	130
3041	123	130
3042	127	130
3043	135	129
3044	143	130
3045	147	130
3046	145	130
3047	138	129
3048	132	130
3049	130	130
3050	130	130
3051	134	130
3052	139	130
3053	142	129
3054	143	130
3055	141	129
3056	137	130
3057	133	130
3058	131	130
3059	129	130
3060	128	129
3061	131	130
3062	137	130
3063	141	130
3064	142	130
3065	139	129
3066	136	130
3067	133	129
3068	132	129
3069	131	129
3070	133	130
3071	136	130
3072	141	130
3073	143	130
3074	142	129
3075	139	130
3076	136	130
3077	133	130
3078	133	129
3079	135	129
3080	137	129
3081	140	129
3082	140	130
3083	137	130
3084	135	129
3085	133	130
3086	132	129
3087	134	129
3088	137	130
3089	137	129
3090	140	129
3091	140	129
3092	139	130
3093	140	129
3094	141	129
3095	138	129
3096	135	129
3097	135	129
3098	134	129
3099	135	129
3100	135	129
3101	132	129
3102	129	129
3103	127	129
3104	127	129
3105	133	129
3106	140	129
3107	145	129
3108	154	130
3109	160	129
3110	157	129
3111	136	130
3112	122	129
3113	117	129
3114	120	129
3115	123	129
3116	126	130
3117	128	130
3118	127	129
3119	127	130
3120	125	129
3121	127	129
3122	134	129
3123	137	129
3124	134	129
3125	137	129
3126	138	129
3127	139	130
3128	140	130
3129	143	130
3130	146	130
3131	147	130
3132	146	129
3133	143	129
3134	138	129
3135	134	129
3136	130	130
3137	130	129
3138	133	130
3139	137	129
3140	142	129
3141	142	129
3142	138	129
3143	133	129
3144	126	129
3145	122	130
3146	121	129
3147	123	129
3148	126	130
3149	131	130
3150	135	130
3151	133	130
3152	128	130
3153	125	130
3154	122	129
3155	123	129
3156	126	130
3157	127	129
3158	128	129
3159	128	129
3160	127	130
3161	129	129
3162	130	129
3163	132	129
3164	133	129
3165	133	129
3166	130	129
3167	129	130
3168	128	130
3169	128	129
3170	128	130
3171	131	130
3172	132	130
3173	131	129
3174	129	130
3175	131	129
3176	130	130
3177	127	129
3178	128	129
3179	133	129
3180	135	129
3181	135	129
3182	135	129
3183	136	130
3184	138	130
3185	137	130
3186	134	130
3187	133	130
3188	135	129
3189	137	129
3190	138	130
3191	139	130
3192	137	130
3193	135	130
3194	134	129
3195	134	130
3196	135	129
3197	137	130
3198	138	129
3199	139	129
3200	139	129
3201	139	129
3202	138	129
3203	137	129
3204	134	129
3205	133	129
3206	133	129
3207	134	130
3208	137	129
3209	141	129
3210	142	129
3211	142	130
3212	138	129
3213	133	129
3214	131	129
3215	130	129
3216	132	129
3217	135	130
3218	137	129
3219	139	129
3220	141	130
3221	139	129
3222	137	130
3223	135	130
3224	133	129
3225	133	130
3226	134	129
3227	136	130
3228	136	129
3229	136	130
3230	137	129
3231	136	129
3232	135	129
3233	133	129
3234	132	130
3235	133	129
3236	134	129
3237	136	129
3238	139	129
3239	140	129
3240	138	129
3241	135	129
3242	133	129
3243	131	130
3244	132	129
3245	134	129
3246	136	130
3247	138	129
3248	139	129
3249	137	129
3250	135	129
3251	131	129
3252	125	129
3253	126	129
3254	133	129
3255	142	129
3256	148	129
3257	139	129
3258	132	130
3259	131	129
3260	133	129
3261	137	129
3262	141	129
3263	141	129
3264	141	129
3265	141	130
3266	141	129
3267	138	129
3268	133	129
3269	128	129
3270	127	130
3271	126	129
3272	127	129
3273	129	129
3274	131	129
3275	128	130
3276	129	129
3277	131	130
3278	129	129
3279	134	130
3280	137	129
3281	133	129
3282	127	129
3283	127	129
3284	129	129
3285	131	129
3286	131	130
3287	131	129
3288	135	129
3289	137	129
3290	137	130
3291	139	130
3292	141	129
3293	143	129
3294	144	129
3295	145	129
3296	146	129
3297	150	130
3298	150	129
3299	143	129
3300	137	130
3301	131	130
3302	127	129
3303	125	129
3304	126	130
3305	127	129
3306	129	130
3307	129	130
3308	127	130
3309	125	130
3310	121	130
3311	119	130
3312	118	129
3313	119	129
3314	122	129
3315	125	129
3316	128	129
3317	127	129
3318	126	130
3319	124	129
3320	125	130
3321	129	129
3322	133	129
3323	139	129
3324	153	129
3325	177	130
3326	194	129
3327	175	129
3328	142	130
3329	121	129
3330	112	129
3331	112	129
3332	120	130
3333	133	130
3334	143	129
3335	150	129
3336	148	130
3337	142	130
3338	136	129
3339	133	129
3340	130	130
3341	131	129
3342	133	129
3343	136	130
3344	138	129
3345	138	129
3346	137	130
3347	139	130
3348	140	129
3349	139	129
3350	137	129
3351	136	130
3352	133	129
3353	133	130
3354	131	129
3355	131	129
3356	132	129
3357	134	130
3358	134	130
3359	136	130
3360	138	130
3361	140	130
3362	141	129
3363	141	130
3364	141	130
3365	141	129
3366	137	129
3367	135	130
3368	133	129
3369	133	129
3370	134	129
3371	138	129
3372	138	129
3373	138	129
3374	138	130
3375	137	129
3376	134	130
3377	132	130
3378	127	129
3379	124	129
3380	125	129
3381	132	129
3382	143	130
3383	151	129
3384	150	129
3385	143	129
3386	135	129
3387	128	129
3388	126	130
3389	128	129
3390	132	130
3391	139	129
3392	142	130
3393	139	129
3394	135	129
3395	134	129
3396	134	130
3397	135	129
3398	137	129
3399	137	129
3400	137	129
3401	137	129
3402	134	129
3403	134	129
3404	133	129
3405	134	129
3406	137	130
3407	139	130
3408	139	129
3409	138	129
3410	137	130
3411	135	130
3412	134	130
3413	133	129
3414	134	130
3415	136	129
3416	137	130
3417	137	129
3418	138	129
3419	137	129
3420	137	129
3421	136	129
3422	134	129
3423	133	129
3424	135	130
3425	139	129
3426	143	129
3427	146	129
3428	146	130
3429	141	129
3430	136	130
3431	131	129
3432	127	129
3433	127	129
3434	131	129
3435	133	130
3436	135	130
3437	131	130
3438	133	129
3439	133	130
3440	133	130
3441	133	130
3442	139	130
3443	143	129
3444	145	129
3445	145	129
3446	151	129
3447	161	129
3448	158	129
3449	140	129
3450	127	130
3451	122	130
3452	125	130
3453	128	130
3454	129	130
3455	129	129
3456	135	129
3457	141	129
3458	146	130
3459	149	129
3460	148	129
3461	140	129
3462	133	129
3463	128	129
3464	125	129
3465	125	130
3466	127	129
3467	127	130
3468	131	129
3469	135	130
3470	135	130
3471	133	130
3472	130	130
3473	129	130
3474	129	130
3475	129	129
3476	130	130
3477	132	130
3478	133	129
3479	134	130
3480	133	129
3481	131	130
3482	131	129
3483	134	130
3484	138	130
3485	141	129
3486	143	129
3487	140	129
3488	136	129
3489	133	129
3490	129	130
3491	128	129
3492	130	129
3493	133	129
3494	135	129
3495	136	130
3496	133	129
3497	129	129
3498	126	129
3499	124	129
3500	124	129
3501	127	129
3502	131	129
3503	134	129
3504	134	129
3505	133	129
3506	131	129
3507	130	129
3508	130	130
3509	131	130
3510	132	129
3511	131	129
3512	130	130
3513	129	129
3514	127	129
3515	130	129
3516	135	129
3517	135	130
3518	133	129
3519	131	129
3520	129	130
3521	129	130
3522	131	129
3523	133	129
3524	132	129
3525	132	129
3526	131	129
3527	131	129
3528	134	129
3529	135	129
3530	135	129
3531	135	129
3532	135	129
3533	136	130
3534	134	130
3535	133	129
3536	132	130
3537	132	129
3538	133	129
3539	135	129
3540	135	130
3541	133	130
3542	134	130
3543	136	129
3544	136	129
3545	139	130
3546	139	130
3547	137	129
3548	135	130
3549	134	129
3550	135	130
3551	139	130
3552	140	130
3553	138	130
3554	135	129
3555	133	130
3556	133	129
3557	136	129
3558	137	130
3559	138	130
3560	137	130
3561	136	130
3562	135	129
3563	136	129
3564	137	130
3565	138	130
3566	138	130
3567	137	129
3568	137	129
3569	137	130
3570	137	130
3571	138	129
3572	138	130
3573	137	130
3574	137	129
3575	137	130
3576	136	129
3577	136	130
3578	135	129
3579	133	130
3580	131	129
3581	124	129
3582	124	129
3583	133	130
3584	144	129
3585	151	130
3586	149	130
3587	140	129
3588	129	129
3589	122	129
3590	121	130
3591	125	130
3592	134	130
3593	145	129
3594	152	130
3595	151	130
3596	143	130
3597	131	129
3598	125	130
3599	122	129
3600	124	129
3601	130	129
3602	139	130
3603	143	130
3604	145	130
3605	141	129
3606	134	129
3607	130	130
3608	128	129
3609	129	130
3610	135	129
3611	141	129
3612	143	129
3613	142	130
3614	137	129
3615	131	130
3616	131	129
3617	133	129
3618	134	130
3619	135	129
3620	139	130
3621	144	129
3622	149	130
3623	145	130
3624	137	129
3625	129	130
3626	124	129
3627	122	129
3628	125	129
3629	127	129
3630	130	129
3631	130	129
3632	129	130
3633	128	129
3634	130	130
3635	128	130
3636	128	129
3637	128	130
3638	131	130
3639	132	130
3640	131	130
3641	130	129
3642	134	130
3643	140	129
3644	142	129
3645	140	130
3646	138	129
3647	137	129
3648	142	130
3649	149	129
3650	150	130
3651	147	130
3652	143	129
3653	140	129
3654	142	129
3655	143	129
3656	141	129
3657	137	129
3658	132	129
3659	125	129
3660	121	129
3661	121	129
3662	122	129
3663	126	129
3664	128	129
3665	128	129
3666	126	130
3667	122	129
3668	118	129
3669	118	130
3670	119	129
3671	121	129
3672	126	129
3673	129	129
3674	129	130
3675	128	129
3676	125	130
3677	125	130
3678	130	129
3679	139	129
3680	150	129
3681	175	129
3682	200	129
3683	191	129
3684	154	129
3685	123	129
3686	107	129
3687	105	129
3688	111	129
3689	126	129
3690	148	130
3691	166	129
3692	164	130
3693	149	129
3694	131	129
3695	119	130
3696	115	129
3697	116	129
3698	123	130
3699	135	129
3700	144	129
3701	133	129
3702	137	129
3703	143	130
3704	148	129
3705	150	129
3706	144	129
3707	136	129
3708	127	129
3709	121	130
3710	119	129
3711	124	130
3712	128	130
3713	135	129
3714	143	129
3715	147	130
3716	147	129
3717	143	130
3718	138	130
3719	136	129
3720	136	130
3721	136	129
3722	138	130
3723	139	129
3724	138	130
3725	139	129
3726	137	130
3727	134	130
3728	132	129
3729	126	129
3730	125	130
3731	133	130
3732	141	130
3733	144	129
3734	139	129
3735	134	129
3736	132	130
3737	134	130
3738	136	129
3739	138	130
3740	141	129
3741	140	130
3742	137	130
3743	135	130
3744	133	129
3745	132	130
3746	134	129
3747	133	129
3748	133	130
3749	135	129
3750	136	129
3751	133	130
3752	133	129
3753	133	130
3754	135	130
3755	139	129
3756	142	129
3757	141	130
3758	140	129
3759	135	130
3760	131	129
3761	126	129
3762	126	129
3763	131	130
3764	137	130
3765	141	129
3766	145	129
3767	147	129
3768	143	129
3769	136	130
3770	132	130
3771	128	130
3772	128	129
3773	130	129
3774	132	130
3775	133	129
3776	137	129
3777	140	129
3778	145	129
3779	145	129
3780	142	129
3781	137	129
3782	134	129
3783	130	129
3784	130	129
3785	133	129
3786	137	129
3787	143	130
3788	148	129
3789	147	129
3790	146	129
3791	140	129
3792	132	129
3793	128	130
3794	126	129
3795	126	129
3796	131	129
3797	135	129
3798	133	129
3799	133	130
3800	135	129
3801	137	129
3802	141	130
3803	146	129
3804	154	129
3805	157	129
3806	146	129
3807	131	129
3808	123	129
3809	118	129
3810	119	129
3811	125	129
3812	123	129
3813	125	130
3814	132	130
3815	135	129
3816	131	129
3817	131	129
3818	134	129
3819	135	129
3820	137	129
3821	137	129
3822	137	129
3823	136	129
3824	136	129
3825	139	129
3826	145	129
3827	144	129
3828	140	130
3829	138	129
3830	136	130
3831	136	129
3832	137	129
3833	137	129
3834	138	130
3835	139	129
3836	139	130
3837	139	129
3838	137	129
3839	132	129
3840	128	129
3841	127	130
3842	125	129
3843	126	130
3844	128	129
3845	129	130
3846	129	130
3847	129	129
3848	127	130
3849	125	129
3850	124	129
3851	123	130
3852	125	129
3853	127	129
3854	125	130
3855	127	130
3856	130	129
3857	131	130
3858	132	129
3859	133	130
3860	131	129
3861	129	130
3862	127	130
3863	127	130
3864	129	129
3865	130	130
3866	130	130
3867	130	129
3868	129	129
3869	128	130
3870	128	129
3871	132	130
3872	132	130
3873	135	129
3874	135	130
3875	132	130
3876	131	129
3877	134	130
3878	135	130
3879	137	130
3880	135	129
3881	133	129
3882	134	129
3883	135	130
3884	135	130
3885	138	129
3886	136	129
3887	132	129
3888	131	129
3889	133	130
3890	137	129
3891	144	129
3892	142	130
3893	139	129
3894	137	130
3895	136	130
3896	136	129
3897	139	130
3898	138	129
3899	137	129
3900	139	130
3901	140	130
3902	140	130
3903	141	130
3904	138	130
3905	136	129
3906	135	130
3907	135	130
3908	135	130
3909	136	129
3910	135	129
3911	136	130
3912	137	130
3913	133	129
3914	130	129
3915	131	130
3916	133	130
3917	137	129
3918	140	129
3919	139	130
3920	136	130
3921	134	130
3922	132	130
3923	132	129
3924	134	129
3925	135	130
3926	137	129
3927	137	130
3928	136	130
3929	135	130
3930	134	129
3931	131	130
3932	132	130
3933	133	129
3934	134	130
3935	137	129
3936	140	129
3937	137	129
3938	137	129
3939	136	129
3940	135	129
3941	135	129
3942	136	129
3943	136	129
3944	138	129
3945	139	129
3946	133	129
3947	127	129
3948	128	130
3949	132	129
3950	141	130
3951	146	130
3952	147	130
3953	143	129
3954	135	129
3955	125	130
3956	125	130
3957	125	129
3958	131	129
3959	139	129
3960	146	129
3961	145	129
3962	140	130
3963	135	129
3964	136	130
3965	137	130
3966	136	130
3967	132	129
3968	128	129
3969	125	129
3970	127	129
3971	130	129
3972	131	129
3973	130	129
3974	129	129
3975	125	129
3976	127	129
3977	131	129
3978	133	129
3979	136	130
3980	137	129
3981	134	130
3982	132	129
3983	132	129
3984	136	130
3985	138	129
3986	135	129
3987	129	129
3988	132	129
3989	137	130
3990	141	129
3991	145	129
3992	145	129
3993	144	129
3994	145	129
3995	147	129
3996	147	129
3997	147	129
3998	144	129
3999	138	130
4000	130	130
4001	126	129
4002	122	130
4003	123	130
4004	126	130
4005	128	130
4006	129	130
4007	129	130
4008	125	129
4009	123	130
4010	119	130
4011	117	130
4012	118	130
4013	121	130
4014	122	130
4015	126	130
4016	128	129
4017	126	129
4018	125	130
4019	127	129
4020	128	129
4021	135	129
4022	136	129
4023	137	130
4024	145	130
4025	168	129
4026	195	129
4027	193	129
4028	158	130
4029	129	129
4030	115	130
4031	111	129
4032	114	130
4033	129	130
4034	143	130
4035	153	130
4036	151	130
4037	140	130
4038	128	129
4039	125	130
4040	122	130
4041	126	130
4042	134	129
4043	141	130
4044	145	129
4045	146	129
4046	139	129
4047	133	129
4048	132	129
4049	133	129
4050	137	130
4051	144	130
4052	142	130
4053	136	129
4054	131	130
4055	126	129
4056	125	129
4057	129	130
4058	131	130
4059	137	129
4060	141	130
4061	141	129
4062	141	130
4063	139	130
4064	137	130
4065	137	129
4066	139	130
4067	138	129
4068	138	129
4069	138	130
4070	136	129
4071	137	130
4072	137	130
4073	135	130
4074	135	129
4075	133	129
4076	130	129
4077	130	129
4078	135	130
4079	137	129
4080	141	129
4081	141	129
4082	140	129
4083	138	129
4084	136	129
4085	132	129
4086	133	129
4087	132	130
4088	133	129
4089	129	130
4090	126	129
4091	125	130
4092	133	130
4093	141	130
4094	146	130
4095	145	129
