
TIME STEP:
125 = 0.2ms

VOLTAGE STEP:
CH1:  32 = 0.15V
CH2:  32 = 5V
GND	58	128
N	CH1	CH2

0	68	129
1	69	129
2	74	130
3	79	129
4	87	130
5	82	129
6	70	130
7	67	129
8	67	130
9	65	130
10	66	130
11	67	129
12	75	130
13	84	130
14	75	129
15	73	130
16	76	130
17	78	130
18	79	130
19	81	130
20	81	130
21	80	130
22	80	129
23	78	130
24	75	130
25	74	129
26	73	130
27	71	130
28	71	130
29	70	130
30	69	129
31	69	129
32	68	130
33	66	129
34	66	129
35	66	129
36	66	129
37	67	130
38	68	130
39	70	129
40	74	129
41	77	130
42	78	130
43	81	130
44	82	130
45	83	130
46	81	130
47	79	130
48	73	130
49	70	130
50	68	130
51	66	130
52	64	130
53	64	130
54	62	130
55	62	130
56	63	130
57	63	130
58	63	130
59	63	130
60	62	130
61	62	130
62	62	130
63	61	130
64	61	130
65	61	129
66	62	130
67	61	130
68	62	130
69	61	130
70	61	130
71	62	130
72	62	130
73	61	129
74	62	130
75	61	130
76	62	129
77	62	129
78	61	130
79	60	129
80	62	130
81	61	130
82	61	130
83	62	130
84	61	129
85	60	129
86	62	130
87	62	130
88	62	130
89	70	130
90	68	130
91	91	130
92	74	130
93	81	130
94	86	129
95	96	130
96	103	130
97	100	129
98	89	129
99	82	129
100	75	130
101	72	129
102	70	129
103	68	130
104	66	130
105	67	130
106	65	130
107	66	130
108	66	130
109	67	130
110	67	130
111	69	130
112	66	130
113	65	130
114	65	130
115	66	130
116	68	130
117	77	129
118	84	129
119	88	130
120	86	129
121	86	130
122	84	130
123	81	130
124	79	130
125	75	129
126	72	130
127	71	129
128	69	130
129	68	130
130	67	130
131	67	130
132	68	130
133	68	130
134	68	130
135	70	130
136	73	130
137	76	130
138	77	130
139	79	130
140	79	130
141	78	130
142	75	130
143	73	129
144	72	130
145	72	130
146	73	130
147	76	130
148	81	130
149	76	130
150	71	130
151	69	129
152	71	130
153	76	130
154	81	130
155	73	130
156	67	130
157	67	130
158	68	130
159	70	130
160	73	130
161	75	130
162	77	130
163	72	130
164	70	130
165	71	129
166	75	130
167	77	129
168	68	130
169	67	130
170	66	129
171	65	129
172	67	129
173	70	129
174	77	129
175	69	129
176	68	130
177	67	130
178	69	130
179	76	130
180	84	129
181	93	130
182	83	130
183	80	129
184	79	129
185	77	130
186	76	130
187	74	130
188	73	130
189	72	130
190	72	130
191	72	130
192	73	130
193	74	130
194	75	130
195	75	130
196	75	130
197	70	129
198	68	130
199	67	130
200	67	130
201	67	129
202	68	130
203	70	129
204	72	129
205	69	130
206	69	129
207	70	130
208	74	130
209	77	130
210	75	130
211	71	130
212	69	130
213	70	130
214	74	130
215	76	130
216	75	129
217	75	130
218	77	130
219	79	130
220	82	130
221	82	130
222	81	129
223	79	130
224	76	130
225	74	130
226	72	130
227	70	130
228	70	129
229	69	130
230	69	129
231	69	130
232	69	130
233	69	130
234	71	130
235	72	130
236	74	129
237	75	129
238	76	130
239	75	130
240	74	130
241	74	130
242	76	130
243	77	130
244	77	130
245	78	130
246	77	130
247	76	130
248	75	130
249	73	130
250	72	130
251	71	130
252	70	130
253	69	130
254	69	130
255	69	130
256	69	130
257	69	130
258	70	130
259	70	130
260	73	130
261	75	130
262	77	129
263	79	130
264	80	130
265	80	129
266	79	130
267	78	130
268	76	130
269	75	130
270	73	130
271	72	130
272	71	130
273	69	129
274	69	129
275	68	130
276	68	130
277	68	130
278	68	129
279	68	130
280	69	130
281	70	130
282	72	130
283	73	129
284	75	130
285	75	130
286	77	129
287	78	130
288	80	130
289	84	129
290	73	130
291	70	130
292	70	130
293	72	129
294	76	130
295	81	130
296	76	130
297	69	130
298	67	130
299	66	130
300	67	129
301	68	130
302	75	130
303	81	130
304	75	130
305	73	129
306	73	129
307	73	129
308	73	129
309	74	129
310	75	130
311	77	130
312	78	130
313	78	130
314	74	130
315	71	130
316	70	130
317	69	129
318	69	130
319	69	130
320	69	130
321	70	130
322	71	130
323	73	130
324	76	130
325	79	130
326	81	130
327	81	130
328	71	130
329	68	129
330	68	130
331	68	130
332	69	130
333	74	130
334	81	130
335	90	129
336	70	129
337	67	130
338	67	129
339	67	129
340	68	130
341	71	130
342	75	130
343	79	130
344	83	129
345	85	130
346	85	130
347	84	130
348	80	130
349	69	130
350	67	130
351	65	130
352	65	130
353	65	130
354	65	130
355	67	130
356	76	129
357	68	130
358	65	130
359	65	130
360	65	130
361	66	130
362	73	130
363	89	130
364	99	129
365	73	130
366	70	130
367	68	130
368	69	129
369	72	130
370	76	130
371	80	129
372	83	130
373	85	130
374	83	130
375	80	130
376	76	130
377	73	130
378	71	130
379	70	130
380	71	129
381	72	130
382	75	130
383	76	130
384	67	130
385	65	129
386	64	130
387	63	130
388	63	130
389	63	129
390	63	130
391	65	130
392	69	130
393	72	130
394	67	129
395	67	130
396	68	130
397	72	129
398	79	129
399	85	130
400	89	130
401	83	130
402	82	129
403	83	129
404	80	129
405	74	130
406	72	130
407	71	130
408	70	129
409	69	130
410	69	130
411	69	130
412	70	130
413	71	130
414	71	129
415	73	130
416	74	130
417	75	130
418	76	130
419	77	130
420	77	130
421	77	130
422	76	130
423	75	129
424	74	129
425	73	130
426	72	130
427	71	130
428	70	129
429	70	130
430	70	130
431	70	130
432	70	129
433	71	129
434	72	130
435	73	130
436	75	130
437	76	130
438	77	129
439	78	129
440	78	130
441	78	129
442	77	130
443	76	130
444	75	130
445	74	130
446	72	129
447	71	129
448	70	129
449	70	130
450	69	129
451	69	129
452	69	129
453	69	130
454	69	130
455	70	129
456	71	129
457	71	130
458	73	130
459	73	129
460	74	130
461	75	130
462	75	130
463	75	130
464	75	129
465	75	130
466	75	130
467	74	130
468	74	130
469	75	130
470	77	130
471	79	130
472	82	130
473	73	130
474	68	129
475	67	130
476	66	130
477	65	130
478	66	130
479	66	130
480	67	130
481	69	130
482	75	130
483	80	130
484	85	130
485	90	129
486	89	130
487	79	130
488	75	130
489	73	130
490	71	129
491	70	130
492	69	130
493	68	129
494	67	130
495	67	130
496	67	130
497	67	130
498	68	129
499	69	130
500	71	130
501	74	130
502	77	129
503	80	129
504	82	130
505	83	130
506	83	130
507	82	129
508	81	130
509	79	130
510	69	130
511	67	130
512	65	129
513	64	129
514	64	129
515	64	129
516	64	129
517	64	129
518	65	130
519	66	130
520	74	130
521	85	130
522	80	130
523	75	130
524	70	130
525	69	130
526	71	130
527	73	129
528	76	130
529	78	130
530	81	130
531	83	130
532	82	130
533	81	130
534	78	130
535	75	130
536	73	130
537	72	129
538	69	130
539	67	130
540	66	130
541	65	130
542	64	130
543	63	129
544	63	130
545	63	130
546	62	130
547	62	130
548	62	130
549	63	129
550	62	130
551	62	130
552	62	130
553	62	130
554	62	130
555	61	130
556	61	129
557	61	130
558	61	130
559	61	130
560	62	130
561	61	130
562	61	129
563	61	130
564	62	129
565	62	129
566	61	130
567	61	130
568	61	130
569	62	130
570	61	130
571	62	129
572	61	130
573	61	130
574	62	130
575	61	130
576	61	129
577	62	130
578	62	129
579	63	130
580	97	130
581	141	130
582	117	130
583	110	130
584	91	130
585	81	129
586	75	130
587	70	130
588	68	129
589	67	130
590	65	129
591	65	130
592	65	129
593	64	130
594	64	129
595	64	130
596	65	130
597	65	129
598	67	130
599	73	130
600	81	130
601	88	130
602	93	130
603	93	130
604	89	130
605	81	129
606	75	130
607	70	130
608	69	129
609	67	130
610	66	129
611	65	129
612	65	130
613	64	129
614	65	129
615	64	130
616	65	130
617	65	130
618	67	130
619	70	130
620	77	130
621	82	130
622	86	129
623	88	130
624	88	130
625	84	130
626	80	130
627	76	129
628	72	130
629	70	130
630	69	130
631	67	130
632	66	129
633	66	130
634	65	130
635	65	130
636	65	130
637	66	130
638	67	130
639	69	130
640	74	130
641	78	130
642	82	130
643	85	130
644	87	130
645	85	130
646	82	129
647	79	130
648	75	130
649	72	130
650	70	129
651	69	129
652	68	130
653	67	129
654	67	129
655	67	130
656	67	130
657	66	129
658	67	130
659	69	130
660	72	130
661	75	130
662	79	130
663	80	130
664	82	130
665	82	130
666	81	130
667	79	130
668	76	129
669	73	130
670	72	130
671	70	130
672	69	129
673	68	130
674	68	130
675	67	129
676	68	130
677	68	130
678	68	130
679	69	129
680	71	129
681	73	129
682	76	130
683	78	130
684	79	130
685	80	130
686	79	130
687	75	130
688	72	130
689	70	130
690	69	130
691	69	130
692	69	129
693	70	130
694	71	129
695	72	129
696	74	130
697	76	129
698	77	130
699	79	130
700	79	130
701	78	129
702	78	130
703	77	130
704	75	130
705	73	130
706	72	129
707	70	130
708	70	130
709	69	130
710	69	129
711	69	130
712	69	130
713	69	130
714	71	130
715	71	130
716	72	130
717	73	130
718	74	130
719	76	130
720	77	130
721	77	129
722	77	130
723	76	129
724	75	130
725	74	129
726	74	130
727	73	130
728	73	129
729	72	129
730	72	130
731	72	130
732	71	130
733	72	130
734	72	130
735	73	129
736	74	130
737	74	130
738	75	130
739	75	129
740	75	129
741	75	130
742	75	130
743	75	130
744	74	130
745	75	130
746	73	129
747	72	130
748	71	130
749	71	130
750	70	130
751	71	130
752	71	129
753	71	130
754	71	130
755	70	130
756	71	129
757	71	130
758	71	130
759	73	130
760	75	130
761	76	129
762	77	130
763	77	130
764	77	130
765	77	130
766	76	129
767	76	130
768	75	130
769	74	130
770	73	130
771	73	130
772	72	129
773	71	130
774	70	129
775	70	129
776	70	130
777	71	130
778	72	130
779	71	130
780	72	129
781	73	130
782	74	130
783	74	130
784	75	130
785	75	129
786	75	130
787	75	130
788	74	130
789	73	130
790	73	129
791	71	130
792	71	130
793	71	130
794	71	129
795	71	129
796	72	130
797	72	130
798	72	130
799	72	130
800	73	130
801	74	130
802	74	130
803	74	130
804	75	129
805	76	130
806	76	130
807	76	130
808	75	130
809	75	130
810	74	130
811	73	130
812	72	130
813	72	130
814	72	130
815	72	130
816	72	130
817	72	130
818	73	130
819	73	130
820	73	130
821	72	130
822	73	130
823	74	130
824	74	129
825	74	129
826	74	130
827	74	130
828	75	129
829	74	130
830	73	129
831	72	129
832	72	129
833	72	130
834	71	129
835	71	130
836	73	130
837	73	130
838	73	130
839	73	129
840	74	130
841	75	129
842	75	130
843	74	130
844	75	130
845	74	130
846	74	130
847	73	130
848	73	129
849	73	130
850	72	130
851	72	130
852	71	130
853	72	130
854	72	129
855	71	130
856	71	130
857	72	130
858	72	130
859	73	130
860	75	130
861	73	130
862	73	129
863	74	130
864	74	130
865	73	130
866	72	130
867	73	130
868	73	129
869	73	130
870	73	130
871	72	130
872	73	129
873	72	129
874	72	130
875	72	129
876	73	130
877	72	129
878	74	129
879	73	130
880	73	129
881	74	130
882	74	129
883	74	130
884	74	130
885	74	129
886	73	130
887	75	130
888	74	130
889	74	130
890	74	130
891	73	130
892	73	130
893	73	130
894	73	130
895	72	130
896	72	130
897	72	129
898	73	129
899	73	130
900	73	130
901	73	129
902	74	130
903	74	130
904	74	130
905	73	130
906	74	130
907	74	130
908	74	130
909	74	130
910	74	130
911	72	130
912	73	130
913	73	130
914	73	129
915	73	129
916	71	130
917	73	130
918	73	130
919	72	130
920	73	130
921	72	130
922	72	130
923	73	130
924	74	130
925	73	130
926	73	129
927	73	130
928	73	130
929	74	130
930	73	130
931	73	130
932	73	129
933	73	130
934	73	129
935	73	130
936	73	130
937	72	130
938	74	129
939	74	129
940	73	130
941	74	130
942	75	130
943	75	130
944	75	130
945	74	130
946	75	130
947	74	129
948	73	129
949	71	130
950	70	130
951	68	130
952	68	130
953	68	129
954	69	130
955	69	130
956	72	130
957	73	129
958	75	130
959	77	130
960	78	130
961	79	130
962	79	129
963	78	129
964	77	129
965	75	130
966	73	130
967	71	130
968	71	129
969	69	130
970	69	130
971	68	130
972	68	129
973	69	130
974	69	129
975	72	129
976	72	130
977	74	129
978	77	130
979	79	129
980	80	130
981	81	130
982	81	130
983	79	130
984	77	130
985	75	130
986	73	130
987	71	130
988	70	130
989	69	130
990	68	130
991	67	130
992	67	130
993	68	130
994	66	129
995	67	130
996	67	130
997	68	129
998	69	130
999	71	130
1000	74	130
1001	75	130
1002	77	129
1003	77	129
1004	78	130
1005	79	130
1006	80	130
1007	81	130
1008	84	130
1009	87	130
1010	73	130
1011	69	130
1012	67	130
1013	67	130
1014	65	130
1015	65	130
1016	66	129
1017	65	130
1018	67	130
1019	68	130
1020	76	130
1021	81	130
1022	88	130
1023	93	130
1024	90	130
1025	80	130
1026	74	130
1027	73	130
1028	70	130
1029	67	130
1030	66	130
1031	65	130
1032	64	130
1033	64	130
1034	63	130
1035	62	130
1036	62	129
1037	62	129
1038	63	129
1039	62	130
1040	62	130
1041	62	130
1042	61	130
1043	66	129
1044	64	130
1045	61	130
1046	60	130
1047	62	130
1048	62	130
1049	61	130
1050	61	130
1051	63	130
1052	65	130
1053	62	130
1054	62	130
1055	61	130
1056	61	130
1057	63	129
1058	62	130
1059	62	129
1060	61	130
1061	61	130
1062	62	130
1063	61	130
1064	62	130
1065	60	129
1066	61	130
1067	61	130
1068	62	130
1069	62	130
1070	61	130
1071	76	130
1072	74	130
1073	106	130
1074	113	130
1075	115	130
1076	101	130
1077	87	130
1078	78	130
1079	71	130
1080	68	130
1081	67	129
1082	65	130
1083	65	130
1084	63	130
1085	63	130
1086	64	130
1087	63	129
1088	63	130
1089	62	130
1090	63	130
1091	64	130
1092	66	130
1093	73	129
1094	84	130
1095	94	130
1096	97	130
1097	95	130
1098	88	130
1099	78	130
1100	75	130
1101	72	130
1102	70	130
1103	66	129
1104	66	130
1105	65	130
1106	65	130
1107	65	130
1108	63	130
1109	64	129
1110	64	130
1111	65	130
1112	66	130
1113	68	130
1114	78	130
1115	82	130
1116	89	130
1117	92	130
1118	87	130
1119	80	130
1120	75	130
1121	74	130
1122	71	130
1123	69	130
1124	68	129
1125	68	130
1126	67	130
1127	67	130
1128	67	130
1129	67	130
1130	68	130
1131	70	130
1132	72	130
1133	75	129
1134	77	130
1135	81	130
1136	83	130
1137	83	129
1138	81	130
1139	79	130
1140	76	130
1141	74	130
1142	72	129
1143	70	130
1144	69	129
1145	68	129
1146	67	129
1147	67	130
1148	66	130
1149	67	130
1150	67	130
1151	69	129
1152	70	130
1153	74	130
1154	75	130
1155	77	130
1156	79	130
1157	81	129
1158	80	130
1159	79	130
1160	77	130
1161	75	130
1162	73	129
1163	71	130
1164	70	130
1165	69	130
1166	67	130
1167	68	130
1168	68	130
1169	69	129
1170	69	129
1171	71	129
1172	72	129
1173	74	130
1174	77	129
1175	79	130
1176	80	129
1177	81	130
1178	81	129
1179	79	130
1180	77	130
1181	74	129
1182	72	129
1183	71	130
1184	70	130
1185	70	130
1186	70	130
1187	69	130
1188	69	129
1189	69	130
1190	70	130
1191	72	129
1192	74	129
1193	76	129
1194	79	129
1195	80	130
1196	80	130
1197	80	130
1198	77	130
1199	75	129
1200	74	130
1201	72	130
1202	70	130
1203	69	129
1204	68	130
1205	67	130
1206	66	130
1207	66	130
1208	66	130
1209	66	130
1210	67	130
1211	69	130
1212	69	130
1213	72	129
1214	75	130
1215	80	130
1216	84	130
1217	88	129
1218	91	130
1219	90	130
1220	76	129
1221	71	129
1222	69	130
1223	67	130
1224	65	130
1225	66	130
1226	66	129
1227	66	130
1228	65	130
1229	66	129
1230	67	130
1231	69	129
1232	76	130
1233	81	129
1234	85	130
1235	80	130
1236	74	130
1237	73	130
1238	72	130
1239	71	130
1240	72	130
1241	72	130
1242	73	129
1243	74	130
1244	73	130
1245	73	130
1246	74	130
1247	74	130
1248	74	130
1249	74	130
1250	75	130
1251	74	129
1252	74	130
1253	73	130
1254	73	129
1255	72	129
1256	71	130
1257	72	130
1258	73	130
1259	72	130
1260	72	129
1261	72	130
1262	72	129
1263	72	130
1264	73	130
1265	73	130
1266	74	129
1267	74	130
1268	75	130
1269	75	130
1270	73	130
1271	73	129
1272	74	130
1273	73	130
1274	74	129
1275	73	130
1276	73	130
1277	72	130
1278	72	129
1279	72	130
1280	72	130
1281	72	129
1282	73	130
1283	74	130
1284	74	130
1285	74	130
1286	75	130
1287	73	130
1288	74	130
1289	75	130
1290	75	130
1291	75	130
1292	74	129
1293	73	130
1294	74	130
1295	73	130
1296	72	129
1297	72	130
1298	72	130
1299	72	130
1300	73	130
1301	72	130
1302	71	129
1303	71	130
1304	71	130
1305	72	129
1306	73	129
1307	73	130
1308	75	130
1309	78	130
1310	80	130
1311	81	129
1312	70	129
1313	66	130
1314	66	129
1315	67	130
1316	67	130
1317	67	130
1318	68	130
1319	69	129
1320	74	130
1321	78	130
1322	82	130
1323	85	130
1324	87	130
1325	85	130
1326	83	129
1327	77	130
1328	71	129
1329	70	130
1330	69	129
1331	68	130
1332	68	129
1333	68	130
1334	66	130
1335	67	130
1336	67	130
1337	68	130
1338	71	130
1339	73	130
1340	76	130
1341	79	129
1342	80	130
1343	80	129
1344	79	130
1345	75	130
1346	74	130
1347	73	130
1348	71	130
1349	70	130
1350	70	130
1351	71	130
1352	75	130
1353	78	130
1354	68	130
1355	66	130
1356	65	130
1357	64	130
1358	66	130
1359	65	130
1360	64	130
1361	66	130
1362	78	130
1363	92	130
1364	105	130
1365	92	130
1366	74	130
1367	71	130
1368	71	130
1369	69	129
1370	69	129
1371	69	130
1372	69	129
1373	70	130
1374	70	129
1375	71	130
1376	73	130
1377	74	129
1378	76	130
1379	79	130
1380	74	130
1381	70	130
1382	69	130
1383	68	130
1384	68	129
1385	71	130
1386	72	129
1387	75	130
1388	78	130
1389	81	130
1390	80	129
1391	75	130
1392	71	130
1393	71	130
1394	71	130
1395	71	130
1396	72	130
1397	73	129
1398	72	130
1399	73	130
1400	74	130
1401	75	130
1402	75	130
1403	77	130
1404	75	129
1405	75	130
1406	75	130
1407	74	130
1408	73	130
1409	72	130
1410	70	129
1411	71	130
1412	71	130
1413	70	129
1414	70	129
1415	69	130
1416	68	130
1417	71	130
1418	72	130
1419	72	130
1420	74	130
1421	75	130
1422	75	130
1423	77	129
1424	77	130
1425	77	130
1426	77	130
1427	76	130
1428	75	130
1429	75	130
1430	72	129
1431	71	130
1432	71	130
1433	71	129
1434	71	130
1435	72	130
1436	71	130
1437	71	130
1438	72	130
1439	73	130
1440	73	129
1441	75	130
1442	74	130
1443	76	129
1444	76	129
1445	75	129
1446	74	130
1447	74	129
1448	72	130
1449	73	129
1450	73	129
1451	72	130
1452	71	129
1453	72	130
1454	70	130
1455	72	130
1456	73	130
1457	73	130
1458	75	129
1459	76	130
1460	76	130
1461	77	130
1462	75	130
1463	75	129
1464	74	129
1465	73	130
1466	72	129
1467	73	129
1468	70	130
1469	69	130
1470	69	130
1471	68	129
1472	68	130
1473	70	130
1474	71	130
1475	76	130
1476	81	130
1477	89	130
1478	91	130
1479	79	130
1480	75	130
1481	75	130
1482	74	130
1483	71	129
1484	71	130
1485	69	129
1486	67	130
1487	68	129
1488	68	129
1489	68	129
1490	68	130
1491	68	130
1492	69	129
1493	72	129
1494	75	130
1495	83	129
1496	94	130
1497	75	129
1498	69	129
1499	68	130
1500	66	130
1501	65	130
1502	65	130
1503	66	130
1504	69	129
1505	85	130
1506	77	129
1507	71	129
1508	68	130
1509	67	130
1510	67	130
1511	66	130
1512	67	130
1513	74	130
1514	80	130
1515	88	129
1516	87	130
1517	79	130
1518	77	130
1519	75	130
1520	70	130
1521	68	130
1522	67	130
1523	65	130
1524	65	130
1525	65	130
1526	62	129
1527	62	129
1528	62	130
1529	62	130
1530	63	130
1531	63	130
1532	62	130
1533	63	130
1534	62	130
1535	62	130
1536	61	130
1537	61	130
1538	61	130
1539	62	130
1540	62	130
1541	61	130
1542	61	129
1543	60	130
1544	60	130
1545	62	130
1546	61	130
1547	62	130
1548	61	130
1549	61	130
1550	62	129
1551	62	130
1552	60	130
1553	61	130
1554	61	129
1555	62	130
1556	63	129
1557	63	130
1558	61	130
1559	62	129
1560	63	130
1561	151	129
1562	69	130
1563	94	130
1564	124	129
1565	125	130
1566	108	130
1567	88	130
1568	77	130
1569	69	130
1570	67	129
1571	67	130
1572	65	130
1573	64	130
1574	64	130
1575	62	129
1576	63	130
1577	63	130
1578	63	130
1579	63	130
1580	64	130
1581	66	130
1582	83	130
1583	84	129
1584	75	130
1585	76	130
1586	79	130
1587	80	130
1588	83	130
1589	82	130
1590	79	130
1591	78	130
1592	76	129
1593	74	130
1594	72	130
1595	69	130
1596	69	130
1597	69	130
1598	68	130
1599	68	130
1600	68	130
1601	66	130
1602	68	130
1603	71	130
1604	72	129
1605	74	130
1606	76	130
1607	77	129
1608	80	130
1609	81	130
1610	80	129
1611	79	130
1612	78	130
1613	76	130
1614	76	129
1615	73	130
1616	71	130
1617	71	130
1618	70	130
1619	69	130
1620	71	130
1621	70	130
1622	70	130
1623	71	130
1624	71	130
1625	73	130
1626	74	130
1627	74	130
1628	76	130
1629	77	130
1630	77	129
1631	76	130
1632	75	129
1633	72	130
1634	73	130
1635	72	130
1636	71	130
1637	70	130
1638	70	130
1639	68	130
1640	70	130
1641	69	130
1642	70	130
1643	71	130
1644	73	130
1645	74	130
1646	79	130
1647	79	129
1648	79	130
1649	80	130
1650	79	130
1651	78	130
1652	78	130
1653	74	130
1654	72	130
1655	71	130
1656	70	130
1657	69	130
1658	69	130
1659	67	130
1660	68	130
1661	69	129
1662	68	129
1663	69	130
1664	71	129
1665	71	129
1666	76	130
1667	80	129
1668	82	129
1669	85	130
1670	86	130
1671	82	130
1672	73	130
1673	69	129
1674	67	130
1675	67	129
1676	67	130
1677	66	130
1678	68	130
1679	67	130
1680	66	130
1681	69	130
1682	71	130
1683	75	130
1684	81	130
1685	83	130
1686	84	130
1687	85	130
1688	84	130
1689	79	130
1690	74	130
1691	70	129
1692	69	129
1693	68	130
1694	67	130
1695	66	130
1696	66	130
1697	65	130
1698	66	130
1699	68	130
1700	69	130
1701	73	130
1702	76	130
1703	78	130
1704	81	130
1705	83	130
1706	82	130
1707	81	129
1708	79	129
1709	76	129
1710	74	130
1711	72	130
1712	69	130
1713	69	129
1714	68	130
1715	67	130
1716	69	129
1717	69	130
1718	68	130
1719	69	130
1720	71	130
1721	73	129
1722	76	130
1723	78	130
1724	78	130
1725	77	130
1726	73	130
1727	73	129
1728	73	130
1729	72	130
1730	73	130
1731	75	130
1732	75	130
1733	75	129
1734	75	129
1735	74	130
1736	74	130
1737	75	130
1738	74	130
1739	74	130
1740	73	130
1741	73	129
1742	72	129
1743	72	130
1744	71	130
1745	71	130
1746	70	130
1747	70	130
1748	71	130
1749	71	130
1750	69	130
1751	70	130
1752	71	130
1753	71	130
1754	73	129
1755	74	130
1756	75	130
1757	77	130
1758	79	130
1759	81	130
1760	83	129
1761	85	130
1762	84	130
1763	84	129
1764	79	130
1765	73	130
1766	70	130
1767	68	129
1768	66	130
1769	67	130
1770	66	130
1771	65	130
1772	65	129
1773	65	130
1774	65	130
1775	66	129
1776	67	130
1777	75	130
1778	83	130
1779	87	129
1780	72	129
1781	70	130
1782	67	130
1783	67	129
1784	68	130
1785	68	130
1786	70	130
1787	74	130
1788	77	130
1789	81	130
1790	85	130
1791	88	130
1792	89	130
1793	80	130
1794	71	130
1795	70	130
1796	68	130
1797	67	130
1798	66	130
1799	65	130
1800	65	130
1801	66	130
1802	65	130
1803	66	130
1804	69	130
1805	73	130
1806	78	130
1807	82	130
1808	85	130
1809	87	130
1810	85	130
1811	82	129
1812	79	130
1813	74	130
1814	70	130
1815	69	130
1816	67	130
1817	67	130
1818	66	130
1819	65	130
1820	66	130
1821	66	130
1822	66	130
1823	67	130
1824	70	130
1825	74	130
1826	79	130
1827	83	130
1828	84	130
1829	83	130
1830	81	130
1831	77	130
1832	75	129
1833	72	130
1834	69	130
1835	69	129
1836	68	129
1837	67	130
1838	69	130
1839	67	130
1840	67	129
1841	72	130
1842	78	130
1843	85	130
1844	75	130
1845	70	130
1846	69	130
1847	69	130
1848	69	130
1849	70	129
1850	71	130
1851	71	129
1852	75	130
1853	76	130
1854	77	130
1855	79	130
1856	80	129
1857	77	130
1858	79	129
1859	78	130
1860	76	130
1861	75	130
1862	73	130
1863	71	129
1864	72	130
1865	69	130
1866	69	130
1867	68	130
1868	67	130
1869	67	130
1870	69	130
1871	67	130
1872	69	130
1873	71	130
1874	74	130
1875	77	130
1876	81	129
1877	81	130
1878	83	130
1879	81	130
1880	78	130
1881	75	130
1882	73	129
1883	69	130
1884	70	130
1885	68	130
1886	67	130
1887	67	130
1888	67	130
1889	67	129
1890	68	129
1891	69	130
1892	73	130
1893	76	130
1894	79	130
1895	82	129
1896	84	130
1897	81	130
1898	79	129
1899	77	130
1900	74	130
1901	72	129
1902	71	130
1903	69	130
1904	68	130
1905	67	130
1906	67	130
1907	66	129
1908	66	130
1909	67	130
1910	71	130
1911	74	130
1912	78	130
1913	82	130
1914	83	130
1915	80	130
1916	77	129
1917	75	129
1918	74	130
1919	73	129
1920	71	130
1921	71	129
1922	70	129
1923	68	130
1924	68	130
1925	68	130
1926	68	130
1927	70	130
1928	72	130
1929	76	130
1930	84	129
1931	90	129
1932	73	130
1933	71	130
1934	69	130
1935	68	130
1936	68	130
1937	67	130
1938	67	130
1939	68	130
1940	70	129
1941	75	130
1942	81	130
1943	83	130
1944	85	129
1945	84	129
1946	76	130
1947	73	130
1948	71	130
1949	69	130
1950	69	130
1951	68	130
1952	67	130
1953	68	130
1954	67	130
1955	67	130
1956	69	130
1957	71	130
1958	75	130
1959	79	130
1960	81	130
1961	76	129
1962	73	130
1963	73	129
1964	73	130
1965	75	130
1966	75	130
1967	76	130
1968	78	129
1969	77	129
1970	77	129
1971	77	130
1972	75	130
1973	75	130
1974	74	130
1975	72	130
1976	70	130
1977	69	129
1978	67	130
1979	67	130
1980	68	129
1981	67	129
1982	68	130
1983	69	130
1984	70	130
1985	73	130
1986	75	130
1987	76	129
1988	79	130
1989	80	130
1990	80	130
1991	81	130
1992	79	130
1993	75	129
1994	74	129
1995	73	130
1996	71	130
1997	71	130
1998	69	129
1999	69	129
2000	69	130
2001	69	129
2002	69	130
2003	70	130
2004	70	129
2005	71	130
2006	74	130
2007	75	130
2008	77	130
2009	79	130
2010	77	130
2011	76	130
2012	74	130
2013	70	130
2014	67	130
2015	65	130
2016	64	130
2017	64	130
2018	63	130
2019	62	129
2020	63	130
2021	63	130
2022	63	130
2023	63	129
2024	63	130
2025	61	130
2026	62	130
2027	62	130
2028	61	130
2029	62	130
2030	62	130
2031	62	130
2032	62	130
2033	62	129
2034	62	129
2035	61	130
2036	61	130
2037	61	130
2038	62	129
2039	61	130
2040	62	130
2041	61	130
2042	61	130
2043	61	130
2044	62	130
2045	61	130
2046	61	130
2047	61	130
2048	61	130
2049	62	129
2050	62	130
2051	61	130
2052	62	130
2053	63	130
2054	150	130
2055	201	130
2056	147	130
2057	91	130
2058	74	130
2059	68	130
2060	66	130
2061	65	130
2062	65	129
2063	63	130
2064	63	130
2065	63	129
2066	63	130
2067	62	130
2068	62	130
2069	61	130
2070	63	130
2071	62	129
2072	61	130
2073	62	130
2074	61	130
2075	60	130
2076	63	130
2077	63	130
2078	65	130
2079	119	129
2080	117	129
2081	108	130
2082	97	130
2083	85	130
2084	77	129
2085	71	130
2086	68	130
2087	66	130
2088	67	129
2089	63	130
2090	64	129
2091	64	130
2092	63	130
2093	63	130
2094	65	130
2095	63	130
2096	63	129
2097	64	129
2098	64	129
2099	67	130
2100	86	129
2101	90	129
2102	97	130
2103	98	130
2104	93	130
2105	86	130
2106	79	129
2107	72	130
2108	70	130
2109	68	130
2110	66	130
2111	65	130
2112	65	130
2113	63	130
2114	64	130
2115	64	129
2116	63	130
2117	64	130
2118	64	130
2119	64	130
2120	68	130
2121	73	130
2122	80	129
2123	87	130
2124	91	130
2125	91	130
2126	90	130
2127	83	130
2128	77	130
2129	74	130
2130	70	130
2131	68	130
2132	69	130
2133	66	130
2134	66	129
2135	66	130
2136	65	130
2137	66	130
2138	67	130
2139	66	129
2140	71	130
2141	77	129
2142	80	130
2143	76	129
2144	71	130
2145	69	129
2146	72	130
2147	74	130
2148	75	130
2149	77	130
2150	78	130
2151	77	130
2152	78	130
2153	77	130
2154	76	130
2155	75	130
2156	74	130
2157	73	130
2158	74	130
2159	71	129
2160	70	130
2161	70	130
2162	70	129
2163	70	129
2164	72	130
2165	71	130
2166	71	129
2167	73	130
2168	73	130
2169	74	130
2170	75	130
2171	74	130
2172	75	130
2173	75	130
2174	74	130
2175	73	130
2176	73	130
2177	71	129
2178	72	129
2179	73	130
2180	72	130
2181	72	130
2182	73	129
2183	73	130
2184	75	130
2185	77	130
2186	77	130
2187	79	130
2188	79	130
2189	78	129
2190	74	130
2191	70	129
2192	67	130
2193	67	129
2194	67	130
2195	67	130
2196	68	130
2197	68	130
2198	68	130
2199	71	130
2200	74	130
2201	76	130
2202	80	130
2203	82	130
2204	82	130
2205	82	130
2206	80	129
2207	77	130
2208	74	130
2209	72	130
2210	69	130
2211	70	130
2212	68	130
2213	67	130
2214	67	130
2215	66	130
2216	65	130
2217	68	129
2218	68	130
2219	69	130
2220	73	130
2221	75	130
2222	77	130
2223	82	130
2224	82	129
2225	83	129
2226	83	130
2227	80	130
2228	78	130
2229	76	130
2230	71	130
2231	71	130
2232	69	130
2233	68	130
2234	68	130
2235	69	130
2236	67	130
2237	68	130
2238	68	130
2239	69	130
2240	70	129
2241	73	130
2242	73	129
2243	78	130
2244	79	130
2245	80	129
2246	81	130
2247	80	129
2248	76	130
2249	77	129
2250	75	129
2251	72	130
2252	71	130
2253	70	129
2254	67	130
2255	69	130
2256	68	130
2257	68	130
2258	69	130
2259	69	130
2260	69	130
2261	73	130
2262	73	130
2263	75	129
2264	77	130
2265	77	130
2266	78	130
2267	81	130
2268	77	129
2269	76	130
2270	75	130
2271	73	129
2272	72	130
2273	73	130
2274	69	130
2275	70	130
2276	70	129
2277	69	130
2278	69	130
2279	70	130
2280	69	130
2281	72	129
2282	74	129
2283	74	130
2284	76	130
2285	77	130
2286	76	129
2287	79	129
2288	78	129
2289	76	130
2290	76	130
2291	74	130
2292	72	130
2293	73	130
2294	70	130
2295	69	129
2296	70	130
2297	69	130
2298	69	130
2299	71	130
2300	70	130
2301	70	130
2302	72	130
2303	73	130
2304	74	129
2305	77	130
2306	76	130
2307	77	130
2308	77	130
2309	76	129
2310	76	130
2311	75	130
2312	72	130
2313	73	130
2314	72	130
2315	71	130
2316	70	130
2317	70	130
2318	68	129
2319	70	129
2320	71	130
2321	70	129
2322	72	130
2323	73	129
2324	73	130
2325	75	130
2326	77	130
2327	77	129
2328	78	130
2329	78	129
2330	77	130
2331	77	130
2332	75	130
2333	73	130
2334	73	130
2335	72	130
2336	71	129
2337	72	130
2338	70	130
2339	69	130
2340	70	130
2341	69	130
2342	70	130
2343	71	130
2344	72	130
2345	73	130
2346	75	130
2347	76	130
2348	77	130
2349	79	130
2350	78	130
2351	78	130
2352	79	130
2353	77	130
2354	75	130
2355	74	130
2356	71	130
2357	71	129
2358	71	129
2359	69	129
2360	70	130
2361	69	130
2362	69	130
2363	69	130
2364	69	129
2365	68	130
2366	70	130
2367	71	130
2368	72	130
2369	74	130
2370	75	130
2371	74	130
2372	76	130
2373	76	129
2374	76	130
2375	77	130
2376	78	129
2377	77	130
2378	79	130
2379	78	130
2380	78	130
2381	77	130
2382	75	129
2383	73	130
2384	72	130
2385	69	130
2386	68	130
2387	67	130
2388	65	129
2389	65	130
2390	66	130
2391	65	130
2392	65	130
2393	66	130
2394	67	129
2395	73	130
2396	87	130
2397	92	130
2398	76	130
2399	71	129
2400	68	130
2401	67	130
2402	67	130
2403	65	129
2404	67	129
2405	77	130
2406	89	130
2407	80	130
2408	81	130
2409	80	129
2410	81	130
2411	78	130
2412	73	129
2413	71	129
2414	70	130
2415	68	130
2416	70	130
2417	68	129
2418	68	130
2419	68	130
2420	68	129
2421	69	129
2422	74	130
2423	78	129
2424	87	130
2425	88	129
2426	72	130
2427	69	130
2428	69	129
2429	66	129
2430	67	130
2431	67	130
2432	67	130
2433	69	130
2434	73	130
2435	76	130
2436	83	129
2437	91	130
2438	78	130
2439	73	130
2440	73	129
2441	69	129
2442	70	130
2443	69	130
2444	69	130
2445	70	130
2446	71	129
2447	70	130
2448	74	129
2449	75	130
2450	76	130
2451	78	130
2452	79	129
2453	78	129
2454	81	130
2455	79	130
2456	77	130
2457	76	130
2458	73	129
2459	71	130
2460	71	130
2461	69	130
2462	68	130
2463	68	130
2464	67	130
2465	67	129
2466	68	130
2467	66	129
2468	68	130
2469	70	130
2470	73	130
2471	76	130
2472	80	130
2473	80	130
2474	82	130
2475	82	130
2476	80	130
2477	79	130
2478	78	130
2479	74	129
2480	74	129
2481	71	130
2482	70	129
2483	69	130
2484	69	130
2485	67	130
2486	69	130
2487	69	130
2488	69	130
2489	71	130
2490	72	130
2491	72	130
2492	76	130
2493	76	130
2494	77	130
2495	77	130
2496	77	130
2497	75	130
2498	75	130
2499	72	130
2500	71	130
2501	71	129
2502	68	130
2503	67	129
2504	68	130
2505	64	130
2506	64	130
2507	63	129
2508	63	130
2509	63	130
2510	63	130
2511	61	130
2512	64	130
2513	63	130
2514	62	129
2515	62	130
2516	61	130
2517	60	130
2518	63	130
2519	61	130
2520	61	129
2521	61	130
2522	61	130
2523	60	130
2524	63	130
2525	61	130
2526	62	130
2527	62	130
2528	61	130
2529	62	129
2530	63	130
2531	60	130
2532	61	130
2533	62	129
2534	61	130
2535	62	130
2536	63	129
2537	61	130
2538	62	129
2539	62	130
2540	61	130
2541	62	130
2542	68	130
2543	108	130
2544	94	130
2545	103	130
2546	95	130
2547	91	130
2548	85	129
2549	77	130
2550	76	130
2551	71	129
2552	69	130
2553	68	130
2554	67	130
2555	64	130
2556	67	130
2557	65	130
2558	65	129
2559	66	129
2560	66	130
2561	67	130
2562	71	130
2563	74	130
2564	77	130
2565	81	130
2566	83	130
2567	83	130
2568	84	130
2569	78	130
2570	77	130
2571	75	130
2572	73	129
2573	71	130
2574	72	130
2575	70	129
2576	73	130
2577	74	129
2578	75	129
2579	77	130
2580	78	129
2581	76	129
2582	78	130
2583	76	129
2584	73	130
2585	72	129
2586	70	129
2587	67	130
2588	69	130
2589	67	130
2590	66	130
2591	67	130
2592	67	130
2593	67	129
2594	73	130
2595	80	130
2596	81	130
2597	68	129
2598	66	130
2599	65	130
2600	67	130
2601	63	130
2602	64	130
2603	65	130
2604	67	130
2605	92	130
2606	85	129
2607	74	130
2608	73	130
2609	72	130
2610	72	130
2611	74	130
2612	77	130
2613	78	130
2614	83	130
2615	85	130
2616	84	130
2617	84	130
2618	81	130
2619	76	129
2620	74	130
2621	69	130
2622	67	129
2623	67	130
2624	66	130
2625	65	130
2626	67	130
2627	64	130
2628	65	130
2629	67	130
2630	68	130
2631	72	130
2632	78	130
2633	79	130
2634	82	130
2635	84	130
2636	83	130
2637	80	130
2638	79	130
2639	73	130
2640	72	130
2641	70	130
2642	68	130
2643	67	130
2644	67	130
2645	64	130
2646	67	129
2647	67	130
2648	67	130
2649	68	130
2650	69	130
2651	71	129
2652	77	130
2653	80	130
2654	82	130
2655	83	130
2656	83	130
2657	80	130
2658	79	130
2659	75	130
2660	73	129
2661	72	129
2662	70	130
2663	69	130
2664	71	130
2665	69	130
2666	70	129
2667	73	130
2668	76	130
2669	80	130
2670	76	130
2671	68	130
2672	68	130
2673	67	130
2674	67	130
2675	67	130
2676	70	130
2677	71	130
2678	76	129
2679	80	130
2680	82	130
2681	84	130
2682	84	130
2683	80	130
2684	80	130
2685	76	129
2686	73	130
2687	71	130
2688	69	130
2689	67	130
2690	68	130
2691	66	130
2692	66	130
2693	66	130
2694	66	130
2695	67	130
2696	70	130
2697	71	129
2698	76	130
2699	82	130
2700	86	130
2701	76	130
2702	73	130
2703	69	129
2704	69	129
2705	69	130
2706	69	130
2707	69	130
2708	70	130
2709	70	130
2710	73	130
2711	75	129
2712	76	130
2713	78	130
2714	80	130
2715	79	130
2716	81	130
2717	80	130
2718	77	130
2719	76	130
2720	74	130
2721	71	130
2722	71	130
2723	69	130
2724	68	130
2725	69	130
2726	68	130
2727	68	129
2728	71	129
2729	69	130
2730	71	129
2731	74	130
2732	76	130
2733	79	130
2734	82	129
2735	80	130
2736	79	130
2737	78	130
2738	75	130
2739	73	130
2740	71	130
2741	68	130
2742	68	130
2743	68	130
2744	66	130
2745	67	129
2746	66	129
2747	65	130
2748	67	129
2749	69	130
2750	71	130
2751	75	130
2752	79	130
2753	82	129
2754	87	130
2755	89	130
2756	87	129
2757	85	130
2758	82	129
2759	77	130
2760	73	130
2761	68	130
2762	66	130
2763	66	130
2764	65	129
2765	65	129
2766	67	130
2767	65	130
2768	65	130
2769	67	130
2770	67	130
2771	71	130
2772	77	129
2773	81	130
2774	84	130
2775	83	129
2776	75	130
2777	73	130
2778	72	130
2779	71	130
2780	71	130
2781	73	130
2782	73	130
2783	76	130
2784	78	130
2785	75	130
2786	68	130
2787	67	130
2788	66	130
2789	67	130
2790	68	130
2791	71	129
2792	78	130
2793	83	130
2794	86	130
2795	89	129
2796	83	130
2797	72	129
2798	71	129
2799	69	129
2800	67	130
2801	67	130
2802	67	130
2803	67	130
2804	67	129
2805	69	129
2806	73	130
2807	81	129
2808	90	130
2809	74	130
2810	71	129
2811	71	130
2812	72	130
2813	74	130
2814	73	129
2815	73	130
2816	70	129
2817	68	130
2818	69	130
2819	73	129
2820	75	130
2821	80	130
2822	71	130
2823	67	130
2824	67	130
2825	68	130
2826	67	130
2827	71	130
2828	77	130
2829	84	130
2830	91	130
2831	97	129
2832	84	129
2833	71	130
2834	68	130
2835	67	130
2836	67	130
2837	67	130
2838	66	130
2839	68	130
2840	68	130
2841	69	130
2842	72	130
2843	73	130
2844	75	130
2845	80	130
2846	82	130
2847	87	129
2848	71	130
2849	66	130
2850	64	130
2851	65	129
2852	63	130
2853	63	129
2854	64	129
2855	63	129
2856	64	130
2857	78	130
2858	71	130
2859	68	129
2860	67	130
2861	68	130
2862	74	130
2863	83	129
2864	89	130
2865	96	129
2866	95	130
2867	80	130
2868	75	130
2869	73	130
2870	69	130
2871	69	130
2872	67	130
2873	67	130
2874	67	129
2875	66	130
2876	65	130
2877	67	129
2878	67	130
2879	68	130
2880	71	129
2881	74	130
2882	75	130
2883	81	130
2884	83	130
2885	83	130
2886	82	130
2887	80	130
2888	76	130
2889	76	130
2890	73	130
2891	71	130
2892	71	130
2893	70	130
2894	69	130
2895	70	129
2896	68	130
2897	69	129
2898	71	130
2899	71	130
2900	73	130
2901	75	129
2902	74	130
2903	75	129
2904	75	129
2905	75	130
2906	75	130
2907	76	129
2908	74	130
2909	75	130
2910	75	130
2911	74	130
2912	74	130
2913	73	129
2914	71	130
2915	73	130
2916	72	130
2917	71	130
2918	71	130
2919	71	130
2920	69	130
2921	72	130
2922	72	130
2923	72	130
2924	73	130
2925	73	130
2926	72	130
2927	75	129
2928	73	130
2929	73	130
2930	74	130
2931	73	130
2932	73	130
2933	75	130
2934	72	130
2935	73	129
2936	73	130
2937	73	130
2938	73	130
2939	75	130
2940	73	129
2941	74	130
2942	75	129
2943	75	130
2944	75	130
2945	75	130
2946	73	130
2947	75	130
2948	74	130
2949	72	130
2950	72	130
2951	71	130
2952	68	130
2953	70	130
2954	70	129
2955	69	130
2956	70	130
2957	70	130
2958	70	130
2959	73	130
2960	73	129
2961	75	129
2962	77	130
2963	78	130
2964	79	129
2965	79	130
2966	75	130
2967	74	130
2968	75	130
2969	76	130
2970	76	130
2971	78	130
2972	76	129
2973	71	130
2974	68	130
2975	66	130
2976	66	130
2977	66	130
2978	64	130
2979	66	130
2980	67	130
2981	67	130
2982	71	129
2983	76	130
2984	79	129
2985	83	129
2986	84	130
2987	77	129
2988	75	129
2989	75	130
2990	73	129
2991	74	130
2992	72	130
2993	70	130
2994	69	130
2995	67	130
2996	65	130
2997	65	130
2998	63	130
2999	62	130
3000	63	130
3001	63	130
3002	62	130
3003	64	130
3004	63	130
3005	62	130
3006	62	130
3007	62	130
3008	62	130
3009	62	130
3010	61	129
3011	61	129
3012	62	130
3013	61	130
3014	61	129
3015	61	130
3016	60	130
3017	61	130
3018	62	129
3019	62	130
3020	61	130
3021	61	130
3022	61	130
3023	61	130
3024	62	130
3025	61	130
3026	62	129
3027	61	130
3028	61	130
3029	62	130
3030	62	129
3031	61	130
3032	62	130
3033	62	130
3034	67	130
3035	103	130
3036	156	130
3037	123	130
3038	103	130
3039	82	130
3040	73	130
3041	69	130
3042	67	129
3043	65	130
3044	64	130
3045	64	130
3046	63	130
3047	63	130
3048	63	129
3049	62	130
3050	63	129
3051	63	130
3052	62	130
3053	63	129
3054	63	130
3055	64	130
3056	86	130
3057	96	130
3058	86	129
3059	87	130
3060	88	130
3061	85	130
3062	82	129
3063	78	130
3064	75	130
3065	72	130
3066	69	129
3067	68	130
3068	68	130
3069	66	129
3070	66	130
3071	66	130
3072	66	129
3073	66	130
3074	68	130
3075	67	130
3076	70	130
3077	75	130
3078	78	130
3079	81	129
3080	84	129
3081	83	130
3082	83	130
3083	81	130
3084	77	130
3085	75	129
3086	72	130
3087	69	130
3088	69	129
3089	69	130
3090	67	130
3091	67	130
3092	67	130
3093	65	130
3094	67	130
3095	68	129
3096	69	130
3097	72	129
3098	75	130
3099	78	130
3100	81	130
3101	82	130
3102	83	129
3103	82	130
3104	80	129
3105	78	129
3106	77	129
3107	73	130
3108	71	130
3109	70	130
3110	69	129
3111	68	130
3112	69	130
3113	67	130
3114	68	130
3115	69	130
3116	70	130
3117	71	130
3118	74	130
3119	75	129
3120	78	129
3121	79	129
3122	80	130
3123	79	129
3124	78	130
3125	75	130
3126	75	130
3127	73	130
3128	71	130
3129	70	130
3130	69	130
3131	68	129
3132	69	130
3133	69	130
3134	69	129
3135	70	129
3136	72	130
3137	75	130
3138	80	129
3139	85	129
3140	74	130
3141	68	130
3142	67	129
3143	66	130
3144	68	130
3145	67	130
3146	68	130
3147	73	129
3148	79	130
3149	86	130
3150	92	130
3151	94	130
3152	79	130
3153	72	130
3154	69	130
3155	67	129
3156	66	130
3157	64	130
3158	65	130
3159	65	130
3160	64	129
3161	64	130
3162	65	130
3163	67	130
3164	81	130
3165	89	130
3166	89	130
3167	69	129
3168	66	130
3169	65	130
3170	65	130
3171	64	130
3172	64	130
3173	65	130
3174	68	130
3175	81	130
3176	89	130
3177	95	129
3178	84	130
3179	82	130
3180	80	129
3181	77	130
3182	75	130
3183	73	130
3184	70	130
3185	69	130
3186	68	130
3187	67	130
3188	67	130
3189	66	130
3190	66	130
3191	69	130
3192	72	129
3193	77	130
3194	85	129
3195	73	130
3196	69	130
3197	69	130
3198	69	130
3199	69	130
3200	71	130
3201	73	130
3202	75	130
3203	77	130
3204	79	130
3205	81	130
3206	81	130
3207	80	130
3208	79	129
3209	78	129
3210	75	130
3211	73	130
3212	72	130
3213	71	130
3214	71	130
3215	71	130
3216	69	130
3217	69	130
3218	70	129
3219	70	130
3220	70	130
3221	70	130
3222	68	130
3223	68	130
3224	67	129
3225	68	129
3226	70	130
3227	73	130
3228	75	130
3229	81	130
3230	83	130
3231	84	130
3232	84	130
3233	81	129
3234	77	129
3235	75	130
3236	72	130
3237	70	130
3238	69	130
3239	68	130
3240	68	129
3241	68	130
3242	67	129
3243	67	129
3244	68	130
3245	69	130
3246	71	129
3247	75	130
3248	76	130
3249	77	130
3250	79	130
3251	79	130
3252	78	130
3253	77	129
3254	74	130
3255	73	130
3256	71	130
3257	70	130
3258	69	130
3259	69	129
3260	68	130
3261	70	130
3262	70	130
3263	71	130
3264	74	129
3265	77	129
3266	79	130
3267	83	130
3268	85	130
3269	85	130
3270	83	130
3271	80	130
3272	75	130
3273	73	129
3274	70	130
3275	68	130
3276	67	130
3277	66	130
3278	66	130
3279	67	130
3280	65	130
3281	64	129
3282	65	130
3283	66	130
3284	68	129
3285	76	130
3286	83	129
3287	82	129
3288	71	130
3289	69	130
3290	68	130
3291	68	130
3292	68	129
3293	70	130
3294	73	130
3295	76	130
3296	80	129
3297	84	130
3298	87	130
3299	89	130
3300	88	129
3301	75	130
3302	70	130
3303	68	129
3304	66	130
3305	66	130
3306	66	130
3307	65	129
3308	65	130
3309	66	130
3310	66	130
3311	67	130
3312	69	130
3313	74	130
3314	79	130
3315	83	130
3316	86	130
3317	87	129
3318	81	130
3319	74	130
3320	72	129
3321	71	130
3322	70	130
3323	69	130
3324	69	130
3325	68	130
3326	69	130
3327	69	130
3328	69	129
3329	71	130
3330	73	130
3331	75	130
3332	79	130
3333	81	130
3334	82	130
3335	82	130
3336	80	129
3337	77	130
3338	77	130
3339	74	130
3340	71	130
3341	70	130
3342	69	130
3343	67	130
3344	67	130
3345	67	130
3346	67	129
3347	67	130
3348	67	130
3349	68	130
3350	70	129
3351	71	130
3352	75	130
3353	78	130
3354	81	129
3355	84	129
3356	86	129
3357	84	129
3358	81	130
3359	75	130
3360	71	130
3361	69	130
3362	69	130
3363	67	130
3364	68	130
3365	68	130
3366	68	130
3367	69	129
3368	70	130
3369	71	130
3370	75	130
3371	77	130
3372	79	130
3373	81	130
3374	79	130
3375	68	130
3376	68	130
3377	67	129
3378	67	130
3379	68	130
3380	71	130
3381	80	130
3382	73	130
3383	69	129
3384	68	130
3385	70	129
3386	72	130
3387	75	129
3388	79	130
3389	82	130
3390	85	130
3391	78	129
3392	72	130
3393	70	130
3394	71	129
3395	69	130
3396	69	129
3397	70	130
3398	72	130
3399	75	130
3400	79	130
3401	82	130
3402	85	130
3403	78	130
3404	71	130
3405	69	130
3406	68	130
3407	66	130
3408	66	130
3409	66	129
3410	66	129
3411	66	129
3412	67	130
3413	68	130
3414	72	130
3415	77	130
3416	83	130
3417	87	129
3418	76	130
3419	71	130
3420	70	129
3421	69	129
3422	68	130
3423	69	130
3424	69	130
3425	72	130
3426	77	130
3427	81	130
3428	75	130
3429	70	130
3430	69	129
3431	69	130
3432	71	129
3433	73	130
3434	75	130
3435	78	130
3436	79	130
3437	80	130
3438	80	130
3439	79	129
3440	77	130
3441	76	130
3442	74	130
3443	72	130
3444	71	130
3445	69	130
3446	68	130
3447	69	130
3448	69	130
3449	69	129
3450	69	130
3451	69	130
3452	70	130
3453	72	130
3454	73	130
3455	75	130
3456	77	130
3457	78	130
3458	79	129
3459	79	130
3460	78	130
3461	77	130
3462	76	130
3463	75	130
3464	73	130
3465	73	130
3466	71	130
3467	71	129
3468	71	129
3469	71	130
3470	71	130
3471	71	129
3472	71	130
3473	73	130
3474	73	130
3475	74	130
3476	74	130
3477	74	130
3478	73	130
3479	74	130
3480	74	130
3481	74	130
3482	73	130
3483	71	130
3484	69	130
3485	69	130
3486	67	130
3487	65	130
3488	64	130
3489	63	129
3490	63	130
3491	63	130
3492	62	130
3493	62	129
3494	62	130
3495	62	129
3496	62	130
3497	63	130
3498	62	129
3499	61	130
3500	61	130
3501	61	130
3502	61	130
3503	62	129
3504	61	129
3505	62	130
3506	62	129
3507	61	130
3508	61	130
3509	62	130
3510	60	130
3511	62	130
3512	62	130
3513	62	130
3514	61	130
3515	61	129
3516	60	130
3517	61	130
3518	62	130
3519	61	129
3520	61	129
3521	61	130
3522	61	130
3523	62	130
3524	62	130
3525	65	129
3526	190	130
3527	193	130
3528	113	130
3529	85	129
3530	71	130
3531	67	130
3532	65	129
3533	64	130
3534	63	130
3535	64	130
3536	63	130
3537	62	130
3538	62	129
3539	62	130
3540	62	130
3541	62	130
3542	62	130
3543	62	130
3544	62	130
3545	62	130
3546	62	130
3547	62	130
3548	61	130
3549	62	130
3550	65	130
3551	127	130
3552	126	130
3553	124	130
3554	97	130
3555	81	130
3556	73	130
3557	69	130
3558	67	130
3559	65	130
3560	64	129
3561	63	130
3562	63	130
3563	63	130
3564	63	130
3565	63	130
3566	62	130
3567	63	130
3568	63	130
3569	62	130
3570	63	130
3571	63	130
3572	65	130
3573	82	130
3574	103	130
3575	105	130
3576	105	130
3577	95	129
3578	84	129
3579	76	130
3580	71	130
3581	68	130
3582	67	130
3583	66	130
3584	65	130
3585	64	130
3586	63	130
3587	62	130
3588	63	130
3589	63	130
3590	63	130
3591	64	130
3592	64	130
3593	65	129
3594	76	130
3595	87	130
3596	93	129
3597	82	130
3598	81	129
3599	80	130
3600	79	130
3601	77	130
3602	75	130
3603	73	129
3604	72	129
3605	71	130
3606	71	130
3607	69	130
3608	69	130
3609	69	130
3610	69	130
3611	69	129
3612	71	130
3613	71	130
3614	73	130
3615	74	129
3616	76	130
3617	77	130
3618	79	130
3619	78	130
3620	78	130
3621	78	130
3622	76	130
3623	75	130
3624	73	130
3625	71	130
3626	70	130
3627	70	129
3628	69	129
3629	69	130
3630	69	130
3631	68	130
3632	69	129
3633	70	129
3634	71	130
3635	72	130
3636	73	130
3637	75	130
3638	76	130
3639	77	130
3640	77	129
3641	77	130
3642	76	130
3643	75	130
3644	75	130
3645	74	130
3646	72	130
3647	72	130
3648	71	130
3649	70	130
3650	71	130
3651	71	130
3652	70	130
3653	71	129
3654	71	130
3655	72	130
3656	74	130
3657	74	130
3658	75	130
3659	76	130
3660	77	130
3661	77	130
3662	77	130
3663	75	129
3664	75	130
3665	75	130
3666	74	130
3667	73	130
3668	73	130
3669	72	129
3670	71	130
3671	72	129
3672	72	130
3673	72	130
3674	72	130
3675	73	130
3676	73	130
3677	75	130
3678	74	130
3679	74	130
3680	74	130
3681	73	130
3682	73	130
3683	73	130
3684	72	130
3685	71	130
3686	70	130
3687	70	130
3688	71	130
3689	71	129
3690	71	130
3691	72	130
3692	73	130
3693	74	130
3694	75	130
3695	76	130
3696	76	130
3697	78	129
3698	78	130
3699	78	130
3700	77	130
3701	77	130
3702	74	130
3703	74	130
3704	74	130
3705	73	130
3706	71	130
3707	69	130
3708	67	130
3709	67	130
3710	66	130
3711	66	130
3712	67	130
3713	68	130
3714	69	130
3715	74	129
3716	77	129
3717	79	130
3718	83	130
3719	83	130
3720	83	130
3721	81	130
3722	78	130
3723	75	130
3724	72	130
3725	71	129
3726	69	130
3727	69	129
3728	67	130
3729	67	130
3730	67	129
3731	67	130
3732	67	130
3733	68	130
3734	69	130
3735	72	130
3736	75	130
3737	77	130
3738	79	130
3739	81	130
3740	80	130
3741	79	130
3742	78	130
3743	75	130
3744	73	130
3745	72	130
3746	70	130
3747	69	130
3748	69	130
3749	68	130
3750	68	130
3751	68	130
3752	68	129
3753	70	129
3754	71	129
3755	72	130
3756	74	130
3757	77	130
3758	79	130
3759	81	130
3760	81	130
3761	80	129
3762	79	129
3763	77	130
3764	75	130
3765	73	129
3766	72	130
3767	71	130
3768	70	129
3769	70	130
3770	69	130
3771	69	130
3772	69	130
3773	69	130
3774	71	130
3775	72	130
3776	73	130
3777	75	130
3778	76	130
3779	76	130
3780	77	130
3781	77	130
3782	77	130
3783	76	130
3784	74	130
3785	73	130
3786	73	130
3787	71	130
3788	70	130
3789	69	129
3790	69	130
3791	69	129
3792	71	130
3793	70	130
3794	70	130
3795	71	130
3796	73	130
3797	74	130
3798	77	129
3799	77	130
3800	78	130
3801	78	130
3802	78	130
3803	77	130
3804	76	130
3805	73	130
3806	73	129
3807	72	130
3808	71	130
3809	70	130
3810	70	130
3811	68	130
3812	69	130
3813	70	129
3814	70	129
3815	71	129
3816	72	130
3817	73	130
3818	75	130
3819	76	129
3820	77	129
3821	79	130
3822	79	130
3823	78	130
3824	78	130
3825	75	130
3826	73	130
3827	72	130
3828	71	130
3829	70	130
3830	70	130
3831	69	130
3832	68	130
3833	68	130
3834	68	129
3835	68	129
3836	69	130
3837	70	130
3838	71	130
3839	73	130
3840	74	129
3841	75	130
3842	76	130
3843	76	130
3844	76	130
3845	77	130
3846	76	129
3847	76	130
3848	76	130
3849	76	130
3850	77	130
3851	79	130
3852	80	129
3853	81	130
3854	72	130
3855	68	130
3856	67	130
3857	67	130
3858	66	130
3859	66	130
3860	66	130
3861	67	130
3862	69	130
3863	72	130
3864	75	130
3865	79	130
3866	81	130
3867	80	129
3868	78	130
3869	77	130
3870	74	129
3871	71	130
3872	71	129
3873	70	130
3874	70	130
3875	70	129
3876	70	129
3877	71	130
3878	72	129
3879	73	130
3880	74	130
3881	74	129
3882	74	130
3883	76	130
3884	76	129
3885	75	130
3886	75	130
3887	74	130
3888	72	129
3889	72	130
3890	71	130
3891	71	130
3892	70	130
3893	70	130
3894	70	129
3895	71	130
3896	71	130
3897	71	130
3898	72	130
3899	73	130
3900	74	130
3901	76	130
3902	76	130
3903	76	129
3904	76	130
3905	76	129
3906	75	129
3907	75	130
3908	74	129
3909	73	130
3910	72	130
3911	72	130
3912	71	130
3913	71	130
3914	70	129
3915	71	130
3916	72	130
3917	72	130
3918	73	130
3919	73	130
3920	73	130
3921	74	129
3922	75	130
3923	75	129
3924	75	130
3925	75	130
3926	74	130
3927	74	129
3928	74	130
3929	73	130
3930	72	130
3931	72	130
3932	72	130
3933	72	129
3934	71	130
3935	71	129
3936	72	130
3937	72	130
3938	72	130
3939	73	130
3940	74	130
3941	73	130
3942	74	130
3943	74	130
3944	74	130
3945	75	130
3946	75	129
3947	74	130
3948	74	130
3949	73	130
3950	73	130
3951	73	130
3952	72	130
3953	72	130
3954	72	130
3955	72	130
3956	72	129
3957	72	130
3958	72	130
3959	72	130
3960	73	130
3961	73	130
3962	74	130
3963	74	130
3964	74	130
3965	74	130
3966	74	129
3967	74	130
3968	74	130
3969	74	130
3970	74	130
3971	74	130
3972	74	130
3973	73	130
3974	72	130
3975	71	129
3976	69	130
3977	67	130
3978	67	130
3979	64	130
3980	63	129
3981	63	129
3982	63	130
3983	62	130
3984	63	130
3985	62	130
3986	63	130
3987	63	130
3988	62	130
3989	62	129
3990	62	130
3991	60	130
3992	61	130
3993	62	130
3994	61	130
3995	61	130
3996	61	130
3997	60	129
3998	62	130
3999	62	130
4000	61	130
4001	62	130
4002	62	130
4003	61	130
4004	62	130
4005	61	130
4006	61	130
4007	61	130
4008	62	130
4009	61	130
4010	63	130
4011	62	130
4012	61	130
4013	62	130
4014	62	130
4015	62	130
4016	64	130
4017	107	130
4018	226	130
4019	141	130
4020	94	130
4021	75	130
4022	69	130
4023	66	130
4024	64	130
4025	64	130
4026	63	129
4027	63	129
4028	63	130
4029	61	130
4030	62	130
4031	62	130
4032	62	130
4033	62	129
4034	62	130
4035	61	130
4036	61	130
4037	62	130
4038	62	129
4039	62	130
4040	63	130
4041	67	129
4042	101	129
4043	127	129
4044	102	130
4045	92	130
4046	81	130
4047	74	130
4048	70	130
4049	68	130
4050	66	129
4051	65	129
4052	64	129
4053	64	130
4054	64	130
4055	64	129
4056	63	130
4057	63	130
4058	63	130
4059	63	130
4060	64	130
4061	65	129
4062	71	130
4063	84	129
4064	94	130
4065	98	130
4066	96	130
4067	89	130
4068	81	130
4069	75	129
4070	71	129
4071	69	130
4072	67	130
4073	66	130
4074	64	130
4075	65	130
4076	64	130
4077	64	130
4078	64	130
4079	65	129
4080	66	130
4081	70	130
4082	80	130
4083	77	130
4084	72	130
4085	72	130
4086	73	130
4087	77	130
4088	78	130
4089	79	130
4090	81	130
4091	81	130
4092	79	129
4093	79	130
4094	76	129
4095	73	130
