Bias,Current,Resistance
0.0000e+00,1.2532e-08,0.0000e+00
-2.0000e-01,-7.8261e-09,2.5556e+07
-4.0000e-01,-9.1110e-07,4.3903e+05
-6.0000e-01,-5.8468e-05,1.0262e+04
-8.0000e-01,-2.7044e-04,2.9581e+03
-1.0000e+00,-5.4536e-04,1.8337e+03
-1.2000e+00,-8.3776e-04,1.4324e+03
-1.4000e+00,-1.1363e-03,1.2321e+03
-1.6000e+00,-1.4402e-03,1.1110e+03
-1.8000e+00,-1.7434e-03,1.0325e+03
-2.0000e+00,-2.0484e-03,9.7637e+02
-2.2000e+00,-2.3554e-03,9.3402e+02
-2.4000e+00,-2.6630e-03,9.0124e+02
-2.6000e+00,-2.9726e-03,8.7466e+02
-2.8000e+00,-3.2832e-03,8.5283e+02
-3.0000e+00,-3.5952e-03,8.3445e+02
-3.2000e+00,-3.9086e-03,8.1871e+02
-3.4000e+00,-4.2242e-03,8.0489e+02
-3.6000e+00,-4.5416e-03,7.9267e+02
-3.8000e+00,-4.8600e-03,7.8189e+02
-4.0000e+00,-5.1800e-03,7.7220e+02
-4.2000e+00,-5.5002e-03,7.6361e+02
-4.4000e+00,-5.8248e-03,7.5539e+02
-4.6000e+00,-6.1526e-03,7.4765e+02
-4.8000e+00,-6.4816e-03,7.4056e+02
-5.0000e+00,-6.8138e-03,7.3380e+02
-5.2000e+00,-7.1478e-03,7.2750e+02
-5.4000e+00,-7.4840e-03,7.2154e+02
-5.6000e+00,-7.8224e-03,7.1589e+02
-5.8000e+00,-8.1654e-03,7.1031e+02
-6.0000e+00,-8.5162e-03,7.0454e+02
-6.0000e+00,-8.5254e-03,7.0378e+02
-5.8000e+00,-8.1956e-03,7.0770e+02
-5.6000e+00,-7.8628e-03,7.1221e+02
-5.4000e+00,-7.5282e-03,7.1730e+02
-5.2000e+00,-7.1952e-03,7.2270e+02
-5.0000e+00,-6.8648e-03,7.2835e+02
-4.8000e+00,-6.5358e-03,7.3442e+02
-4.6000e+00,-6.2102e-03,7.4072e+02
-4.4000e+00,-5.8844e-03,7.4774e+02
-4.2000e+00,-5.5592e-03,7.5550e+02
-4.0000e+00,-5.2362e-03,7.6391e+02
-3.8000e+00,-4.9128e-03,7.7349e+02
-3.6000e+00,-4.5918e-03,7.8401e+02
-3.4000e+00,-4.2730e-03,7.9569e+02
-3.2000e+00,-3.9554e-03,8.0902e+02
-3.0000e+00,-3.6392e-03,8.2436e+02
-2.8000e+00,-3.3234e-03,8.4251e+02
-2.6000e+00,-3.0090e-03,8.6407e+02
-2.4000e+00,-2.6958e-03,8.9027e+02
-2.2000e+00,-2.3840e-03,9.2282e+02
-2.0000e+00,-2.0734e-03,9.6460e+02
-1.8000e+00,-1.7644e-03,1.0202e+03
-1.6000e+00,-1.4568e-03,1.0983e+03
-1.4000e+00,-1.1502e-03,1.2172e+03
-1.2000e+00,-8.4662e-04,1.4174e+03
-1.0000e+00,-5.4966e-04,1.8193e+03
-8.0000e-01,-2.7050e-04,2.9575e+03
-6.0000e-01,-5.7164e-05,1.0496e+04
-4.0000e-01,-8.7932e-07,4.5490e+05
-2.0000e-01,-7.5573e-09,2.6464e+07
0.0000e+00,1.2950e-08,0.0000e+00
0.0000e+00,1.2682e-08,0.0000e+00
2.0000e-01,1.9656e-08,1.0175e+07
4.0000e-01,2.4509e-08,1.6320e+07
6.0000e-01,2.8345e-08,2.1168e+07
8.0000e-01,3.1477e-08,2.5415e+07
1.0000e+00,3.4231e-08,2.9213e+07
1.2000e+00,3.6680e-08,3.2715e+07
1.4000e+00,3.8842e-08,3.6043e+07
1.6000e+00,4.0707e-08,3.9305e+07
1.8000e+00,4.2469e-08,4.2384e+07
2.0000e+00,4.4023e-08,4.5431e+07
2.2000e+00,4.5511e-08,4.8340e+07
2.4000e+00,4.6855e-08,5.1222e+07
2.6000e+00,4.8097e-08,5.4058e+07
2.8000e+00,4.9216e-08,5.6892e+07
3.0000e+00,5.0313e-08,5.9626e+07
3.2000e+00,5.1309e-08,6.2368e+07
3.4000e+00,5.2246e-08,6.5077e+07
3.6000e+00,5.3132e-08,6.7756e+07
3.8000e+00,5.3946e-08,7.0441e+07
4.0000e+00,5.4793e-08,7.3003e+07
4.2000e+00,5.5539e-08,7.5623e+07
4.4000e+00,5.6240e-08,7.8235e+07
4.6000e+00,5.6949e-08,8.0774e+07
4.8000e+00,5.7567e-08,8.3382e+07
5.0000e+00,5.8266e-08,8.5813e+07
5.2000e+00,5.8817e-08,8.8410e+07
5.4000e+00,5.9360e-08,9.0970e+07
5.6000e+00,5.9973e-08,9.3376e+07
5.8000e+00,6.0475e-08,9.5908e+07
6.0000e+00,6.0986e-08,9.8384e+07
6.0000e+00,6.1021e-08,9.8327e+07
5.8000e+00,6.0521e-08,9.5834e+07
5.6000e+00,6.0030e-08,9.3286e+07
5.4000e+00,5.9495e-08,9.0765e+07
5.2000e+00,5.8929e-08,8.8241e+07
5.0000e+00,5.8360e-08,8.5675e+07
4.8000e+00,5.7698e-08,8.3192e+07
4.6000e+00,5.7090e-08,8.0574e+07
4.4000e+00,5.6411e-08,7.7998e+07
4.2000e+00,5.5795e-08,7.5276e+07
4.0000e+00,5.5027e-08,7.2692e+07
3.8000e+00,5.4212e-08,7.0096e+07
3.6000e+00,5.3407e-08,6.7406e+07
3.4000e+00,5.2539e-08,6.4714e+07
3.2000e+00,5.1589e-08,6.2029e+07
3.0000e+00,5.0621e-08,5.9264e+07
2.8000e+00,4.9537e-08,5.6523e+07
2.6000e+00,4.8392e-08,5.3728e+07
2.4000e+00,4.7151e-08,5.0901e+07
2.2000e+00,4.5819e-08,4.8015e+07
2.0000e+00,4.4326e-08,4.5120e+07
1.8000e+00,4.2761e-08,4.2094e+07
1.6000e+00,4.1021e-08,3.9005e+07
1.4000e+00,3.9140e-08,3.5769e+07
1.2000e+00,3.6984e-08,3.2447e+07
1.0000e+00,3.4547e-08,2.8946e+07
8.0000e-01,3.1798e-08,2.5159e+07
6.0000e-01,2.8589e-08,2.0987e+07
4.0000e-01,2.4740e-08,1.6168e+07
2.0000e-01,1.9823e-08,1.0089e+07
0.0000e+00,1.2786e-08,0.0000e+00
