
TIME STEP:
125 = 0.2ms

VOLTAGE STEP:
CH1:  32 = 0.15V
CH2:  32 = 5V
GND	58	128
N	CH1	CH2

0	66	129
1	65	129
2	63	129
3	63	129
4	63	129
5	63	129
6	64	129
7	64	129
8	65	129
9	66	129
10	66	129
11	66	129
12	65	129
13	65	129
14	64	129
15	64	129
16	63	129
17	63	129
18	63	129
19	63	130
20	63	130
21	61	130
22	61	129
23	62	129
24	62	129
25	62	129
26	62	129
27	61	129
28	61	129
29	61	129
30	62	129
31	61	129
32	61	129
33	61	130
34	62	129
35	62	129
36	62	130
37	61	129
38	62	130
39	62	129
40	63	130
41	64	129
42	64	130
43	65	129
44	65	129
45	65	129
46	65	130
47	64	129
48	63	129
49	63	129
50	63	129
51	63	129
52	63	129
53	63	129
54	63	129
55	69	130
56	75	129
57	70	129
58	67	129
59	65	129
60	64	129
61	65	129
62	64	129
63	63	129
64	63	129
65	63	130
66	64	129
67	63	129
68	62	129
69	63	130
70	63	130
71	63	129
72	63	129
73	63	129
74	62	129
75	63	129
76	63	130
77	63	129
78	63	129
79	63	129
80	63	129
81	63	129
82	63	129
83	63	129
84	64	129
85	64	129
86	64	129
87	65	129
88	65	129
89	65	129
90	65	129
91	65	129
92	66	130
93	66	129
94	65	129
95	65	129
96	65	129
97	65	129
98	65	129
99	65	129
100	64	129
101	64	130
102	64	129
103	63	129
104	64	129
105	63	129
106	63	130
107	63	129
108	62	129
109	62	129
110	63	129
111	62	129
112	62	129
113	62	129
114	61	129
115	62	129
116	62	129
117	61	129
118	61	129
119	62	129
120	62	129
121	62	129
122	62	129
123	62	129
124	62	129
125	62	129
126	62	130
127	62	129
128	63	129
129	63	129
130	65	129
131	67	129
132	66	129
133	64	129
134	64	129
135	63	129
136	63	129
137	64	129
138	64	129
139	66	129
140	69	129
141	67	129
142	65	129
143	64	129
144	63	129
145	63	129
146	63	129
147	63	129
148	63	129
149	63	129
150	63	129
151	63	130
152	63	129
153	64	130
154	65	130
155	65	129
156	66	129
157	66	129
158	65	129
159	64	130
160	64	130
161	64	129
162	63	129
163	64	129
164	64	129
165	64	130
166	65	130
167	66	129
168	67	129
169	69	130
170	69	130
171	69	129
172	68	130
173	67	130
174	67	129
175	66	130
176	65	130
177	65	130
178	64	129
179	63	129
180	63	129
181	63	130
182	62	129
183	63	129
184	62	130
185	62	129
186	62	129
187	62	130
188	62	130
189	62	129
190	62	130
191	62	130
192	62	129
193	62	129
194	62	129
195	62	130
196	62	129
197	62	129
198	63	129
199	63	129
200	64	129
201	67	129
202	74	129
203	74	129
204	73	129
205	71	130
206	69	129
207	68	129
208	66	129
209	65	129
210	64	129
211	64	130
212	63	129
213	63	130
214	63	129
215	62	129
216	62	130
217	62	129
218	62	129
219	61	130
220	62	129
221	62	129
222	62	129
223	61	129
224	61	129
225	61	129
226	61	129
227	61	129
228	62	129
229	62	129
230	62	129
231	62	129
232	63	129
233	64	129
234	65	129
235	66	130
236	66	129
237	66	130
238	65	129
239	64	129
240	63	129
241	63	129
242	63	129
243	63	129
244	63	129
245	62	129
246	62	129
247	62	129
248	62	130
249	62	129
250	62	129
251	61	129
252	61	129
253	61	129
254	61	129
255	61	129
256	61	129
257	61	129
258	61	129
259	61	129
260	61	129
261	61	129
262	61	130
263	62	130
264	62	129
265	64	129
266	71	129
267	83	129
268	78	129
269	69	130
270	67	129
271	66	129
272	65	129
273	64	129
274	64	129
275	63	130
276	63	130
277	63	130
278	63	129
279	62	129
280	62	130
281	62	130
282	62	129
283	62	130
284	62	130
285	62	129
286	62	129
287	62	129
288	62	129
289	62	129
290	62	129
291	62	129
292	62	129
293	62	130
294	62	129
295	62	129
296	63	129
297	63	129
298	64	129
299	64	129
300	65	129
301	65	129
302	65	130
303	66	129
304	67	130
305	67	130
306	68	129
307	68	129
308	68	130
309	68	129
310	68	129
311	67	130
312	67	129
313	66	129
314	65	129
315	64	129
316	64	129
317	64	129
318	63	129
319	63	129
320	63	129
321	63	129
322	63	129
323	62	129
324	62	129
325	62	129
326	62	129
327	62	130
328	62	129
329	62	130
330	62	129
331	62	130
332	62	129
333	63	129
334	63	129
335	64	129
336	66	129
337	74	129
338	76	129
339	76	130
340	74	129
341	71	129
342	67	129
343	66	129
344	65	129
345	64	129
346	63	130
347	63	130
348	63	130
349	63	130
350	62	130
351	62	130
352	62	129
353	62	129
354	62	129
355	62	130
356	61	129
357	61	129
358	61	129
359	61	130
360	61	129
361	61	129
362	61	129
363	61	129
364	61	129
365	61	129
366	61	130
367	61	130
368	61	129
369	62	129
370	62	129
371	62	129
372	63	129
373	63	130
374	65	129
375	66	129
376	67	129
377	67	129
378	66	129
379	65	129
380	64	129
381	64	129
382	63	129
383	63	129
384	63	129
385	63	129
386	63	129
387	63	129
388	63	129
389	67	129
390	89	129
391	66	129
392	64	129
393	64	129
394	63	129
395	63	130
396	63	129
397	62	130
398	62	129
399	63	130
400	63	129
401	64	129
402	65	129
403	67	129
404	69	129
405	69	129
406	67	129
407	66	129
408	65	130
409	64	129
410	64	129
411	63	129
412	63	129
413	63	129
414	62	129
415	62	129
416	62	129
417	62	129
418	62	129
419	61	129
420	61	129
421	61	129
422	61	129
423	61	129
424	62	129
425	61	129
426	61	129
427	62	129
428	61	129
429	61	129
430	61	129
431	61	129
432	61	130
433	62	129
434	61	129
435	61	129
436	62	129
437	62	129
438	64	129
439	67	130
440	69	129
441	67	129
442	65	129
443	64	130
444	63	130
445	63	129
446	63	130
447	63	129
448	63	129
449	62	129
450	63	129
451	62	130
452	61	129
453	62	129
454	62	130
455	62	129
456	62	130
457	63	129
458	67	129
459	85	129
460	81	129
461	68	129
462	67	129
463	66	129
464	65	129
465	65	129
466	64	129
467	63	129
468	63	130
469	63	129
470	62	130
471	63	130
472	62	130
473	62	129
474	62	130
475	62	129
476	62	129
477	62	129
478	62	129
479	62	129
480	62	129
481	62	129
482	63	129
483	63	129
484	62	129
485	64	129
486	65	129
487	66	129
488	67	129
489	68	130
490	68	129
491	68	129
492	67	129
493	67	129
494	66	129
495	65	129
496	64	129
497	64	129
498	63	130
499	63	129
500	63	129
501	62	129
502	62	129
503	63	129
504	62	129
505	62	129
506	62	129
507	62	129
508	61	130
509	62	130
510	61	129
511	61	130
512	61	129
513	62	129
514	62	129
515	62	129
516	61	129
517	62	129
518	63	129
519	63	129
520	65	130
521	68	129
522	70	129
523	71	129
524	71	129
525	70	129
526	69	129
527	68	129
528	66	129
529	66	129
530	65	129
531	64	129
532	64	129
533	63	129
534	62	129
535	63	129
536	63	129
537	62	129
538	62	129
539	62	129
540	62	129
541	63	129
542	62	129
543	62	129
544	62	129
545	62	129
546	62	129
547	63	129
548	62	129
549	62	129
550	62	129
551	62	129
552	62	129
553	63	130
554	63	130
555	63	129
556	64	129
557	66	129
558	69	130
559	70	130
560	69	129
561	69	129
562	68	129
563	67	129
564	67	129
565	65	129
566	64	129
567	64	129
568	64	130
569	64	129
570	63	129
571	63	130
572	63	129
573	63	129
574	62	129
575	63	130
576	62	129
577	62	130
578	63	130
579	63	129
580	62	129
581	63	130
582	62	130
583	62	129
584	62	130
585	62	129
586	63	130
587	63	129
588	62	129
589	62	129
590	63	130
591	62	130
592	62	130
593	63	129
594	63	129
595	63	130
596	64	130
597	63	129
598	64	130
599	64	129
600	66	130
601	73	129
602	81	129
603	67	129
604	64	129
605	64	129
606	63	129
607	63	129
608	63	130
609	63	130
610	64	130
611	64	130
612	64	130
613	65	130
614	65	130
615	67	130
616	69	129
617	68	130
618	67	129
619	65	129
620	64	129
621	64	130
622	63	129
623	63	130
624	63	130
625	62	129
626	62	129
627	62	129
628	62	129
629	60	129
630	61	129
631	61	129
632	62	130
633	61	130
634	61	130
635	60	130
636	61	129
637	61	129
638	61	129
639	61	130
640	61	129
641	62	130
642	62	129
643	62	130
644	62	129
645	62	129
646	62	129
647	63	129
648	63	129
649	66	130
650	70	130
651	71	129
652	70	129
653	69	129
654	69	129
655	69	129
656	67	130
657	66	129
658	66	129
659	66	129
660	66	129
661	64	129
662	64	129
663	64	129
664	64	129
665	63	129
666	63	129
667	63	130
668	63	129
669	63	129
670	62	129
671	62	129
672	62	129
673	61	129
674	61	129
675	62	129
676	62	130
677	61	129
678	62	129
679	61	130
680	63	129
681	65	129
682	71	129
683	72	129
684	66	130
685	65	129
686	63	129
687	65	129
688	63	129
689	62	129
690	62	129
691	62	129
692	63	129
693	61	129
694	62	129
695	63	129
696	62	130
697	62	130
698	62	129
699	63	129
700	62	130
701	62	130
702	62	130
703	62	129
704	62	129
705	63	129
706	63	129
707	63	130
708	63	129
709	65	129
710	66	129
711	67	129
712	67	129
713	66	129
714	67	130
715	67	130
716	66	130
717	66	129
718	64	130
719	64	130
720	65	130
721	64	129
722	63	129
723	63	130
724	63	129
725	62	129
726	63	129
727	63	130
728	62	129
729	62	129
730	64	129
731	63	129
732	62	129
733	63	129
734	63	129
735	63	129
736	64	129
737	66	129
738	69	130
739	68	129
740	68	129
741	68	129
742	67	129
743	64	129
744	65	129
745	65	130
746	64	129
747	64	129
748	64	129
749	63	129
750	62	129
751	64	129
752	64	129
753	63	129
754	63	129
755	64	129
756	65	129
757	64	129
758	64	129
759	65	129
760	64	129
761	64	129
762	64	129
763	64	129
764	63	129
765	63	129
766	63	129
767	63	129
768	61	129
769	62	129
770	63	129
771	62	129
772	61	129
773	62	129
774	62	129
775	62	129
776	61	129
777	62	129
778	62	130
779	61	130
780	62	129
781	63	130
782	61	129
783	61	129
784	62	129
785	62	129
786	62	129
787	62	129
788	63	129
789	67	129
790	73	130
791	73	129
792	72	129
793	70	129
794	67	129
795	67	129
796	66	129
797	65	129
798	64	129
799	64	130
800	64	129
801	63	130
802	63	129
803	64	129
804	64	130
805	63	129
806	64	130
807	65	129
808	63	129
809	64	130
810	64	129
811	64	129
812	64	129
813	64	129
814	65	129
815	63	130
816	63	129
817	63	129
818	63	129
819	62	129
820	63	129
821	63	129
822	62	129
823	62	129
824	62	129
825	62	129
826	61	129
827	62	129
828	62	129
829	61	129
830	62	129
831	62	129
832	63	129
833	61	129
834	61	129
835	62	129
836	62	129
837	62	129
838	62	130
839	62	129
840	62	129
841	64	129
842	63	129
843	64	129
844	65	129
845	67	129
846	67	129
847	69	130
848	70	129
849	70	129
850	69	129
851	68	129
852	69	129
853	67	129
854	65	129
855	66	130
856	65	129
857	65	129
858	64	129
859	66	129
860	67	129
861	67	129
862	67	129
863	68	129
864	67	129
865	65	129
866	66	129
867	65	129
868	64	129
869	64	129
870	63	129
871	62	130
872	63	129
873	62	129
874	62	129
875	62	129
876	62	129
877	62	129
878	62	129
879	61	129
880	62	129
881	61	129
882	61	129
883	61	130
884	62	130
885	61	129
886	61	129
887	62	129
888	61	129
889	61	130
890	60	129
891	61	129
892	61	129
893	62	129
894	63	129
895	63	130
896	64	129
897	65	130
898	67	130
899	67	129
900	65	129
901	65	130
902	64	129
903	65	129
904	63	130
905	63	129
906	63	129
907	63	129
908	63	129
909	63	129
910	63	130
911	62	129
912	64	130
913	64	129
914	64	129
915	65	130
916	64	130
917	65	129
918	66	129
919	68	129
920	71	129
921	72	129
922	73	130
923	68	130
924	67	129
925	65	129
926	64	130
927	64	129
928	63	130
929	64	129
930	63	129
931	63	129
932	63	129
933	63	129
934	62	129
935	61	130
936	62	130
937	62	129
938	62	129
939	62	129
940	62	129
941	61	129
942	61	129
943	62	129
944	62	130
945	62	130
946	62	129
947	62	129
948	63	129
949	62	129
950	63	129
951	63	130
952	64	129
953	65	129
954	66	129
955	67	129
956	72	129
957	71	129
958	68	129
959	66	129
960	65	129
961	65	129
962	64	129
963	63	129
964	63	129
965	62	129
966	63	129
967	62	129
968	63	129
969	63	129
970	64	129
971	67	129
972	77	129
973	66	129
974	64	129
975	63	129
976	63	129
977	63	129
978	62	129
979	62	129
980	62	129
981	61	129
982	62	129
983	61	130
984	62	129
985	62	130
986	63	129
987	62	129
988	62	129
989	62	129
990	63	130
991	63	130
992	64	129
993	65	129
994	65	130
995	64	129
996	64	130
997	64	129
998	63	129
999	62	130
1000	62	129
1001	63	129
1002	63	129
1003	62	129
1004	62	129
1005	61	129
1006	61	130
1007	62	129
1008	63	130
1009	63	130
1010	64	129
1011	65	130
1012	67	129
1013	67	129
1014	66	129
1015	65	129
1016	64	129
1017	64	129
1018	65	129
1019	65	129
1020	64	129
1021	63	129
1022	64	129
1023	63	130
1024	64	129
1025	63	129
1026	63	129
1027	64	130
1028	64	129
1029	63	129
1030	63	130
1031	62	130
1032	62	129
1033	63	130
1034	64	130
1035	63	130
1036	63	129
1037	62	129
1038	62	130
1039	63	130
1040	63	129
1041	63	129
1042	63	130
1043	63	130
1044	64	129
1045	64	129
1046	63	130
1047	64	129
1048	65	129
1049	67	129
1050	70	129
1051	72	130
1052	71	129
1053	70	129
1054	68	130
1055	67	129
1056	65	129
1057	64	129
1058	64	129
1059	63	129
1060	63	130
1061	63	129
1062	63	129
1063	61	129
1064	61	129
1065	62	130
1066	62	129
1067	62	129
1068	62	129
1069	61	129
1070	62	129
1071	62	130
1072	62	129
1073	62	129
1074	61	129
1075	62	130
1076	63	129
1077	63	129
1078	61	129
1079	61	129
1080	62	129
1081	62	129
1082	64	130
1083	64	130
1084	65	130
1085	67	129
1086	70	130
1087	71	129
1088	71	130
1089	69	130
1090	69	130
1091	68	129
1092	67	129
1093	66	130
1094	65	130
1095	63	130
1096	63	129
1097	64	129
1098	63	130
1099	63	129
1100	63	130
1101	62	129
1102	63	129
1103	62	130
1104	62	129
1105	62	129
1106	62	129
1107	62	129
1108	63	129
1109	63	129
1110	61	129
1111	62	129
1112	62	129
1113	62	129
1114	63	129
1115	62	129
1116	62	129
1117	63	129
1118	63	129
1119	64	129
1120	64	130
1121	65	129
1122	67	129
1123	68	129
1124	67	129
1125	67	129
1126	67	129
1127	65	130
1128	65	130
1129	65	129
1130	64	129
1131	64	129
1132	63	129
1133	64	129
1134	64	129
1135	63	129
1136	62	129
1137	63	130
1138	62	130
1139	63	129
1140	64	130
1141	62	130
1142	62	130
1143	62	129
1144	62	129
1145	62	130
1146	62	129
1147	61	130
1148	62	129
1149	63	129
1150	63	129
1151	64	129
1152	65	129
1153	66	129
1154	70	129
1155	71	129
1156	69	129
1157	67	129
1158	65	129
1159	64	129
1160	65	129
1161	63	129
1162	63	129
1163	63	129
1164	63	129
1165	63	130
1166	64	130
1167	62	129
1168	62	130
1169	63	129
1170	62	129
1171	62	129
1172	63	129
1173	62	129
1174	62	129
1175	62	129
1176	62	129
1177	62	129
1178	62	129
1179	61	129
1180	63	130
1181	64	129
1182	64	129
1183	66	129
1184	67	129
1185	67	129
1186	69	129
1187	69	129
1188	67	129
1189	67	129
1190	66	129
1191	65	129
1192	65	129
1193	64	129
1194	63	129
1195	64	129
1196	63	129
1197	64	130
1198	64	129
1199	62	129
1200	62	130
1201	63	130
1202	62	129
1203	63	129
1204	63	130
1205	62	129
1206	62	129
1207	62	129
1208	62	130
1209	62	129
1210	62	129
1211	61	130
1212	62	130
1213	62	129
1214	62	130
1215	62	129
1216	62	130
1217	61	129
1218	63	129
1219	65	130
1220	67	129
1221	68	129
1222	68	129
1223	67	129
1224	68	129
1225	67	129
1226	66	129
1227	65	130
1228	65	129
1229	65	129
1230	65	129
1231	63	129
1232	63	130
1233	63	130
1234	63	129
1235	63	129
1236	64	129
1237	63	129
1238	62	129
1239	62	129
1240	62	130
1241	62	129
1242	63	129
1243	62	129
1244	62	129
1245	63	129
1246	63	130
1247	63	130
1248	63	130
1249	62	129
1250	65	129
1251	69	129
1252	70	129
1253	70	130
1254	69	130
1255	67	129
1256	67	130
1257	67	129
1258	65	129
1259	64	129
1260	64	130
1261	63	129
1262	64	129
1263	63	129
1264	62	130
1265	62	129
1266	62	130
1267	62	130
1268	64	129
1269	62	129
1270	61	129
1271	61	129
1272	62	129
1273	62	129
1274	63	129
1275	62	130
1276	61	129
1277	62	130
1278	62	129
1279	62	129
1280	62	129
1281	61	129
1282	62	129
1283	64	130
1284	65	130
1285	67	129
1286	69	130
1287	65	129
1288	64	130
1289	65	130
1290	64	130
1291	64	130
1292	64	130
1293	62	130
1294	63	129
1295	64	129
1296	63	130
1297	63	129
1298	63	130
1299	63	129
1300	65	129
1301	65	129
1302	63	130
1303	64	129
1304	64	129
1305	64	130
1306	66	130
1307	66	129
1308	65	129
1309	65	129
1310	65	130
1311	65	129
1312	66	130
1313	65	129
1314	64	129
1315	65	129
1316	65	129
1317	65	129
1318	65	129
1319	63	129
1320	62	130
1321	64	129
1322	64	130
1323	63	129
1324	63	129
1325	62	129
1326	63	129
1327	64	129
1328	63	129
1329	63	129
1330	63	129
1331	63	129
1332	64	130
1333	64	129
1334	62	130
1335	63	129
1336	63	130
1337	63	129
1338	65	130
1339	65	129
1340	63	129
1341	64	130
1342	65	129
1343	65	129
1344	65	129
1345	65	129
1346	64	130
1347	66	129
1348	66	129
1349	65	129
1350	65	129
1351	63	129
1352	63	129
1353	65	129
1354	65	130
1355	65	129
1356	64	130
1357	63	129
1358	64	129
1359	64	130
1360	63	129
1361	64	129
1362	64	130
1363	63	129
1364	65	129
1365	64	129
1366	62	129
1367	63	129
1368	63	129
1369	63	129
1370	64	129
1371	63	129
1372	62	130
1373	63	130
1374	63	129
1375	63	129
1376	63	129
1377	61	130
1378	62	129
1379	64	129
1380	63	129
1381	63	130
1382	63	130
1383	61	129
1384	63	129
1385	64	129
1386	63	129
1387	64	129
1388	64	129
1389	64	129
1390	66	129
1391	65	129
1392	65	129
1393	66	129
1394	65	130
1395	65	130
1396	67	130
1397	65	129
1398	64	130
1399	64	129
1400	64	129
1401	64	129
1402	65	130
1403	63	129
1404	63	129
1405	64	130
1406	63	129
1407	64	129
1408	64	129
1409	62	129
1410	65	129
1411	67	130
1412	67	130
1413	69	129
1414	70	130
1415	68	129
1416	69	129
1417	68	129
1418	67	129
1419	66	129
1420	65	129
1421	65	129
1422	66	129
1423	64	129
1424	63	130
1425	63	130
1426	63	129
1427	63	130
1428	64	129
1429	62	129
1430	62	130
1431	62	129
1432	62	129
1433	62	130
1434	62	130
1435	60	129
1436	62	129
1437	62	129
1438	61	129
1439	61	129
1440	61	129
1441	59	129
1442	62	129
1443	63	129
1444	63	129
1445	66	129
1446	73	129
1447	68	129
1448	67	129
1449	64	129
1450	63	129
1451	63	129
1452	63	129
1453	63	129
1454	65	129
1455	62	129
1456	62	130
1457	62	129
1458	62	129
1459	62	129
1460	63	129
1461	61	130
1462	62	129
1463	62	129
1464	61	129
1465	62	130
1466	62	129
1467	61	129
1468	63	129
1469	63	129
1470	64	129
1471	66	129
1472	67	130
1473	65	129
1474	66	129
1475	64	129
1476	63	130
1477	63	130
1478	63	129
1479	62	129
1480	64	129
1481	62	129
1482	62	129
1483	62	129
1484	62	129
1485	63	129
1486	64	130
1487	61	129
1488	62	129
1489	62	129
1490	62	129
1491	63	129
1492	64	129
1493	62	129
1494	64	130
1495	66	129
1496	69	130
1497	75	129
1498	76	129
1499	74	130
1500	74	129
1501	70	129
1502	66	129
1503	65	129
1504	63	130
1505	61	130
1506	63	129
1507	63	129
1508	62	130
1509	62	129
1510	62	129
1511	61	129
1512	63	129
1513	61	130
1514	61	129
1515	62	129
1516	61	129
1517	62	129
1518	63	129
1519	61	129
1520	61	130
1521	61	130
1522	61	130
1523	62	129
1524	63	129
1525	61	129
1526	62	129
1527	62	129
1528	62	129
1529	63	129
1530	64	129
1531	63	129
1532	66	129
1533	66	129
1534	65	129
1535	64	129
1536	63	129
1537	61	129
1538	63	129
1539	64	129
1540	67	129
1541	79	129
1542	67	129
1543	63	129
1544	64	129
1545	63	129
1546	62	129
1547	62	130
1548	62	130
1549	62	129
1550	64	129
1551	61	130
1552	61	129
1553	62	130
1554	63	129
1555	64	129
1556	69	130
1557	64	130
1558	63	130
1559	63	130
1560	63	129
1561	62	129
1562	63	129
1563	61	130
1564	64	129
1565	67	129
1566	83	129
1567	65	129
1568	64	129
1569	61	129
1570	63	129
1571	63	129
1572	62	129
1573	62	129
1574	62	130
1575	61	130
1576	63	130
1577	62	129
1578	62	129
1579	63	130
1580	64	130
1581	65	129
1582	69	130
1583	68	129
1584	68	130
1585	67	129
1586	66	130
1587	65	130
1588	66	129
1589	63	130
1590	63	129
1591	63	129
1592	63	130
1593	63	129
1594	63	129
1595	61	129
1596	63	129
1597	63	130
1598	62	129
1599	62	129
1600	62	130
1601	60	130
1602	62	129
1603	63	129
1604	62	129
1605	63	129
1606	63	129
1607	62	129
1608	64	129
1609	64	129
1610	64	129
1611	65	129
1612	65	129
1613	64	129
1614	66	129
1615	64	129
1616	63	129
1617	64	129
1618	64	129
1619	65	129
1620	71	130
1621	85	129
1622	66	129
1623	64	129
1624	63	129
1625	63	129
1626	63	129
1627	61	130
1628	63	129
1629	63	129
1630	63	129
1631	66	129
1632	78	130
1633	65	129
1634	65	129
1635	63	130
1636	63	129
1637	63	129
1638	63	130
1639	62	129
1640	63	129
1641	62	130
1642	62	130
1643	62	130
1644	62	129
1645	63	129
1646	64	129
1647	63	129
1648	63	129
1649	64	129
1650	64	129
1651	65	129
1652	65	129
1653	63	129
1654	64	129
1655	64	129
1656	63	130
1657	63	130
1658	61	129
1659	61	130
1660	63	129
1661	62	130
1662	62	129
1663	62	130
1664	61	129
1665	62	130
1666	62	130
1667	61	129
1668	62	130
1669	62	129
1670	62	130
1671	65	130
1672	77	130
1673	64	130
1674	64	129
1675	63	129
1676	63	130
1677	64	130
1678	63	130
1679	62	130
1680	64	130
1681	66	129
1682	85	130
1683	69	130
1684	63	129
1685	63	130
1686	64	129
1687	63	129
1688	63	129
1689	62	129
1690	60	130
1691	62	129
1692	63	130
1693	62	129
1694	62	130
1695	62	129
1696	61	130
1697	64	130
1698	63	129
1699	62	129
1700	63	130
1701	63	129
1702	64	129
1703	66	130
1704	64	130
1705	63	129
1706	63	129
1707	63	129
1708	63	130
1709	64	129
1710	62	129
1711	63	129
1712	63	129
1713	62	129
1714	62	129
1715	62	130
1716	59	129
1717	62	129
1718	62	129
1719	61	130
1720	61	129
1721	61	130
1722	60	129
1723	62	129
1724	61	129
1725	61	129
1726	62	129
1727	62	129
1728	62	129
1729	64	129
1730	62	130
1731	63	130
1732	63	129
1733	64	129
1734	64	129
1735	66	129
1736	63	130
1737	64	129
1738	64	130
1739	64	130
1740	64	129
1741	65	129
1742	68	130
1743	86	129
1744	86	130
1745	68	130
1746	67	129
1747	66	129
1748	64	130
1749	66	130
1750	65	129
1751	64	130
1752	64	129
1753	64	130
1754	63	129
1755	64	129
1756	63	129
1757	63	129
1758	63	129
1759	63	130
1760	63	129
1761	65	130
1762	62	129
1763	62	129
1764	63	129
1765	63	129
1766	63	129
1767	64	129
1768	62	129
1769	63	130
1770	63	129
1771	63	129
1772	63	129
1773	64	129
1774	62	129
1775	64	130
1776	64	129
1777	64	129
1778	64	130
1779	64	129
1780	62	129
1781	65	130
1782	64	130
1783	64	129
1784	63	129
1785	63	129
1786	63	130
1787	64	130
1788	63	130
1789	63	129
1790	63	130
1791	63	130
1792	63	129
1793	65	129
1794	63	129
1795	63	129
1796	63	130
1797	64	129
1798	64	130
1799	65	129
1800	63	129
1801	64	129
1802	64	129
1803	64	129
1804	64	129
1805	65	129
1806	63	129
1807	65	130
1808	65	129
1809	65	129
1810	65	129
1811	65	129
1812	63	129
1813	66	129
1814	66	129
1815	65	129
1816	65	129
1817	65	129
1818	64	129
1819	66	130
1820	65	129
1821	65	129
1822	65	129
1823	65	129
1824	64	129
1825	66	129
1826	64	130
1827	64	130
1828	64	129
1829	64	129
1830	64	129
1831	65	130
1832	63	129
1833	63	129
1834	63	129
1835	63	129
1836	63	129
1837	64	129
1838	62	129
1839	63	129
1840	64	129
1841	63	129
1842	64	130
1843	64	130
1844	62	130
1845	65	130
1846	65	129
1847	64	129
1848	65	129
1849	65	130
1850	63	130
1851	65	129
1852	65	129
1853	65	130
1854	65	129
1855	64	129
1856	63	130
1857	65	129
1858	63	129
1859	63	129
1860	63	129
1861	63	129
1862	63	129
1863	65	130
1864	63	129
1865	62	129
1866	63	129
1867	63	129
1868	63	129
1869	64	129
1870	62	130
1871	63	129
1872	63	130
1873	63	130
1874	64	130
1875	64	129
1876	63	129
1877	66	129
1878	67	129
1879	68	129
1880	69	129
1881	68	130
1882	66	129
1883	67	129
1884	67	130
1885	65	129
1886	65	129
1887	64	130
1888	63	129
1889	64	129
1890	63	130
1891	62	130
1892	63	129
1893	62	129
1894	62	129
1895	64	130
1896	62	129
1897	61	130
1898	62	129
1899	61	129
1900	62	129
1901	63	129
1902	61	129
1903	61	129
1904	62	129
1905	61	129
1906	61	129
1907	62	129
1908	61	129
1909	61	129
1910	63	129
1911	62	129
1912	63	130
1913	64	129
1914	64	129
1915	71	129
1916	75	130
1917	73	129
1918	70	129
1919	68	129
1920	66	129
1921	65	129
1922	65	130
1923	63	129
1924	63	129
1925	63	129
1926	62	129
1927	63	129
1928	63	129
1929	61	130
1930	62	129
1931	62	129
1932	62	130
1933	63	129
1934	63	129
1935	61	129
1936	62	129
1937	62	130
1938	62	129
1939	62	129
1940	62	130
1941	61	129
1942	63	129
1943	64	129
1944	65	130
1945	69	129
1946	73	130
1947	71	129
1948	71	129
1949	69	129
1950	68	129
1951	67	129
1952	65	129
1953	63	129
1954	65	129
1955	63	129
1956	63	129
1957	63	129
1958	62	129
1959	62	130
1960	63	130
1961	61	129
1962	62	129
1963	62	129
1964	61	129
1965	62	129
1966	63	129
1967	61	129
1968	61	129
1969	62	129
1970	61	130
1971	62	130
1972	63	129
1973	61	130
1974	62	129
1975	62	129
1976	62	129
1977	62	129
1978	63	129
1979	62	129
1980	65	129
1981	67	130
1982	71	130
1983	71	130
1984	70	130
1985	67	129
1986	68	130
1987	67	129
1988	65	129
1989	65	129
1990	64	130
1991	62	129
1992	64	129
1993	63	129
1994	62	129
1995	63	129
1996	62	129
1997	62	129
1998	64	129
1999	62	130
2000	61	129
2001	62	130
2002	62	129
2003	62	130
2004	64	129
2005	62	129
2006	62	129
2007	62	129
2008	62	129
2009	63	130
2010	65	129
2011	67	130
2012	76	129
2013	75	129
2014	74	130
2015	71	130
2016	69	129
2017	65	130
2018	65	129
2019	65	129
2020	63	129
2021	63	129
2022	63	129
2023	61	130
2024	62	130
2025	63	130
2026	62	130
2027	62	129
2028	62	129
2029	61	130
2030	63	129
2031	62	129
2032	61	129
2033	62	129
2034	61	129
2035	61	130
2036	63	130
2037	62	129
2038	61	130
2039	62	130
2040	62	130
2041	62	129
2042	64	129
2043	63	129
2044	63	129
2045	65	130
2046	67	130
2047	68	129
2048	67	130
2049	65	129
2050	64	130
2051	65	129
2052	63	129
2053	63	129
2054	63	129
2055	62	129
2056	62	130
2057	64	130
2058	63	129
2059	63	129
2060	63	129
2061	62	130
2062	63	130
2063	64	129
2064	63	129
2065	64	129
2066	65	129
2067	66	129
2068	68	130
2069	70	130
2070	68	129
2071	67	129
2072	66	129
2073	65	129
2074	66	129
2075	66	129
2076	64	129
2077	65	129
2078	65	129
2079	64	129
2080	65	129
2081	65	130
2082	64	130
2083	65	130
2084	64	130
2085	64	129
2086	64	130
2087	64	130
2088	63	130
2089	64	129
2090	64	129
2091	64	130
2092	64	129
2093	63	130
2094	62	129
2095	65	129
2096	64	129
2097	64	130
2098	64	129
2099	64	129
2100	63	129
2101	65	129
2102	63	129
2103	63	129
2104	64	129
2105	63	129
2106	63	130
2107	65	129
2108	62	130
2109	62	129
2110	62	129
2111	62	129
2112	63	129
2113	63	129
2114	61	129
2115	62	129
2116	62	129
2117	62	129
2118	62	129
2119	62	129
2120	60	129
2121	62	129
2122	61	129
2123	62	129
2124	62	130
2125	61	129
2126	59	129
2127	63	129
2128	62	130
2129	62	129
2130	63	130
2131	63	129
2132	62	130
2133	65	130
2134	65	129
2135	66	130
2136	67	129
2137	67	129
2138	67	129
2139	69	129
2140	67	130
2141	66	129
2142	67	129
2143	66	129
2144	66	129
2145	67	129
2146	65	129
2147	65	129
2148	65	130
2149	65	130
2150	65	129
2151	66	130
2152	63	129
2153	65	129
2154	64	129
2155	64	129
2156	64	129
2157	64	130
2158	61	129
2159	63	129
2160	63	129
2161	62	129
2162	63	129
2163	62	129
2164	60	129
2165	63	129
2166	62	129
2167	61	130
2168	62	129
2169	62	129
2170	61	130
2171	64	129
2172	62	129
2173	61	129
2174	62	129
2175	62	130
2176	63	129
2177	65	129
2178	64	129
2179	65	130
2180	67	129
2181	68	129
2182	68	129
2183	69	129
2184	67	129
2185	67	129
2186	66	129
2187	65	129
2188	65	129
2189	65	130
2190	63	129
2191	64	130
2192	65	129
2193	64	129
2194	65	129
2195	65	130
2196	63	129
2197	66	130
2198	67	129
2199	66	129
2200	66	129
2201	65	129
2202	64	129
2203	65	129
2204	64	130
2205	63	129
2206	63	129
2207	63	129
2208	62	130
2209	65	130
2210	63	129
2211	61	129
2212	62	129
2213	62	130
2214	61	129
2215	63	129
2216	62	129
2217	61	129
2218	62	129
2219	61	129
2220	61	129
2221	62	129
2222	60	130
2223	61	129
2224	62	129
2225	61	129
2226	62	129
2227	62	129
2228	60	129
2229	63	129
2230	65	129
2231	69	129
2232	81	129
2233	80	129
2234	71	129
2235	68	129
2236	66	129
2237	64	129
2238	64	129
2239	63	129
2240	63	130
2241	64	129
2242	63	129
2243	61	129
2244	63	129
2245	62	129
2246	62	129
2247	64	129
2248	63	129
2249	63	130
2250	65	129
2251	67	129
2252	72	130
2253	70	130
2254	66	129
2255	64	129
2256	65	129
2257	63	129
2258	63	129
2259	63	129
2260	60	129
2261	61	130
2262	63	129
2263	61	129
2264	61	129
2265	62	130
2266	60	130
2267	62	129
2268	62	129
2269	61	130
2270	62	129
2271	62	130
2272	62	129
2273	64	129
2274	63	129
2275	63	129
2276	65	129
2277	67	130
2278	66	130
2279	67	130
2280	65	129
2281	63	130
2282	64	129
2283	63	130
2284	63	130
2285	63	129
2286	62	130
2287	62	130
2288	63	130
2289	62	129
2290	62	130
2291	62	129
2292	60	129
2293	61	130
2294	63	130
2295	62	129
2296	62	129
2297	63	129
2298	62	130
2299	63	129
2300	67	129
2301	69	130
2302	71	129
2303	69	130
2304	67	130
2305	67	130
2306	66	129
2307	63	129
2308	64	130
2309	63	129
2310	63	129
2311	64	129
2312	64	130
2313	62	130
2314	63	129
2315	62	130
2316	62	129
2317	63	129
2318	62	129
2319	61	130
2320	63	129
2321	62	130
2322	63	129
2323	63	129
2324	62	130
2325	63	129
2326	66	129
2327	66	129
2328	67	130
2329	68	130
2330	67	130
2331	66	130
2332	67	130
2333	65	129
2334	65	130
2335	65	130
2336	64	130
2337	64	130
2338	65	130
2339	62	130
2340	63	130
2341	63	130
2342	63	129
2343	64	130
2344	64	130
2345	63	130
2346	64	129
2347	65	130
2348	65	130
2349	66	129
2350	65	129
2351	62	129
2352	63	130
2353	62	129
2354	62	129
2355	62	129
2356	61	129
2357	60	129
2358	63	129
2359	61	129
2360	62	129
2361	62	130
2362	61	129
2363	61	129
2364	63	129
2365	64	130
2366	69	129
2367	78	129
2368	74	130
2369	67	130
2370	66	129
2371	63	129
2372	63	129
2373	63	129
2374	62	129
2375	64	129
2376	64	129
2377	61	130
2378	62	129
2379	62	129
2380	62	129
2381	62	129
2382	62	129
2383	61	129
2384	62	130
2385	61	129
2386	61	129
2387	62	129
2388	61	129
2389	60	130
2390	63	129
2391	62	129
2392	63	129
2393	64	130
2394	63	129
2395	64	129
2396	68	129
2397	67	129
2398	67	130
2399	67	129
2400	67	130
2401	66	129
2402	67	129
2403	65	129
2404	66	129
2405	66	129
2406	65	129
2407	66	130
2408	67	130
2409	63	129
2410	64	130
2411	64	130
2412	63	130
2413	64	130
2414	64	129
2415	62	129
2416	63	130
2417	63	130
2418	62	130
2419	62	130
2420	62	130
2421	61	130
2422	63	129
2423	62	129
2424	62	130
2425	63	130
2426	64	130
2427	68	130
2428	79	129
2429	71	129
2430	67	129
2431	66	129
2432	65	130
2433	64	130
2434	65	130
2435	62	129
2436	63	130
2437	63	130
2438	62	129
2439	63	130
2440	64	130
2441	61	129
2442	62	129
2443	62	129
2444	61	129
2445	62	129
2446	63	129
2447	60	129
2448	62	129
2449	61	129
2450	61	129
2451	62	129
2452	62	129
2453	60	129
2454	63	129
2455	63	130
2456	66	129
2457	69	130
2458	66	129
2459	63	130
2460	65	130
2461	63	129
2462	63	129
2463	63	129
2464	63	129
2465	62	129
2466	63	129
2467	61	129
2468	62	130
2469	62	130
2470	62	130
2471	62	130
2472	64	129
2473	61	130
2474	62	129
2475	62	129
2476	62	129
2477	63	129
2478	64	130
2479	62	130
2480	65	129
2481	66	129
2482	69	129
2483	72	130
2484	73	129
2485	70	129
2486	71	129
2487	69	129
2488	67	129
2489	67	129
2490	66	129
2491	63	129
2492	65	129
2493	64	129
2494	63	129
2495	63	129
2496	63	130
2497	62	129
2498	64	130
2499	62	129
2500	62	129
2501	63	129
2502	62	129
2503	62	129
2504	64	129
2505	61	129
2506	62	129
2507	62	129
2508	62	129
2509	62	130
2510	64	129
2511	61	129
2512	62	130
2513	62	129
2514	62	129
2515	62	129
2516	63	129
2517	61	129
2518	63	129
2519	63	129
2520	62	129
2521	63	129
2522	63	129
2523	61	129
2524	63	129
2525	63	129
2526	63	129
2527	63	129
2528	63	129
2529	61	129
2530	64	129
2531	63	129
2532	62	129
2533	63	130
2534	63	129
2535	63	129
2536	65	130
2537	63	130
2538	65	129
2539	67	129
2540	68	129
2541	69	129
2542	72	129
2543	69	129
2544	69	129
2545	69	129
2546	68	129
2547	67	130
2548	67	130
2549	65	129
2550	65	129
2551	65	130
2552	64	130
2553	64	130
2554	64	129
2555	61	130
2556	63	129
2557	63	130
2558	63	129
2559	63	130
2560	63	130
2561	61	130
2562	63	129
2563	62	129
2564	62	130
2565	62	129
2566	62	130
2567	61	129
2568	63	129
2569	61	129
2570	61	129
2571	62	129
2572	62	129
2573	62	130
2574	64	129
2575	62	130
2576	62	130
2577	63	130
2578	62	129
2579	63	130
2580	64	130
2581	62	129
2582	63	130
2583	63	129
2584	63	130
2585	63	129
2586	63	129
2587	61	130
2588	63	129
2589	65	129
2590	64	130
2591	66	129
2592	67	129
2593	68	129
2594	71	129
2595	72	129
2596	71	130
2597	71	129
2598	69	130
2599	67	129
2600	68	129
2601	66	129
2602	64	129
2603	64	129
2604	63	129
2605	63	129
2606	65	130
2607	63	129
2608	62	129
2609	63	129
2610	62	129
2611	62	130
2612	63	130
2613	61	129
2614	62	130
2615	62	129
2616	61	129
2617	61	129
2618	62	129
2619	60	129
2620	61	129
2621	62	130
2622	61	130
2623	62	129
2624	62	130
2625	59	129
2626	61	130
2627	62	129
2628	62	130
2629	63	129
2630	63	130
2631	64	129
2632	69	129
2633	73	129
2634	71	130
2635	69	130
2636	68	130
2637	67	129
2638	67	130
2639	65	129
2640	63	129
2641	64	130
2642	63	129
2643	63	129
2644	64	129
2645	63	129
2646	62	129
2647	63	129
2648	62	129
2649	62	129
2650	62	129
2651	61	129
2652	61	129
2653	62	129
2654	62	129
2655	62	130
2656	62	129
2657	61	129
2658	63	130
2659	66	129
2660	76	129
2661	76	129
2662	67	130
2663	64	129
2664	64	129
2665	65	129
2666	63	129
2667	63	129
2668	63	129
2669	63	129
2670	64	129
2671	64	130
2672	61	129
2673	63	129
2674	62	129
2675	62	130
2676	63	129
2677	63	129
2678	61	130
2679	63	129
2680	62	129
2681	62	129
2682	63	130
2683	63	129
2684	62	129
2685	64	130
2686	63	129
2687	64	129
2688	64	130
2689	63	129
2690	63	130
2691	66	129
2692	65	129
2693	65	129
2694	65	130
2695	64	129
2696	63	130
2697	65	129
2698	64	129
2699	64	129
2700	64	129
2701	64	129
2702	64	129
2703	66	129
2704	65	129
2705	67	130
2706	70	129
2707	73	129
2708	74	129
2709	74	130
2710	70	129
2711	68	129
2712	66	130
2713	65	130
2714	64	130
2715	65	130
2716	62	130
2717	63	130
2718	62	130
2719	62	130
2720	62	130
2721	61	129
2722	60	130
2723	62	129
2724	62	129
2725	61	129
2726	62	129
2727	61	130
2728	59	129
2729	62	129
2730	61	129
2731	61	129
2732	61	129
2733	61	129
2734	61	129
2735	62	129
2736	61	129
2737	62	130
2738	62	129
2739	62	130
2740	63	129
2741	65	129
2742	63	129
2743	65	129
2744	67	129
2745	65	129
2746	65	130
2747	65	130
2748	63	129
2749	63	129
2750	63	129
2751	62	129
2752	63	129
2753	63	129
2754	61	129
2755	64	129
2756	66	129
2757	75	129
2758	66	129
2759	65	129
2760	62	129
2761	64	129
2762	63	130
2763	62	129
2764	62	129
2765	62	130
2766	61	129
2767	63	129
2768	61	129
2769	62	130
2770	62	129
2771	63	129
2772	63	130
2773	68	129
2774	81	130
2775	78	130
2776	71	129
2777	68	129
2778	66	130
2779	67	130
2780	64	129
2781	64	129
2782	64	129
2783	63	129
2784	63	129
2785	64	129
2786	61	129
2787	62	130
2788	62	129
2789	62	129
2790	62	129
2791	62	129
2792	60	130
2793	62	129
2794	62	129
2795	61	130
2796	61	129
2797	61	129
2798	60	129
2799	62	129
2800	62	129
2801	62	129
2802	63	129
2803	63	129
2804	65	129
2805	73	129
2806	74	130
2807	73	129
2808	71	130
2809	68	129
2810	66	129
2811	67	129
2812	65	130
2813	63	129
2814	63	129
2815	63	129
2816	63	129
2817	64	130
2818	63	129
2819	62	129
2820	62	129
2821	62	129
2822	62	129
2823	62	130
2824	61	129
2825	62	129
2826	62	129
2827	62	129
2828	62	129
2829	62	129
2830	61	129
2831	63	129
2832	64	129
2833	65	130
2834	65	129
2835	65	130
2836	65	130
2837	65	130
2838	65	129
2839	64	130
2840	64	129
2841	64	129
2842	63	130
2843	63	129
2844	63	130
2845	62	129
2846	62	129
2847	62	130
2848	62	129
2849	63	130
2850	63	129
2851	61	129
2852	62	129
2853	62	129
2854	62	129
2855	62	129
2856	62	129
2857	61	129
2858	62	129
2859	62	129
2860	62	130
2861	63	129
2862	63	129
2863	66	130
2864	78	129
2865	78	130
2866	77	129
2867	75	129
2868	71	130
2869	68	130
2870	67	130
2871	66	129
2872	64	129
2873	64	129
2874	63	129
2875	63	129
2876	63	129
2877	62	129
2878	62	130
2879	62	130
2880	62	130
2881	62	129
2882	63	129
2883	61	129
2884	61	130
2885	61	129
2886	61	130
2887	61	130
2888	62	129
2889	61	129
2890	61	129
2891	61	129
2892	61	129
2893	61	130
2894	61	129
2895	60	130
2896	62	129
2897	62	129
2898	61	129
2899	61	129
2900	61	129
2901	61	129
2902	63	130
2903	65	130
2904	73	129
2905	76	129
2906	75	129
2907	71	130
2908	70	129
2909	67	129
2910	66	129
2911	65	129
2912	64	130
2913	63	130
2914	64	129
2915	62	129
2916	62	130
2917	62	129
2918	62	130
2919	62	129
2920	63	129
2921	61	130
2922	61	129
2923	62	129
2924	61	129
2925	61	129
2926	62	129
2927	60	129
2928	61	129
2929	61	129
2930	61	130
2931	61	129
2932	61	129
2933	60	129
2934	62	130
2935	62	130
2936	62	129
2937	64	129
2938	69	129
2939	79	130
2940	83	129
2941	81	129
2942	77	129
2943	72	129
2944	69	129
2945	67	130
2946	67	129
2947	64	129
2948	63	129
2949	63	130
2950	63	130
2951	63	129
2952	64	130
2953	62	129
2954	61	129
2955	62	129
2956	62	129
2957	62	130
2958	63	129
2959	61	129
2960	61	130
2961	62	129
2962	61	130
2963	61	129
2964	61	129
2965	60	129
2966	61	129
2967	62	129
2968	61	129
2969	61	129
2970	61	130
2971	60	129
2972	61	129
2973	62	129
2974	62	129
2975	62	129
2976	63	130
2977	65	129
2978	76	129
2979	77	130
2980	77	129
2981	74	129
2982	72	129
2983	69	129
2984	68	129
2985	67	129
2986	65	129
2987	64	129
2988	63	129
2989	63	130
2990	64	129
2991	63	130
2992	62	130
2993	62	129
2994	62	129
2995	62	130
2996	62	129
2997	61	129
2998	61	129
2999	62	129
3000	62	129
3001	62	130
3002	62	129
3003	61	129
3004	61	129
3005	63	129
3006	65	129
3007	72	130
3008	71	129
3009	65	129
3010	63	129
3011	64	129
3012	63	130
3013	63	129
3014	63	129
3015	62	129
3016	63	130
3017	63	129
3018	62	130
3019	62	130
3020	62	129
3021	62	130
3022	63	129
3023	63	130
3024	61	130
3025	62	129
3026	62	129
3027	62	129
3028	63	130
3029	63	130
3030	62	130
3031	63	130
3032	63	129
3033	63	130
3034	64	129
3035	64	129
3036	63	129
3037	65	130
3038	65	130
3039	65	130
3040	65	129
3041	64	130
3042	63	130
3043	65	129
3044	64	129
3045	64	130
3046	64	129
3047	63	130
3048	63	129
3049	65	129
3050	63	129
3051	63	129
3052	64	129
3053	64	129
3054	64	130
3055	65	129
3056	63	130
3057	63	130
3058	64	130
3059	64	130
3060	65	130
3061	66	129
3062	65	129
3063	65	129
3064	66	129
3065	66	130
3066	66	130
3067	67	129
3068	66	129
3069	67	129
3070	67	129
3071	67	129
3072	67	129
3073	66	129
3074	64	129
3075	65	129
3076	65	129
3077	64	129
3078	64	129
3079	64	129
3080	62	129
3081	63	129
3082	63	129
3083	63	129
3084	62	129
3085	63	129
3086	62	130
3087	63	129
3088	62	129
3089	62	129
3090	62	129
3091	62	129
3092	62	130
3093	63	130
3094	62	129
3095	61	130
3096	62	129
3097	62	129
3098	62	129
3099	63	129
3100	62	129
3101	63	129
3102	63	129
3103	63	129
3104	63	129
3105	64	129
3106	63	129
3107	64	129
3108	65	129
3109	65	129
3110	65	129
3111	66	129
3112	65	129
3113	67	130
3114	72	129
3115	76	129
3116	80	130
3117	76	129
3118	66	129
3119	65	129
3120	64	129
3121	63	129
3122	63	129
3123	63	130
3124	62	129
3125	63	130
3126	63	129
3127	62	129
3128	62	129
3129	62	129
3130	62	129
3131	63	129
3132	62	129
3133	61	129
3134	62	129
3135	62	129
3136	62	129
3137	62	129
3138	62	130
3139	62	129
3140	63	129
3141	63	129
3142	63	129
3143	63	129
3144	62	129
3145	62	130
3146	64	129
3147	64	129
3148	63	129
3149	63	129
3150	62	129
3151	62	129
3152	63	129
3153	62	129
3154	62	130
3155	62	129
3156	62	129
3157	62	130
3158	63	129
3159	62	129
3160	62	130
3161	62	129
3162	62	129
3163	63	130
3164	64	129
3165	63	129
3166	63	130
3167	64	129
3168	65	130
3169	68	129
3170	70	130
3171	69	130
3172	68	129
3173	67	129
3174	67	129
3175	66	129
3176	65	129
3177	63	129
3178	64	129
3179	63	130
3180	63	129
3181	63	129
3182	62	130
3183	61	130
3184	63	129
3185	63	129
3186	62	129
3187	62	129
3188	62	129
3189	61	129
3190	62	130
3191	61	129
3192	61	129
3193	62	129
3194	62	130
3195	62	129
3196	63	130
3197	62	129
3198	62	129
3199	62	129
3200	63	129
3201	63	130
3202	65	129
3203	65	129
3204	66	129
3205	68	130
3206	68	129
3207	69	129
3208	69	129
3209	68	129
3210	68	129
3211	67	129
3212	67	129
3213	67	129
3214	68	129
3215	67	129
3216	67	130
3217	67	129
3218	67	129
3219	66	129
3220	66	129
3221	64	129
3222	64	130
3223	64	129
3224	63	129
3225	63	129
3226	63	129
3227	62	129
3228	63	129
3229	63	129
3230	62	130
3231	62	129
3232	62	129
3233	61	130
3234	63	129
3235	62	129
3236	61	129
3237	61	129
3238	61	129
3239	61	129
3240	62	129
3241	62	129
3242	61	129
3243	62	129
3244	61	130
3245	61	129
3246	62	129
3247	62	129
3248	62	130
3249	63	130
3250	63	130
3251	63	129
3252	64	129
3253	65	129
3254	67	129
3255	70	129
3256	71	129
3257	67	129
3258	66	129
3259	66	129
3260	67	129
3261	70	129
3262	68	129
3263	66	129
3264	65	129
3265	65	129
3266	65	129
3267	65	129
3268	65	130
3269	65	129
3270	65	129
3271	65	129
3272	65	129
3273	65	129
3274	64	129
3275	63	129
3276	63	130
3277	63	129
3278	63	130
3279	63	130
3280	62	129
3281	62	129
3282	62	129
3283	62	129
3284	62	129
3285	62	129
3286	61	130
3287	62	129
3288	62	129
3289	62	129
3290	62	129
3291	61	129
3292	60	130
3293	61	129
3294	62	129
3295	62	129
3296	62	130
3297	62	130
3298	61	130
3299	63	130
3300	63	130
3301	63	129
3302	63	129
3303	64	129
3304	64	129
3305	65	129
3306	64	130
3307	63	129
3308	64	129
3309	64	129
3310	63	129
3311	65	129
3312	64	129
3313	63	129
3314	64	129
3315	64	129
3316	64	129
3317	65	130
3318	65	130
3319	66	129
3320	66	130
3321	67	129
3322	67	129
3323	66	130
3324	65	129
3325	65	130
3326	65	129
3327	65	130
3328	65	130
3329	65	130
3330	63	129
3331	64	130
3332	65	129
3333	66	129
3334	66	129
3335	67	129
3336	67	129
3337	67	130
3338	67	129
3339	67	130
3340	67	129
3341	66	130
3342	65	130
3343	66	130
3344	65	130
3345	64	130
3346	64	129
3347	63	129
3348	63	130
3349	64	130
3350	63	129
3351	62	129
3352	62	129
3353	62	129
3354	62	130
3355	63	129
3356	62	130
3357	62	129
3358	62	129
3359	62	129
3360	62	129
3361	62	130
3362	61	129
3363	61	130
3364	62	129
3365	62	129
3366	62	129
3367	63	130
3368	62	129
3369	62	129
3370	63	130
3371	63	129
3372	63	130
3373	63	130
3374	63	130
3375	63	129
3376	63	129
3377	63	129
3378	63	130
3379	63	129
3380	64	129
3381	66	129
3382	68	129
3383	73	129
3384	77	129
3385	79	129
3386	75	129
3387	70	130
3388	68	129
3389	65	129
3390	64	130
3391	64	129
3392	63	129
3393	63	129
3394	63	130
3395	62	129
3396	63	129
3397	63	129
3398	63	129
3399	63	129
3400	63	129
3401	62	129
3402	63	130
3403	64	129
3404	64	129
3405	63	129
3406	63	129
3407	62	129
3408	63	130
3409	63	129
3410	62	129
3411	62	129
3412	62	129
3413	62	130
3414	63	130
3415	62	130
3416	62	130
3417	62	129
3418	62	130
3419	62	129
3420	64	129
3421	63	130
3422	63	130
3423	63	130
3424	63	130
3425	63	129
3426	63	129
3427	63	129
3428	62	129
3429	62	130
3430	62	129
3431	62	130
3432	62	129
3433	61	130
3434	62	130
3435	62	130
3436	62	129
3437	62	129
3438	62	129
3439	61	130
3440	62	129
3441	65	129
3442	94	129
3443	69	130
3444	66	129
3445	63	129
3446	63	129
3447	63	129
3448	62	129
3449	62	130
3450	62	130
3451	62	129
3452	62	129
3453	62	130
3454	61	130
3455	61	130
3456	61	129
3457	61	129
3458	62	130
3459	62	130
3460	61	129
3461	61	129
3462	61	129
3463	62	129
3464	63	129
3465	64	129
3466	66	129
3467	69	129
3468	71	129
3469	70	129
3470	69	129
3471	66	129
3472	64	129
3473	64	130
3474	64	129
3475	63	129
3476	63	129
3477	62	129
3478	61	130
3479	63	130
3480	63	130
3481	63	130
3482	62	130
3483	62	130
3484	62	130
3485	63	129
3486	63	130
3487	63	130
3488	64	130
3489	65	129
3490	66	129
3491	69	130
3492	68	130
3493	67	129
3494	67	129
3495	66	129
3496	65	130
3497	66	129
3498	64	129
3499	63	129
3500	63	129
3501	63	129
3502	63	130
3503	63	129
3504	62	130
3505	62	130
3506	62	129
3507	62	130
3508	62	130
3509	62	129
3510	61	130
3511	62	129
3512	62	130
3513	62	129
3514	62	129
3515	63	129
3516	62	129
3517	63	129
3518	64	129
3519	65	129
3520	67	129
3521	68	129
3522	68	130
3523	69	129
3524	68	129
3525	67	129
3526	66	129
3527	65	129
3528	65	130
3529	65	129
3530	64	129
3531	63	130
3532	63	129
3533	63	130
3534	63	129
3535	64	129
3536	63	129
3537	63	129
3538	63	130
3539	63	129
3540	63	129
3541	63	129
3542	63	129
3543	63	129
3544	64	129
3545	64	129
3546	65	129
3547	65	129
3548	64	129
3549	64	129
3550	65	130
3551	64	129
3552	64	129
3553	64	129
3554	62	129
3555	62	129
3556	63	129
3557	63	129
3558	63	129
3559	63	130
3560	62	130
3561	63	129
3562	63	129
3563	62	130
3564	62	130
3565	62	129
3566	63	130
3567	65	130
3568	73	130
3569	69	129
3570	66	129
3571	65	129
3572	64	129
3573	63	129
3574	64	129
3575	63	130
3576	63	129
3577	62	129
3578	62	129
3579	62	130
3580	62	130
3581	61	129
3582	62	129
3583	63	130
3584	65	129
3585	73	130
3586	74	130
3587	65	130
3588	64	130
3589	64	129
3590	63	130
3591	63	130
3592	63	129
3593	61	130
3594	63	130
3595	63	129
3596	62	130
3597	62	129
3598	62	130
3599	62	130
3600	63	129
3601	63	129
3602	63	129
3603	63	129
3604	64	130
3605	65	130
3606	67	129
3607	67	129
3608	65	129
3609	65	130
3610	65	129
3611	64	130
3612	65	129
3613	63	129
3614	63	129
3615	63	129
3616	62	129
3617	62	130
3618	62	129
3619	61	129
3620	61	129
3621	62	129
3622	62	129
3623	61	130
3624	62	129
3625	60	130
3626	61	129
3627	61	129
3628	62	129
3629	62	129
3630	62	129
3631	61	129
3632	63	129
3633	63	129
3634	64	129
3635	66	129
3636	69	129
3637	71	129
3638	71	129
3639	70	129
3640	68	129
3641	67	129
3642	66	129
3643	65	129
3644	65	129
3645	65	129
3646	63	129
3647	63	129
3648	63	129
3649	63	129
3650	63	129
3651	63	129
3652	62	129
3653	62	129
3654	62	129
3655	62	130
3656	62	129
3657	61	129
3658	61	129
3659	62	129
3660	63	130
3661	63	129
3662	65	129
3663	65	130
3664	64	130
3665	64	129
3666	63	129
3667	63	129
3668	62	129
3669	62	130
3670	62	129
3671	63	130
3672	62	129
3673	62	129
3674	62	129
3675	62	130
3676	62	129
3677	63	129
3678	62	130
3679	62	129
3680	63	129
3681	64	129
3682	66	129
3683	69	130
3684	71	129
3685	70	129
3686	70	130
3687	69	129
3688	67	129
3689	67	129
3690	65	129
3691	65	129
3692	64	129
3693	64	129
3694	63	130
3695	63	129
3696	62	129
3697	63	129
3698	63	129
3699	64	129
3700	65	130
3701	68	129
3702	72	129
3703	69	129
3704	65	129
3705	64	129
3706	63	129
3707	63	129
3708	62	129
3709	63	129
3710	63	129
3711	62	129
3712	62	129
3713	62	129
3714	62	129
3715	63	129
3716	63	129
3717	62	129
3718	62	129
3719	62	129
3720	62	129
3721	63	129
3722	63	129
3723	63	129
3724	63	129
3725	63	130
3726	63	130
3727	64	129
3728	63	129
3729	63	130
3730	63	130
3731	63	130
3732	63	129
3733	63	130
3734	62	129
3735	62	129
3736	62	130
3737	63	129
3738	62	129
3739	62	129
3740	61	130
3741	61	129
3742	62	130
3743	62	129
3744	62	129
3745	62	130
3746	62	130
3747	62	129
3748	63	130
3749	63	130
3750	69	129
3751	67	130
3752	64	129
3753	64	129
3754	64	130
3755	63	130
3756	62	129
3757	63	129
3758	63	129
3759	63	129
3760	65	129
3761	66	129
3762	75	130
3763	76	129
3764	68	129
3765	65	129
3766	64	129
3767	63	129
3768	63	129
3769	63	129
3770	63	129
3771	63	129
3772	62	129
3773	61	129
3774	62	129
3775	62	129
3776	62	129
3777	62	130
3778	62	129
3779	61	129
3780	62	129
3781	62	129
3782	62	129
3783	62	129
3784	62	129
3785	62	129
3786	63	129
3787	63	129
3788	63	129
3789	63	129
3790	64	130
3791	65	129
3792	67	129
3793	66	129
3794	65	129
3795	65	129
3796	65	130
3797	65	130
3798	65	129
3799	64	129
3800	64	129
3801	63	129
3802	63	129
3803	63	130
3804	63	129
3805	62	129
3806	62	130
3807	63	129
3808	62	130
3809	63	129
3810	62	130
3811	61	130
3812	62	129
3813	63	129
3814	63	129
3815	63	130
3816	63	129
3817	63	129
3818	63	129
3819	64	129
3820	65	129
3821	66	129
3822	67	129
3823	67	129
3824	68	129
3825	67	129
3826	67	130
3827	66	129
3828	66	129
3829	65	129
3830	66	130
3831	65	129
3832	64	129
3833	64	129
3834	63	129
3835	63	129
3836	64	129
3837	63	129
3838	62	129
3839	63	129
3840	63	129
3841	63	130
3842	63	129
3843	62	130
3844	61	129
3845	63	130
3846	63	129
3847	63	129
3848	63	129
3849	63	129
3850	63	130
3851	65	129
3852	67	130
3853	67	129
3854	68	129
3855	67	129
3856	66	129
3857	65	129
3858	65	129
3859	64	130
3860	63	129
3861	63	129
3862	63	129
3863	64	130
3864	63	129
3865	62	129
3866	62	129
3867	62	130
3868	62	130
3869	63	130
3870	62	129
3871	62	129
3872	62	130
3873	62	129
3874	62	129
3875	62	129
3876	62	130
3877	62	129
3878	63	130
3879	63	130
3880	64	130
3881	65	129
3882	65	130
3883	68	129
3884	69	130
3885	68	130
3886	68	130
3887	67	130
3888	65	130
3889	65	130
3890	65	129
3891	64	130
3892	64	130
3893	63	129
3894	63	129
3895	63	130
3896	63	129
3897	62	130
3898	63	129
3899	62	129
3900	62	130
3901	63	129
3902	63	129
3903	62	129
3904	62	129
3905	62	130
3906	62	130
3907	63	129
3908	63	130
3909	62	130
3910	62	129
3911	63	129
3912	63	130
3913	64	129
3914	65	130
3915	67	129
3916	69	130
3917	70	130
3918	69	129
3919	69	130
3920	67	129
3921	66	129
3922	66	129
3923	65	129
3924	65	129
3925	64	130
3926	63	130
3927	63	129
3928	63	130
3929	63	129
3930	63	129
3931	62	129
3932	62	129
3933	62	129
3934	63	129
3935	62	129
3936	62	129
3937	62	129
3938	61	129
3939	62	129
3940	63	129
3941	62	129
3942	62	129
3943	62	130
3944	62	129
3945	62	129
3946	63	129
3947	62	129
3948	62	129
3949	63	130
3950	63	130
3951	64	129
3952	66	129
3953	66	129
3954	67	129
3955	67	129
3956	67	129
3957	66	130
3958	66	129
3959	64	129
3960	65	129
3961	65	129
3962	64	130
3963	64	129
3964	64	130
3965	63	129
3966	64	130
3967	64	129
3968	64	130
3969	64	129
3970	65	129
3971	64	130
3972	66	130
3973	65	129
3974	65	130
3975	65	129
3976	65	129
3977	64	129
3978	66	129
3979	64	129
3980	63	129
3981	63	129
3982	63	130
3983	62	129
3984	63	129
3985	62	130
3986	62	129
3987	62	129
3988	62	129
3989	62	130
3990	62	129
3991	61	130
3992	61	130
3993	62	130
3994	61	130
3995	61	130
3996	62	130
3997	61	130
3998	61	130
3999	62	129
4000	62	130
4001	62	129
4002	63	130
4003	62	130
4004	62	129
4005	64	130
4006	65	129
4007	67	129
4008	69	130
4009	71	129
4010	71	129
4011	71	130
4012	71	129
4013	71	129
4014	71	129
4015	70	129
4016	70	130
4017	68	129
4018	65	129
4019	65	129
4020	63	129
4021	63	129
4022	63	129
4023	63	130
4024	62	129
4025	62	129
4026	62	129
4027	62	130
4028	62	129
4029	61	130
4030	61	129
4031	62	129
4032	62	129
4033	62	129
4034	62	129
4035	61	129
4036	60	130
4037	61	130
4038	62	129
4039	62	129
4040	62	130
4041	62	129
4042	61	130
4043	63	130
4044	63	130
4045	63	129
4046	63	129
4047	63	129
4048	63	129
4049	65	129
4050	63	129
4051	63	129
4052	63	129
4053	63	130
4054	63	130
4055	64	130
4056	62	129
4057	62	130
4058	62	129
4059	62	129
4060	62	129
4061	63	129
4062	63	129
4063	64	129
4064	65	129
4065	67	129
4066	69	129
4067	71	129
4068	69	129
4069	69	130
4070	68	129
4071	67	129
4072	66	130
4073	65	129
4074	63	129
4075	63	129
4076	64	129
4077	63	130
4078	63	129
4079	63	129
4080	62	129
4081	63	129
4082	62	129
4083	62	129
4084	62	129
4085	62	129
4086	62	129
4087	63	129
4088	62	129
4089	62	129
4090	62	129
4091	62	129
4092	62	130
4093	63	130
4094	63	130
4095	62	130
