
TIME STEP:
125 = 0.2ms

VOLTAGE STEP:
CH1:  32 = 0.15V
CH2:  32 = 5V
GND	58	128
N	CH1	CH2

0	69	130
1	67	129
2	67	129
3	66	129
4	65	129
5	64	129
6	64	129
7	63	129
8	64	129
9	64	129
10	63	129
11	63	129
12	63	129
13	63	129
14	63	129
15	63	129
16	63	129
17	64	129
18	66	129
19	68	129
20	73	129
21	75	129
22	76	129
23	77	129
24	75	130
25	73	129
26	71	129
27	69	129
28	67	129
29	66	129
30	66	129
31	65	129
32	64	129
33	64	129
34	63	129
35	63	129
36	63	129
37	63	129
38	63	130
39	62	129
40	63	129
41	63	130
42	63	129
43	62	130
44	63	130
45	63	129
46	64	129
47	66	129
48	68	130
49	71	130
50	73	129
51	74	129
52	73	129
53	73	130
54	71	130
55	70	129
56	68	129
57	67	129
58	66	129
59	66	129
60	65	129
61	65	130
62	64	129
63	64	129
64	63	130
65	63	130
66	62	129
67	63	129
68	63	129
69	64	129
70	64	130
71	64	129
72	65	130
73	66	130
74	68	129
75	70	130
76	72	129
77	71	129
78	71	129
79	70	130
80	69	129
81	68	129
82	68	130
83	67	130
84	66	129
85	65	130
86	65	130
87	64	129
88	64	129
89	63	129
90	64	129
91	63	130
92	64	129
93	63	130
94	63	129
95	63	130
96	63	130
97	63	130
98	64	129
99	65	129
100	66	129
101	67	129
102	70	130
103	72	130
104	73	130
105	74	129
106	73	129
107	72	130
108	71	129
109	69	130
110	69	130
111	68	129
112	67	129
113	66	129
114	65	129
115	65	130
116	65	129
117	65	129
118	65	129
119	65	130
120	65	129
121	64	129
122	64	129
123	65	129
124	66	129
125	65	130
126	67	129
127	67	129
128	68	129
129	69	129
130	70	129
131	70	129
132	71	129
133	70	129
134	69	130
135	69	129
136	68	130
137	67	130
138	67	129
139	67	129
140	65	129
141	66	129
142	65	129
143	65	129
144	64	130
145	65	129
146	64	129
147	65	130
148	65	129
149	65	129
150	64	129
151	66	129
152	65	129
153	67	129
154	67	129
155	68	130
156	68	129
157	69	130
158	68	129
159	69	129
160	68	129
161	67	129
162	67	130
163	67	129
164	65	129
165	65	130
166	65	130
167	64	129
168	64	129
169	65	129
170	63	129
171	65	129
172	63	129
173	63	129
174	64	129
175	64	129
176	63	129
177	66	129
178	67	130
179	68	129
180	72	129
181	73	129
182	73	129
183	74	129
184	74	129
185	72	129
186	71	129
187	69	129
188	68	129
189	67	130
190	67	130
191	65	130
192	65	129
193	64	129
194	64	129
195	63	129
196	64	129
197	63	130
198	63	129
199	63	129
200	63	129
201	63	129
202	65	129
203	63	129
204	64	129
205	65	129
206	66	129
207	67	130
208	70	129
209	70	130
210	70	129
211	72	130
212	71	129
213	70	130
214	70	129
215	68	130
216	67	129
217	67	129
218	66	129
219	65	129
220	65	130
221	65	129
222	64	130
223	65	130
224	63	129
225	64	129
226	64	129
227	64	129
228	63	129
229	65	129
230	64	130
231	65	129
232	66	130
233	67	129
234	66	129
235	70	129
236	71	129
237	71	130
238	72	129
239	72	130
240	70	130
241	70	129
242	69	130
243	68	129
244	67	129
245	66	129
246	65	129
247	65	129
248	65	129
249	64	129
250	64	129
251	63	129
252	63	129
253	63	129
254	64	129
255	63	130
256	63	129
257	63	130
258	64	129
259	64	130
260	66	130
261	66	130
262	69	129
263	73	129
264	74	129
265	74	130
266	75	129
267	73	130
268	70	129
269	69	129
270	68	129
271	67	130
272	66	130
273	66	129
274	64	129
275	64	130
276	64	130
277	63	129
278	63	129
279	63	130
280	62	130
281	63	130
282	63	130
283	63	130
284	63	130
285	64	130
286	63	129
287	64	129
288	65	129
289	65	130
290	66	129
291	67	129
292	69	129
293	68	129
294	68	129
295	68	129
296	68	129
297	68	130
298	68	129
299	68	129
300	67	129
301	67	129
302	67	129
303	67	130
304	65	129
305	66	129
306	67	129
307	66	129
308	66	129
309	66	129
310	66	129
311	66	130
312	65	129
313	66	129
314	66	129
315	66	130
316	66	130
317	67	129
318	67	129
319	67	129
320	67	129
321	67	129
322	67	129
323	67	129
324	68	129
325	68	129
326	67	130
327	67	130
328	67	129
329	67	130
330	67	129
331	66	130
332	66	129
333	67	129
334	67	129
335	67	129
336	67	129
337	67	129
338	66	129
339	67	129
340	67	129
341	67	130
342	67	130
343	67	130
344	67	129
345	68	129
346	68	130
347	68	129
348	67	129
349	66	130
350	66	130
351	65	129
352	65	129
353	64	129
354	65	129
355	65	129
356	66	129
357	66	129
358	66	130
359	66	130
360	68	129
361	69	130
362	69	129
363	68	129
364	67	129
365	66	130
366	65	129
367	64	129
368	64	129
369	63	129
370	63	129
371	64	129
372	64	129
373	64	130
374	65	129
375	65	130
376	67	129
377	71	129
378	73	129
379	74	129
380	74	129
381	73	129
382	72	129
383	71	129
384	69	129
385	68	129
386	67	129
387	66	129
388	66	129
389	65	130
390	64	130
391	64	129
392	64	129
393	63	129
394	64	129
395	63	129
396	63	129
397	63	129
398	63	129
399	63	129
400	63	129
401	63	129
402	64	130
403	65	129
404	67	130
405	69	130
406	71	129
407	71	130
408	72	130
409	72	129
410	71	129
411	70	130
412	69	129
413	68	129
414	67	129
415	67	130
416	65	129
417	65	129
418	65	130
419	64	130
420	65	130
421	64	129
422	63	129
423	64	130
424	63	129
425	63	129
426	64	130
427	63	129
428	64	129
429	65	129
430	65	129
431	66	129
432	67	129
433	68	129
434	70	129
435	71	129
436	71	129
437	71	129
438	71	129
439	70	130
440	69	129
441	69	129
442	68	129
443	67	129
444	66	129
445	65	129
446	65	129
447	65	129
448	64	129
449	64	129
450	64	129
451	64	129
452	64	129
453	64	129
454	63	129
455	64	129
456	64	129
457	65	129
458	66	130
459	66	129
460	68	130
461	70	129
462	71	129
463	71	129
464	71	129
465	69	129
466	67	129
467	67	129
468	65	129
469	65	129
470	64	129
471	64	130
472	64	130
473	64	129
474	64	129
475	64	129
476	64	129
477	65	130
478	65	129
479	65	129
480	66	129
481	67	129
482	67	129
483	67	130
484	68	129
485	68	129
486	68	129
487	68	130
488	68	130
489	68	129
490	68	130
491	68	129
492	67	129
493	67	129
494	67	129
495	67	129
496	67	129
497	67	129
498	67	129
499	67	129
500	67	129
501	67	129
502	67	129
503	67	129
504	67	129
505	67	130
506	66	129
507	66	130
508	65	129
509	65	129
510	65	129
511	64	129
512	64	130
513	63	129
514	63	129
515	63	130
516	63	129
517	63	130
518	63	129
519	63	129
520	64	129
521	64	130
522	65	130
523	65	130
524	66	130
525	67	130
526	69	129
527	70	129
528	71	130
529	71	129
530	70	129
531	70	130
532	69	129
533	69	129
534	68	129
535	67	129
536	67	129
537	66	130
538	66	129
539	66	130
540	66	129
541	66	130
542	66	129
543	67	129
544	67	129
545	67	129
546	68	130
547	67	129
548	65	129
549	64	129
550	64	130
551	63	129
552	63	129
553	63	129
554	63	129
555	63	130
556	63	129
557	65	129
558	67	129
559	72	130
560	75	129
561	75	130
562	69	130
563	67	129
564	66	129
565	65	129
566	65	129
567	65	129
568	64	129
569	64	129
570	64	130
571	65	129
572	65	129
573	66	129
574	67	130
575	70	129
576	73	129
577	75	129
578	75	129
579	75	129
580	74	129
581	72	129
582	70	129
583	68	129
584	67	129
585	66	129
586	65	129
587	65	129
588	64	129
589	64	129
590	63	129
591	63	129
592	63	129
593	63	130
594	63	129
595	62	129
596	62	129
597	62	129
598	62	130
599	62	129
600	62	130
601	63	129
602	63	129
603	63	129
604	64	129
605	65	129
606	66	129
607	68	130
608	68	129
609	68	129
610	68	129
611	67	130
612	67	129
613	66	129
614	66	130
615	66	129
616	66	129
617	66	129
618	66	129
619	66	129
620	67	130
621	66	129
622	66	129
623	66	129
624	72	130
625	74	130
626	68	130
627	68	129
628	76	130
629	70	130
630	65	130
631	63	129
632	63	129
633	63	129
634	64	129
635	64	129
636	67	129
637	75	129
638	69	130
639	65	129
640	63	130
641	63	129
642	63	130
643	63	130
644	63	129
645	63	129
646	63	129
647	64	130
648	64	130
649	65	129
650	67	129
651	68	129
652	69	130
653	67	129
654	67	129
655	66	130
656	65	129
657	64	129
658	65	129
659	65	129
660	71	129
661	76	129
662	69	129
663	66	129
664	65	129
665	65	129
666	64	130
667	64	129
668	64	129
669	63	130
670	63	130
671	63	129
672	63	130
673	63	129
674	63	130
675	64	129
676	69	129
677	76	129
678	68	129
679	66	129
680	64	130
681	64	129
682	63	129
683	63	130
684	63	130
685	64	129
686	65	130
687	67	129
688	79	130
689	83	130
690	74	129
691	67	129
692	65	130
693	65	129
694	64	130
695	64	130
696	64	130
697	64	130
698	63	130
699	63	129
700	63	129
701	63	130
702	64	129
703	64	129
704	65	130
705	66	129
706	68	130
707	69	130
708	70	130
709	69	130
710	68	130
711	68	130
712	67	129
713	66	129
714	65	129
715	64	129
716	64	129
717	64	129
718	63	129
719	63	129
720	63	129
721	63	130
722	63	129
723	64	129
724	64	129
725	65	130
726	67	129
727	71	130
728	76	129
729	79	129
730	79	129
731	72	129
732	68	129
733	66	129
734	65	129
735	64	129
736	64	129
737	64	129
738	63	130
739	63	129
740	64	129
741	63	129
742	63	129
743	63	129
744	63	129
745	63	129
746	64	129
747	64	129
748	65	129
749	67	129
750	70	129
751	72	129
752	73	129
753	72	130
754	72	129
755	71	129
756	69	129
757	68	130
758	67	129
759	66	129
760	66	130
761	65	129
762	64	129
763	64	130
764	63	129
765	63	129
766	64	129
767	63	129
768	63	129
769	63	129
770	63	129
771	63	129
772	64	129
773	63	130
774	64	129
775	65	130
776	67	129
777	71	130
778	74	129
779	75	129
780	75	129
781	75	129
782	73	129
783	72	130
784	70	130
785	68	130
786	68	130
787	67	129
788	66	130
789	66	130
790	65	129
791	65	129
792	65	129
793	65	130
794	65	129
795	65	130
796	66	130
797	66	130
798	68	130
799	68	130
800	69	129
801	69	130
802	69	129
803	69	129
804	69	129
805	67	130
806	66	129
807	66	129
808	65	130
809	64	129
810	64	129
811	63	130
812	63	130
813	63	130
814	63	129
815	63	129
816	63	129
817	61	130
818	62	130
819	63	130
820	62	129
821	63	129
822	63	130
823	63	129
824	67	130
825	87	129
826	68	130
827	64	129
828	63	129
829	63	129
830	64	129
831	64	129
832	63	130
833	64	130
834	68	129
835	79	130
836	76	130
837	66	130
838	64	130
839	64	129
840	64	129
841	64	130
842	64	129
843	63	130
844	64	129
845	64	129
846	65	129
847	66	130
848	68	129
849	68	129
850	69	130
851	70	129
852	70	130
853	69	129
854	68	129
855	67	129
856	66	129
857	66	129
858	65	129
859	64	129
860	64	129
861	64	130
862	65	129
863	64	129
864	63	129
865	63	130
866	63	129
867	63	130
868	64	129
869	64	129
870	64	129
871	65	129
872	65	130
873	67	130
874	72	129
875	76	130
876	79	129
877	81	129
878	81	129
879	79	129
880	76	129
881	71	129
882	69	129
883	67	129
884	66	130
885	65	129
886	64	129
887	65	129
888	63	129
889	63	129
890	62	130
891	62	129
892	62	129
893	62	129
894	63	129
895	63	129
896	61	129
897	62	130
898	61	129
899	61	130
900	62	129
901	61	129
902	61	129
903	62	130
904	63	129
905	68	129
906	82	130
907	86	129
908	77	129
909	71	130
910	68	129
911	67	129
912	66	129
913	64	130
914	64	129
915	64	129
916	64	129
917	64	129
918	63	129
919	62	129
920	63	129
921	63	129
922	63	129
923	63	129
924	64	130
925	64	130
926	65	129
927	66	129
928	67	129
929	69	129
930	71	129
931	72	129
932	72	129
933	71	129
934	70	130
935	69	129
936	68	129
937	67	129
938	65	130
939	65	129
940	65	130
941	64	129
942	64	129
943	64	129
944	65	129
945	65	129
946	64	129
947	63	129
948	64	129
949	63	129
950	64	129
951	63	129
952	64	129
953	65	130
954	67	129
955	67	129
956	68	129
957	70	130
958	71	129
959	70	129
960	70	129
961	69	130
962	68	130
963	67	129
964	67	129
965	67	129
966	66	129
967	65	130
968	65	129
969	64	129
970	65	130
971	65	130
972	64	129
973	65	130
974	64	129
975	65	129
976	65	129
977	66	130
978	66	129
979	66	130
980	67	129
981	68	130
982	69	129
983	68	129
984	69	129
985	70	129
986	69	130
987	68	129
988	68	129
989	69	130
990	67	129
991	67	129
992	67	130
993	66	130
994	65	130
995	67	129
996	66	129
997	65	130
998	65	129
999	65	129
1000	65	129
1001	65	129
1002	65	129
1003	65	130
1004	67	130
1005	67	129
1006	67	130
1007	68	129
1008	67	129
1009	68	130
1010	69	129
1011	68	129
1012	68	129
1013	68	129
1014	67	130
1015	67	129
1016	67	129
1017	66	129
1018	65	129
1019	66	130
1020	66	129
1021	65	129
1022	64	129
1023	65	129
1024	64	129
1025	64	129
1026	65	129
1027	65	129
1028	64	130
1029	64	129
1030	66	129
1031	66	129
1032	66	129
1033	66	129
1034	69	129
1035	71	129
1036	72	130
1037	73	129
1038	73	129
1039	73	129
1040	71	129
1041	71	129
1042	69	129
1043	67	129
1044	66	129
1045	65	129
1046	65	129
1047	63	129
1048	63	129
1049	63	129
1050	63	129
1051	63	129
1052	63	129
1053	63	129
1054	61	129
1055	62	130
1056	63	130
1057	62	129
1058	61	129
1059	63	129
1060	63	129
1061	63	129
1062	64	129
1063	69	129
1064	78	130
1065	80	129
1066	74	129
1067	73	129
1068	71	129
1069	69	129
1070	68	130
1071	68	130
1072	66	129
1073	65	129
1074	65	130
1075	65	130
1076	64	129
1077	64	130
1078	64	129
1079	65	129
1080	63	129
1081	63	130
1082	64	129
1083	63	129
1084	63	129
1085	65	129
1086	65	130
1087	66	130
1088	67	129
1089	68	129
1090	69	129
1091	69	129
1092	69	129
1093	71	129
1094	70	129
1095	69	129
1096	68	129
1097	68	129
1098	66	129
1099	66	129
1100	65	130
1101	65	129
1102	64	129
1103	64	129
1104	65	129
1105	63	129
1106	63	130
1107	63	130
1108	64	129
1109	63	130
1110	64	130
1111	65	129
1112	64	129
1113	65	130
1114	66	129
1115	67	129
1116	70	130
1117	71	129
1118	73	129
1119	73	129
1120	73	129
1121	72	130
1122	72	130
1123	69	129
1124	69	129
1125	68	129
1126	67	130
1127	66	130
1128	65	129
1129	66	129
1130	63	130
1131	65	129
1132	64	129
1133	64	129
1134	64	129
1135	63	130
1136	64	130
1137	65	129
1138	64	130
1139	64	129
1140	65	130
1141	65	129
1142	66	129
1143	66	129
1144	65	129
1145	68	129
1146	67	129
1147	67	129
1148	66	129
1149	68	129
1150	67	129
1151	67	129
1152	66	129
1153	66	129
1154	66	129
1155	64	129
1156	66	130
1157	66	130
1158	65	129
1159	65	129
1160	65	129
1161	65	129
1162	65	130
1163	65	129
1164	65	129
1165	65	129
1166	65	130
1167	65	129
1168	66	129
1169	65	129
1170	65	130
1171	65	129
1172	66	129
1173	66	129
1174	67	129
1175	66	129
1176	67	129
1177	68	129
1178	68	129
1179	69	129
1180	69	129
1181	70	129
1182	71	129
1183	71	129
1184	71	130
1185	71	129
1186	71	129
1187	69	130
1188	69	129
1189	67	129
1190	66	130
1191	65	129
1192	65	129
1193	65	130
1194	63	130
1195	63	129
1196	63	130
1197	63	129
1198	63	129
1199	63	129
1200	63	130
1201	62	130
1202	64	130
1203	65	130
1204	65	130
1205	67	129
1206	70	130
1207	74	130
1208	75	130
1209	74	129
1210	73	129
1211	71	130
1212	71	129
1213	69	130
1214	68	130
1215	66	129
1216	66	130
1217	65	130
1218	65	129
1219	65	129
1220	63	129
1221	64	129
1222	63	129
1223	64	130
1224	64	130
1225	63	129
1226	64	129
1227	65	129
1228	66	129
1229	66	130
1230	67	129
1231	67	130
1232	67	129
1233	68	130
1234	67	129
1235	66	130
1236	66	129
1237	65	129
1238	66	130
1239	64	129
1240	65	129
1241	65	129
1242	64	129
1243	64	129
1244	65	129
1245	65	129
1246	65	130
1247	67	129
1248	69	129
1249	70	129
1250	71	129
1251	69	129
1252	68	129
1253	66	130
1254	66	129
1255	65	130
1256	66	130
1257	65	129
1258	67	129
1259	66	129
1260	66	129
1261	65	129
1262	65	130
1263	63	129
1264	64	129
1265	63	129
1266	64	130
1267	63	129
1268	64	130
1269	64	129
1270	65	130
1271	65	130
1272	67	129
1273	70	130
1274	72	130
1275	73	129
1276	74	130
1277	73	129
1278	71	130
1279	70	129
1280	69	130
1281	68	129
1282	67	129
1283	67	129
1284	66	129
1285	65	129
1286	65	130
1287	64	130
1288	64	129
1289	63	129
1290	64	130
1291	64	129
1292	64	129
1293	64	129
1294	64	130
1295	64	129
1296	65	129
1297	66	130
1298	67	129
1299	68	129
1300	69	129
1301	69	129
1302	69	129
1303	68	129
1304	67	129
1305	66	130
1306	66	129
1307	65	129
1308	66	129
1309	65	129
1310	65	129
1311	64	129
1312	64	129
1313	64	129
1314	64	129
1315	64	130
1316	64	130
1317	65	129
1318	65	129
1319	66	129
1320	67	129
1321	67	129
1322	69	129
1323	70	130
1324	71	129
1325	71	129
1326	70	129
1327	69	130
1328	68	129
1329	67	129
1330	67	129
1331	66	129
1332	66	129
1333	65	129
1334	66	129
1335	65	129
1336	64	129
1337	63	130
1338	64	130
1339	64	130
1340	64	129
1341	65	130
1342	64	129
1343	64	129
1344	65	129
1345	65	129
1346	66	130
1347	67	129
1348	69	129
1349	70	130
1350	71	130
1351	71	129
1352	71	130
1353	69	129
1354	68	130
1355	69	129
1356	68	129
1357	67	129
1358	66	129
1359	65	129
1360	65	129
1361	65	129
1362	64	130
1363	64	129
1364	64	129
1365	64	129
1366	65	129
1367	65	129
1368	64	129
1369	64	129
1370	64	129
1371	65	129
1372	65	129
1373	66	129
1374	67	129
1375	68	129
1376	69	129
1377	70	129
1378	71	129
1379	70	129
1380	71	129
1381	71	129
1382	70	129
1383	69	130
1384	68	129
1385	66	129
1386	66	130
1387	66	130
1388	66	129
1389	65	129
1390	65	129
1391	65	130
1392	65	130
1393	64	129
1394	64	129
1395	64	129
1396	65	129
1397	65	129
1398	67	129
1399	67	129
1400	67	130
1401	70	129
1402	71	129
1403	71	130
1404	68	129
1405	65	129
1406	65	129
1407	64	129
1408	63	130
1409	63	130
1410	63	130
1411	61	129
1412	63	129
1413	63	129
1414	63	129
1415	63	130
1416	63	130
1417	64	129
1418	65	129
1419	67	129
1420	70	129
1421	72	129
1422	71	129
1423	70	129
1424	68	129
1425	66	129
1426	65	129
1427	65	129
1428	64	129
1429	65	129
1430	65	129
1431	64	129
1432	64	129
1433	64	130
1434	64	129
1435	65	130
1436	64	129
1437	64	129
1438	67	129
1439	68	130
1440	69	129
1441	70	129
1442	70	129
1443	70	129
1444	71	129
1445	71	130
1446	70	130
1447	69	130
1448	68	129
1449	68	129
1450	68	130
1451	66	129
1452	66	129
1453	66	129
1454	66	129
1455	67	130
1456	67	129
1457	66	129
1458	67	130
1459	68	130
1460	68	130
1461	70	130
1462	70	129
1463	69	129
1464	68	130
1465	67	129
1466	65	130
1467	64	129
1468	63	129
1469	62	130
1470	64	129
1471	64	129
1472	63	129
1473	63	129
1474	62	129
1475	63	129
1476	65	129
1477	65	129
1478	65	130
1479	66	129
1480	67	129
1481	68	129
1482	69	129
1483	68	130
1484	67	129
1485	68	129
1486	67	129
1487	68	129
1488	67	129
1489	65	129
1490	65	129
1491	65	129
1492	64	129
1493	65	130
1494	64	129
1495	64	129
1496	65	129
1497	64	130
1498	64	129
1499	64	130
1500	63	129
1501	63	130
1502	66	129
1503	66	130
1504	67	129
1505	68	129
1506	68	129
1507	69	130
1508	71	130
1509	70	130
1510	70	129
1511	69	129
1512	69	129
1513	69	130
1514	68	130
1515	67	129
1516	66	129
1517	66	130
1518	65	129
1519	67	129
1520	67	129
1521	65	129
1522	64	129
1523	65	130
1524	65	129
1525	65	130
1526	66	129
1527	65	129
1528	65	130
1529	66	129
1530	66	130
1531	67	130
1532	67	130
1533	67	129
1534	69	129
1535	69	129
1536	69	130
1537	69	129
1538	68	129
1539	66	129
1540	68	129
1541	68	129
1542	67	130
1543	67	130
1544	66	129
1545	65	129
1546	66	129
1547	65	130
1548	65	130
1549	65	129
1550	65	130
1551	65	130
1552	67	129
1553	65	129
1554	65	130
1555	65	130
1556	66	130
1557	66	130
1558	68	129
1559	67	130
1560	68	129
1561	69	129
1562	69	129
1563	70	129
1564	70	130
1565	69	129
1566	69	129
1567	69	129
1568	68	129
1569	67	129
1570	66	129
1571	64	129
1572	65	129
1573	65	129
1574	64	129
1575	64	129
1576	64	129
1577	62	129
1578	64	130
1579	63	129
1580	63	129
1581	63	129
1582	63	129
1583	63	130
1584	65	129
1585	63	129
1586	64	129
1587	65	129
1588	66	129
1589	68	130
1590	73	129
1591	72	129
1592	72	130
1593	72	129
1594	72	130
1595	71	129
1596	71	130
1597	68	129
1598	68	129
1599	67	129
1600	66	129
1601	65	129
1602	65	129
1603	62	129
1604	64	129
1605	65	129
1606	64	130
1607	64	129
1608	64	129
1609	63	129
1610	65	129
1611	67	129
1612	69	129
1613	72	129
1614	73	129
1615	72	129
1616	73	129
1617	70	129
1618	68	130
1619	67	129
1620	66	129
1621	65	129
1622	67	129
1623	64	129
1624	63	130
1625	63	129
1626	63	129
1627	63	130
1628	63	129
1629	62	129
1630	62	130
1631	63	129
1632	62	129
1633	62	130
1634	63	130
1635	61	130
1636	63	130
1637	66	129
1638	69	129
1639	77	129
1640	78	130
1641	76	130
1642	77	130
1643	75	130
1644	72	130
1645	69	129
1646	68	130
1647	66	130
1648	67	129
1649	64	129
1650	63	129
1651	64	130
1652	63	130
1653	63	130
1654	65	129
1655	62	129
1656	62	130
1657	63	130
1658	62	129
1659	62	129
1660	63	129
1661	61	129
1662	63	129
1663	64	130
1664	66	129
1665	71	130
1666	76	129
1667	71	129
1668	67	129
1669	66	129
1670	65	129
1671	65	129
1672	65	129
1673	63	129
1674	65	129
1675	64	129
1676	64	129
1677	65	130
1678	65	129
1679	66	129
1680	68	130
1681	67	129
1682	67	130
1683	69	130
1684	69	130
1685	70	130
1686	71	130
1687	69	129
1688	69	130
1689	69	129
1690	68	130
1691	67	129
1692	67	129
1693	65	129
1694	67	130
1695	66	129
1696	65	130
1697	65	129
1698	64	129
1699	63	129
1700	65	129
1701	64	129
1702	64	129
1703	65	129
1704	65	129
1705	65	130
1706	67	129
1707	66	129
1708	68	129
1709	69	130
1710	71	129
1711	73	129
1712	73	129
1713	72	129
1714	72	129
1715	71	129
1716	70	129
1717	69	129
1718	68	129
1719	67	129
1720	67	129
1721	66	129
1722	65	129
1723	65	129
1724	63	129
1725	63	129
1726	64	129
1727	64	129
1728	64	129
1729	64	129
1730	63	129
1731	64	129
1732	65	129
1733	64	129
1734	65	129
1735	66	129
1736	67	130
1737	70	130
1738	70	129
1739	69	129
1740	70	129
1741	70	129
1742	69	130
1743	70	130
1744	69	129
1745	67	129
1746	67	129
1747	66	129
1748	66	129
1749	66	129
1750	65	129
1751	65	129
1752	66	129
1753	66	130
1754	66	129
1755	67	129
1756	66	129
1757	68	130
1758	70	129
1759	70	129
1760	69	129
1761	69	129
1762	67	129
1763	67	129
1764	67	130
1765	65	129
1766	65	130
1767	64	130
1768	64	130
1769	66	130
1770	64	129
1771	62	129
1772	63	129
1773	63	130
1774	62	130
1775	64	130
1776	63	129
1777	62	129
1778	63	129
1779	63	129
1780	63	129
1781	64	129
1782	63	130
1783	68	129
1784	81	130
1785	81	129
1786	67	129
1787	66	129
1788	63	129
1789	65	130
1790	66	129
1791	66	129
1792	67	129
1793	69	129
1794	69	129
1795	70	129
1796	70	129
1797	68	130
1798	68	129
1799	67	129
1800	66	130
1801	67	130
1802	65	130
1803	63	130
1804	64	129
1805	64	129
1806	63	130
1807	65	129
1808	64	129
1809	63	129
1810	64	129
1811	64	130
1812	65	130
1813	67	129
1814	68	129
1815	71	129
1816	74	129
1817	73	129
1818	73	129
1819	72	130
1820	69	129
1821	68	129
1822	69	129
1823	67	129
1824	66	129
1825	65	130
1826	63	129
1827	64	129
1828	64	130
1829	63	129
1830	63	129
1831	63	130
1832	63	129
1833	64	130
1834	63	130
1835	62	129
1836	63	130
1837	63	129
1838	63	129
1839	65	130
1840	64	129
1841	64	129
1842	66	129
1843	69	129
1844	73	129
1845	75	129
1846	76	129
1847	75	129
1848	76	130
1849	74	129
1850	72	129
1851	70	129
1852	67	129
1853	66	129
1854	67	129
1855	66	129
1856	65	129
1857	64	129
1858	63	129
1859	63	129
1860	64	129
1861	63	129
1862	63	129
1863	64	129
1864	63	129
1865	65	129
1866	65	129
1867	65	129
1868	66	129
1869	68	129
1870	68	129
1871	69	129
1872	69	129
1873	67	129
1874	67	129
1875	66	129
1876	65	129
1877	65	129
1878	64	129
1879	63	129
1880	65	129
1881	63	129
1882	64	129
1883	64	129
1884	63	130
1885	63	129
1886	66	129
1887	67	129
1888	70	129
1889	73	129
1890	73	129
1891	74	129
1892	74	129
1893	72	129
1894	70	129
1895	69	129
1896	67	129
1897	68	129
1898	66	130
1899	64	129
1900	64	129
1901	64	129
1902	63	129
1903	65	129
1904	64	129
1905	63	129
1906	63	129
1907	63	130
1908	63	129
1909	64	129
1910	62	129
1911	63	130
1912	65	129
1913	65	129
1914	67	129
1915	70	130
1916	71	130
1917	72	129
1918	74	130
1919	73	129
1920	72	129
1921	71	129
1922	68	129
1923	69	129
1924	67	129
1925	66	130
1926	66	129
1927	65	130
1928	65	129
1929	66	129
1930	64	129
1931	63	129
1932	63	129
1933	63	129
1934	63	129
1935	64	130
1936	62	129
1937	63	130
1938	64	129
1939	63	129
1940	64	129
1941	65	129
1942	64	129
1943	68	129
1944	70	129
1945	71	129
1946	72	129
1947	72	130
1948	70	129
1949	71	129
1950	70	129
1951	68	129
1952	68	130
1953	67	130
1954	66	130
1955	67	129
1956	65	130
1957	64	130
1958	64	129
1959	64	130
1960	64	129
1961	65	129
1962	63	129
1963	64	129
1964	64	129
1965	63	130
1966	64	129
1967	64	129
1968	63	129
1969	67	129
1970	67	129
1971	68	129
1972	69	130
1973	68	129
1974	67	130
1975	69	130
1976	68	130
1977	67	129
1978	67	129
1979	66	130
1980	66	129
1981	66	129
1982	65	130
1983	65	129
1984	65	129
1985	65	129
1986	66	129
1987	66	129
1988	65	129
1989	66	130
1990	66	129
1991	67	129
1992	68	130
1993	69	130
1994	69	129
1995	70	129
1996	70	129
1997	69	129
1998	69	130
1999	67	129
2000	67	129
2001	67	129
2002	66	129
2003	65	130
2004	65	129
2005	63	130
2006	64	129
2007	64	129
2008	63	129
2009	64	129
2010	64	129
2011	63	129
2012	65	129
2013	64	129
2014	64	129
2015	65	129
2016	66	129
2017	67	129
2018	71	130
2019	72	129
2020	73	129
2021	73	129
2022	73	130
2023	72	129
2024	72	130
2025	69	129
2026	68	129
2027	69	130
2028	67	130
2029	66	129
2030	65	129
2031	63	129
2032	64	129
2033	65	130
2034	64	129
2035	64	129
2036	64	129
2037	62	129
2038	64	129
2039	63	129
2040	63	130
2041	63	130
2042	64	130
2043	63	129
2044	66	129
2045	65	129
2046	65	129
2047	69	129
2048	73	130
2049	74	129
2050	76	130
2051	74	129
2052	72	129
2053	71	129
2054	69	130
2055	67	129
2056	66	130
2057	64	130
2058	65	130
2059	65	129
2060	64	129
2061	63	130
2062	63	130
2063	61	129
2064	63	130
2065	63	129
2066	63	130
2067	63	129
2068	63	129
2069	63	130
2070	66	130
2071	65	129
2072	66	130
2073	69	130
2074	71	130
2075	71	130
2076	73	129
2077	71	129
2078	69	130
2079	69	129
2080	68	129
2081	67	130
2082	68	130
2083	66	129
2084	65	129
2085	66	130
2086	65	129
2087	65	129
2088	65	129
2089	63	129
2090	64	130
2091	65	129
2092	64	129
2093	64	129
2094	64	129
2095	63	129
2096	65	129
2097	66	130
2098	66	130
2099	67	130
2100	68	130
2101	68	129
2102	70	130
2103	70	129
2104	70	130
2105	70	129
2106	70	130
2107	69	130
2108	70	129
2109	68	129
2110	66	129
2111	67	130
2112	66	129
2113	65	129
2114	67	129
2115	65	130
2116	64	130
2117	65	129
2118	64	129
2119	64	129
2120	65	129
2121	63	129
2122	64	129
2123	65	130
2124	65	129
2125	65	129
2126	66	129
2127	65	129
2128	67	129
2129	69	130
2130	69	129
2131	70	129
2132	70	130
2133	68	130
2134	69	130
2135	69	129
2136	68	129
2137	68	129
2138	67	129
2139	67	129
2140	67	129
2141	66	130
2142	65	130
2143	65	130
2144	65	130
2145	65	129
2146	66	129
2147	65	129
2148	65	129
2149	66	130
2150	66	129
2151	66	129
2152	67	130
2153	67	129
2154	67	129
2155	69	129
2156	68	129
2157	68	129
2158	68	130
2159	67	129
2160	67	130
2161	68	129
2162	66	130
2163	66	129
2164	65	130
2165	64	129
2166	64	130
2167	65	130
2168	64	129
2169	65	129
2170	64	129
2171	64	129
2172	65	129
2173	65	129
2174	64	129
2175	65	130
2176	65	129
2177	66	130
2178	67	129
2179	67	129
2180	65	130
2181	65	130
2182	64	130
2183	64	129
2184	65	129
2185	65	129
2186	64	129
2187	67	129
2188	69	129
2189	74	130
2190	76	130
2191	79	129
2192	78	129
2193	78	129
2194	73	129
2195	68	129
2196	67	130
2197	65	130
2198	63	130
2199	65	129
2200	63	129
2201	63	129
2202	63	130
2203	63	129
2204	62	129
2205	63	129
2206	62	130
2207	62	129
2208	62	130
2209	63	129
2210	63	129
2211	66	130
2212	66	130
2213	83	129
2214	70	130
2215	66	130
2216	65	129
2217	65	129
2218	63	129
2219	64	129
2220	63	129
2221	63	129
2222	63	130
2223	64	130
2224	62	129
2225	64	129
2226	65	130
2227	65	129
2228	68	130
2229	70	129
2230	69	130
2231	72	129
2232	74	129
2233	74	130
2234	76	129
2235	75	130
2236	73	130
2237	73	130
2238	71	129
2239	69	130
2240	69	130
2241	67	130
2242	66	129
2243	67	130
2244	64	129
2245	64	129
2246	64	129
2247	63	129
2248	63	129
2249	65	129
2250	62	129
2251	62	130
2252	62	129
2253	62	129
2254	63	129
2255	63	129
2256	61	129
2257	63	129
2258	63	130
2259	63	129
2260	64	130
2261	67	129
2262	70	129
2263	74	130
2264	75	129
2265	68	129
2266	66	130
2267	65	129
2268	62	129
2269	64	130
2270	63	130
2271	63	129
2272	63	129
2273	63	129
2274	62	129
2275	64	129
2276	63	129
2277	62	130
2278	63	130
2279	64	129
2280	67	129
2281	81	130
2282	82	130
2283	79	129
2284	70	130
2285	66	129
2286	65	129
2287	65	129
2288	63	129
2289	63	130
2290	63	129
2291	63	129
2292	63	130
2293	63	129
2294	62	129
2295	63	129
2296	64	129
2297	64	130
2298	65	129
2299	68	129
2300	71	130
2301	72	129
2302	74	130
2303	73	129
2304	72	129
2305	71	129
2306	68	130
2307	67	129
2308	67	130
2309	65	129
2310	65	130
2311	65	129
2312	64	129
2313	65	129
2314	64	129
2315	63	129
2316	64	130
2317	63	129
2318	63	129
2319	65	129
2320	65	129
2321	63	129
2322	65	129
2323	67	129
2324	69	129
2325	73	129
2326	74	129
2327	73	129
2328	73	129
2329	71	129
2330	70	129
2331	69	129
2332	67	130
2333	64	129
2334	65	129
2335	64	129
2336	63	130
2337	63	129
2338	62	129
2339	61	129
2340	63	129
2341	62	129
2342	62	129
2343	62	129
2344	62	129
2345	62	130
2346	63	129
2347	62	129
2348	63	129
2349	64	129
2350	65	129
2351	69	129
2352	75	129
2353	71	129
2354	70	129
2355	70	130
2356	70	129
2357	71	130
2358	71	129
2359	69	129
2360	69	130
2361	68	129
2362	67	129
2363	67	129
2364	66	129
2365	64	129
2366	65	129
2367	65	130
2368	64	129
2369	64	130
2370	64	130
2371	62	129
2372	64	129
2373	63	130
2374	63	129
2375	64	129
2376	64	130
2377	63	129
2378	65	129
2379	64	129
2380	65	129
2381	67	130
2382	68	129
2383	69	130
2384	72	130
2385	71	130
2386	71	129
2387	72	129
2388	71	130
2389	71	130
2390	72	129
2391	69	129
2392	68	130
2393	67	129
2394	66	129
2395	66	129
2396	67	129
2397	64	129
2398	65	130
2399	64	129
2400	64	129
2401	64	130
2402	64	130
2403	61	129
2404	64	130
2405	64	129
2406	63	129
2407	64	129
2408	64	129
2409	63	129
2410	67	129
2411	68	129
2412	71	130
2413	73	130
2414	74	129
2415	75	129
2416	76	130
2417	69	129
2418	66	130
2419	66	129
2420	65	129
2421	65	129
2422	67	129
2423	64	129
2424	63	129
2425	64	129
2426	64	129
2427	64	130
2428	66	129
2429	64	129
2430	65	129
2431	67	129
2432	68	129
2433	69	129
2434	71	129
2435	69	129
2436	70	129
2437	70	129
2438	68	129
2439	67	129
2440	67	129
2441	64	129
2442	65	129
2443	65	129
2444	64	129
2445	64	130
2446	63	129
2447	62	129
2448	64	129
2449	63	129
2450	62	129
2451	63	129
2452	63	129
2453	63	129
2454	65	130
2455	64	130
2456	63	129
2457	65	129
2458	67	129
2459	70	129
2460	77	129
2461	79	129
2462	80	129
2463	81	129
2464	72	129
2465	67	129
2466	66	129
2467	64	130
2468	63	130
2469	65	129
2470	63	129
2471	63	129
2472	63	130
2473	61	130
2474	62	129
2475	64	130
2476	62	130
2477	63	130
2478	64	129
2479	63	129
2480	65	129
2481	66	129
2482	67	130
2483	69	130
2484	70	129
2485	69	129
2486	70	129
2487	69	129
2488	67	130
2489	67	129
2490	67	129
2491	66	129
2492	67	129
2493	66	129
2494	64	129
2495	65	129
2496	64	129
2497	64	129
2498	65	129
2499	64	129
2500	63	130
2501	64	130
2502	64	130
2503	63	130
2504	64	129
2505	63	130
2506	63	130
2507	65	129
2508	64	130
2509	65	129
2510	66	129
2511	67	129
2512	70	129
2513	74	129
2514	75	129
2515	76	129
2516	75	129
2517	72	129
2518	70	129
2519	68	129
2520	65	129
2521	65	130
2522	64	129
2523	63	129
2524	64	130
2525	64	130
2526	62	129
2527	63	130
2528	63	129
2529	62	129
2530	63	130
2531	62	130
2532	61	129
2533	63	129
2534	62	130
2535	63	130
2536	65	129
2537	70	129
2538	77	130
2539	82	130
2540	75	129
2541	69	130
2542	68	129
2543	66	130
2544	65	130
2545	66	129
2546	65	129
2547	65	130
2548	65	129
2549	64	130
2550	64	129
2551	65	129
2552	63	129
2553	64	129
2554	65	129
2555	65	129
2556	67	129
2557	69	129
2558	69	129
2559	73	129
2560	73	129
2561	73	129
2562	73	129
2563	73	129
2564	69	130
2565	69	129
2566	67	129
2567	66	129
2568	65	129
2569	64	130
2570	62	130
2571	64	129
2572	63	130
2573	63	130
2574	63	130
2575	62	129
2576	61	129
2577	63	129
2578	62	129
2579	62	129
2580	62	129
2581	62	129
2582	62	129
2583	64	129
2584	62	129
2585	64	130
2586	67	129
2587	71	129
2588	74	129
2589	77	130
2590	74	129
2591	73	129
2592	72	129
2593	70	129
2594	69	129
2595	69	130
2596	65	129
2597	66	129
2598	65	130
2599	64	130
2600	64	130
2601	63	129
2602	62	130
2603	64	129
2604	63	129
2605	63	129
2606	63	129
2607	62	130
2608	61	129
2609	64	129
2610	63	129
2611	63	129
2612	64	130
2613	65	129
2614	66	129
2615	71	129
2616	72	130
2617	72	130
2618	73	129
2619	72	130
2620	71	130
2621	71	130
2622	68	130
2623	68	129
2624	67	130
2625	66	130
2626	66	130
2627	67	129
2628	64	130
2629	65	130
2630	64	130
2631	64	130
2632	64	130
2633	64	129
2634	63	130
2635	65	129
2636	65	129
2637	65	130
2638	66	130
2639	67	129
2640	66	129
2641	71	130
2642	70	130
2643	70	129
2644	71	129
2645	70	129
2646	69	129
2647	70	130
2648	68	129
2649	68	129
2650	67	129
2651	67	129
2652	66	129
2653	68	129
2654	65	130
2655	65	129
2656	66	129
2657	65	130
2658	66	129
2659	68	130
2660	65	129
2661	67	130
2662	67	129
2663	68	129
2664	68	130
2665	69	130
2666	67	130
2667	69	130
2668	67	129
2669	67	129
2670	66	129
2671	66	129
2672	63	129
2673	66	129
2674	65	129
2675	65	129
2676	65	129
2677	65	129
2678	63	129
2679	66	130
2680	64	129
2681	65	129
2682	66	129
2683	66	130
2684	67	129
2685	70	129
2686	68	129
2687	69	130
2688	70	130
2689	70	129
2690	69	129
2691	71	130
2692	68	129
2693	68	130
2694	67	130
2695	67	129
2696	66	130
2697	67	129
2698	64	129
2699	66	130
2700	65	129
2701	65	130
2702	66	129
2703	65	129
2704	64	130
2705	67	130
2706	67	130
2707	67	129
2708	67	130
2709	68	130
2710	66	129
2711	69	129
2712	67	130
2713	67	130
2714	67	129
2715	66	129
2716	66	129
2717	67	130
2718	64	130
2719	65	129
2720	65	129
2721	64	129
2722	64	130
2723	66	129
2724	63	129
2725	64	130
2726	64	130
2727	64	129
2728	64	130
2729	65	130
2730	63	130
2731	66	129
2732	66	129
2733	66	129
2734	67	129
2735	68	129
2736	66	130
2737	70	129
2738	69	129
2739	69	129
2740	69	129
2741	69	129
2742	67	129
2743	69	129
2744	68	129
2745	68	130
2746	68	129
2747	67	129
2748	67	129
2749	69	129
2750	67	129
2751	67	129
2752	67	129
2753	67	129
2754	67	129
2755	69	130
2756	66	129
2757	67	129
2758	67	129
2759	66	129
2760	67	130
2761	68	130
2762	65	129
2763	67	129
2764	67	129
2765	66	129
2766	65	129
2767	65	129
2768	62	129
2769	65	129
2770	64	129
2771	63	129
2772	64	129
2773	64	129
2774	62	130
2775	65	129
2776	64	130
2777	64	129
2778	65	129
2779	65	129
2780	66	130
2781	69	129
2782	67	130
2783	68	129
2784	68	129
2785	67	129
2786	66	130
2787	68	129
2788	65	129
2789	64	129
2790	64	129
2791	63	129
2792	64	129
2793	65	129
2794	62	129
2795	64	130
2796	64	129
2797	63	130
2798	65	129
2799	65	129
2800	65	129
2801	69	130
2802	71	129
2803	70	130
2804	71	130
2805	71	129
2806	68	129
2807	71	129
2808	71	129
2809	70	129
2810	71	129
2811	71	129
2812	71	130
2813	73	129
2814	70	129
2815	69	130
2816	69	129
2817	67	129
2818	66	129
2819	68	130
2820	64	129
2821	64	129
2822	64	129
2823	63	129
2824	63	129
2825	65	129
2826	62	129
2827	63	129
2828	63	129
2829	62	130
2830	62	129
2831	62	129
2832	60	130
2833	62	130
2834	63	129
2835	62	130
2836	63	130
2837	63	129
2838	62	129
2839	66	130
2840	71	130
2841	73	130
2842	74	130
2843	74	129
2844	72	129
2845	72	130
2846	70	130
2847	69	130
2848	69	130
2849	67	129
2850	67	129
2851	68	129
2852	66	129
2853	65	129
2854	65	129
2855	64	130
2856	65	130
2857	66	129
2858	64	129
2859	65	130
2860	65	129
2861	65	129
2862	66	129
2863	67	129
2864	66	129
2865	68	129
2866	70	129
2867	70	129
2868	70	130
2869	69	129
2870	67	130
2871	68	129
2872	68	129
2873	66	130
2874	66	129
2875	65	129
2876	64	130
2877	65	130
2878	64	129
2879	63	130
2880	64	130
2881	64	129
2882	64	130
2883	66	130
2884	65	129
2885	64	130
2886	65	130
2887	66	130
2888	68	130
2889	70	129
2890	70	129
2891	70	130
2892	70	130
2893	69	129
2894	69	129
2895	69	130
2896	68	130
2897	68	130
2898	68	130
2899	67	129
2900	67	130
2901	67	129
2902	65	130
2903	65	129
2904	66	129
2905	65	130
2906	66	129
2907	65	129
2908	65	129
2909	66	129
2910	67	130
2911	66	129
2912	67	129
2913	68	130
2914	69	130
2915	70	129
2916	68	130
2917	66	130
2918	65	130
2919	64	129
2920	64	129
2921	65	129
2922	64	129
2923	63	129
2924	64	129
2925	63	130
2926	63	129
2927	64	129
2928	63	129
2929	64	129
2930	67	130
2931	70	130
2932	72	130
2933	70	129
2934	67	130
2935	67	130
2936	68	129
2937	67	129
2938	67	130
2939	67	129
2940	66	130
2941	66	130
2942	67	129
2943	66	129
2944	67	130
2945	67	130
2946	67	130
2947	67	129
2948	67	129
2949	66	129
2950	67	129
2951	67	129
2952	67	129
2953	68	129
2954	68	129
2955	67	129
2956	68	129
2957	68	130
2958	68	130
2959	68	129
2960	69	130
2961	68	129
2962	69	130
2963	68	129
2964	68	129
2965	67	129
2966	67	129
2967	65	129
2968	67	130
2969	66	129
2970	65	129
2971	65	129
2972	64	130
2973	63	130
2974	65	129
2975	63	129
2976	64	130
2977	64	130
2978	63	130
2979	64	129
2980	65	129
2981	63	129
2982	65	130
2983	65	129
2984	65	129
2985	67	130
2986	71	129
2987	72	129
2988	75	130
2989	74	129
2990	68	130
2991	66	130
2992	66	129
2993	63	129
2994	64	129
2995	63	130
2996	63	130
2997	63	129
2998	63	129
2999	61	130
3000	63	130
3001	63	129
3002	63	129
3003	63	129
3004	63	129
3005	63	129
3006	67	129
3007	72	130
3008	76	129
3009	78	130
3010	77	130
3011	76	129
3012	75	129
3013	71	129
3014	69	129
3015	67	129
3016	66	129
3017	66	129
3018	67	129
3019	64	130
3020	64	129
3021	64	130
3022	64	129
3023	64	129
3024	65	129
3025	63	129
3026	64	129
3027	64	130
3028	64	130
3029	64	129
3030	65	129
3031	63	129
3032	65	129
3033	65	129
3034	65	129
3035	65	130
3036	65	130
3037	63	129
3038	65	129
3039	64	129
3040	64	129
3041	64	129
3042	64	130
3043	63	129
3044	65	129
3045	63	129
3046	64	129
3047	64	130
3048	64	129
3049	65	130
3050	68	129
3051	67	129
3052	69	129
3053	71	129
3054	68	129
3055	67	129
3056	69	129
3057	68	130
3058	77	129
3059	77	129
3060	69	129
3061	66	130
3062	66	130
3063	63	130
3064	64	130
3065	64	129
3066	63	129
3067	63	129
3068	63	130
3069	61	129
3070	64	129
3071	64	130
3072	64	129
3073	65	130
3074	67	129
3075	68	129
3076	73	129
3077	75	129
3078	75	129
3079	75	129
3080	74	130
3081	72	129
3082	72	129
3083	70	129
3084	68	130
3085	67	129
3086	66	129
3087	66	130
3088	67	129
3089	64	129
3090	63	129
3091	64	130
3092	63	129
3093	63	129
3094	65	130
3095	63	129
3096	63	130
3097	63	130
3098	63	129
3099	63	129
3100	64	130
3101	63	129
3102	65	129
3103	66	129
3104	67	129
3105	69	130
3106	70	129
3107	69	129
3108	70	130
3109	70	129
3110	69	130
3111	68	129
3112	67	130
3113	66	130
3114	66	130
3115	65	130
3116	64	130
3117	64	130
3118	64	129
3119	64	129
3120	65	130
3121	64	129
3122	63	129
3123	63	130
3124	63	130
3125	63	130
3126	65	129
3127	64	130
3128	63	129
3129	64	129
3130	65	130
3131	66	129
3132	68	129
3133	70	129
3134	71	129
3135	73	129
3136	73	130
3137	73	130
3138	72	129
3139	70	129
3140	69	129
3141	69	129
3142	68	129
3143	67	129
3144	66	129
3145	64	129
3146	64	130
3147	64	129
3148	63	129
3149	64	129
3150	63	129
3151	63	129
3152	64	129
3153	64	129
3154	63	129
3155	63	129
3156	63	129
3157	63	130
3158	64	130
3159	65	129
3160	65	129
3161	66	129
3162	68	129
3163	71	130
3164	73	129
3165	75	129
3166	75	129
3167	75	130
3168	74	130
3169	72	129
3170	70	129
3171	67	129
3172	65	129
3173	65	130
3174	64	129
3175	64	129
3176	63	129
3177	62	130
3178	61	129
3179	63	130
3180	62	130
3181	62	129
3182	62	129
3183	62	129
3184	62	130
3185	63	130
3186	63	130
3187	64	129
3188	65	129
3189	67	129
3190	73	129
3191	75	129
3192	75	129
3193	74	129
3194	73	130
3195	72	129
3196	70	129
3197	70	129
3198	67	129
3199	66	129
3200	65	130
3201	65	129
3202	64	129
3203	64	129
3204	62	129
3205	63	129
3206	63	129
3207	63	129
3208	63	129
3209	62	130
3210	61	129
3211	63	129
3212	63	129
3213	62	129
3214	62	130
3215	62	129
3216	62	129
3217	64	129
3218	64	130
3219	65	129
3220	66	129
3221	67	129
3222	68	129
3223	69	130
3224	67	129
3225	67	129
3226	67	130
3227	66	129
3228	66	129
3229	67	129
3230	65	129
3231	65	130
3232	66	129
3233	66	129
3234	67	130
3235	69	130
3236	69	129
3237	71	129
3238	71	130
3239	72	129
3240	72	129
3241	72	129
3242	71	129
3243	72	129
3244	72	129
3245	72	129
3246	72	129
3247	71	129
3248	69	129
3249	69	129
3250	68	130
3251	67	130
3252	66	130
3253	65	129
3254	64	130
3255	64	129
3256	63	129
3257	63	130
3258	63	130
3259	63	129
3260	62	129
3261	64	129
3262	62	129
3263	62	129
3264	62	130
3265	62	129
3266	62	129
3267	63	130
3268	62	129
3269	62	130
3270	63	129
3271	65	129
3272	69	129
3273	77	129
3274	78	130
3275	77	129
3276	71	129
3277	67	129
3278	66	129
3279	65	129
3280	63	129
3281	64	129
3282	64	129
3283	64	130
3284	63	129
3285	64	129
3286	63	130
3287	64	129
3288	64	129
3289	64	129
3290	64	130
3291	65	129
3292	66	129
3293	67	129
3294	68	129
3295	68	130
3296	69	129
3297	69	129
3298	69	129
3299	69	130
3300	69	129
3301	67	129
3302	67	129
3303	66	129
3304	66	129
3305	66	129
3306	65	129
3307	64	129
3308	65	129
3309	65	129
3310	65	129
3311	65	129
3312	65	129
3313	66	129
3314	69	130
3315	71	129
3316	72	129
3317	73	129
3318	72	129
3319	71	130
3320	71	130
3321	70	129
3322	68	129
3323	67	130
3324	66	130
3325	65	130
3326	65	130
3327	64	130
3328	64	129
3329	64	130
3330	63	129
3331	64	130
3332	64	129
3333	63	129
3334	63	129
3335	63	129
3336	63	129
3337	64	129
3338	65	129
3339	65	129
3340	68	129
3341	73	129
3342	74	130
3343	75	130
3344	73	129
3345	68	130
3346	67	129
3347	66	130
3348	65	130
3349	64	130
3350	63	130
3351	62	129
3352	64	129
3353	63	130
3354	63	130
3355	63	130
3356	63	130
3357	62	130
3358	64	129
3359	64	130
3360	66	129
3361	71	130
3362	78	130
3363	81	130
3364	69	129
3365	65	130
3366	64	129
3367	64	129
3368	63	129
3369	63	130
3370	65	129
3371	63	130
3372	63	130
3373	63	129
3374	64	129
3375	65	130
3376	67	130
3377	67	129
3378	70	129
3379	71	129
3380	70	129
3381	69	129
3382	68	130
3383	65	129
3384	66	129
3385	65	129
3386	64	129
3387	64	129
3388	63	129
3389	62	129
3390	63	129
3391	63	129
3392	63	130
3393	63	129
3394	63	129
3395	62	130
3396	64	130
3397	64	130
3398	66	129
3399	74	130
3400	79	129
3401	81	130
3402	82	129
3403	77	130
3404	72	129
3405	69	130
3406	67	130
3407	65	129
3408	65	130
3409	63	129
3410	63	129
3411	63	130
3412	63	130
3413	62	130
3414	63	130
3415	61	129
3416	62	129
3417	63	129
3418	62	130
3419	63	129
3420	64	129
3421	65	129
3422	82	129
3423	83	129
3424	83	129
3425	80	130
3426	76	129
3427	71	130
3428	69	129
3429	67	129
3430	65	130
3431	65	129
3432	64	129
3433	63	129
3434	64	129
3435	63	129
3436	62	130
3437	62	129
3438	62	130
3439	62	130
3440	63	129
3441	63	130
3442	61	129
3443	62	129
3444	62	129
3445	62	129
3446	63	129
3447	62	129
3448	63	129
3449	66	130
3450	75	129
3451	77	129
3452	78	130
3453	75	130
3454	72	129
3455	71	130
3456	69	130
3457	68	129
3458	67	129
3459	65	129
3460	64	129
3461	65	129
3462	64	129
3463	63	129
3464	63	130
3465	63	129
3466	63	129
3467	63	130
3468	62	130
3469	63	129
3470	63	129
3471	63	129
3472	64	129
3473	65	129
3474	64	130
3475	66	130
3476	69	129
3477	71	129
3478	72	130
3479	73	130
3480	72	129
3481	71	130
3482	70	130
3483	69	129
3484	68	129
3485	67	129
3486	65	130
3487	66	130
3488	65	130
3489	65	129
3490	64	130
3491	64	130
3492	62	130
3493	64	130
3494	64	130
3495	64	130
3496	64	129
3497	64	130
3498	64	130
3499	66	129
3500	67	130
3501	68	130
3502	70	130
3503	71	129
3504	71	130
3505	72	130
3506	71	129
3507	69	129
3508	69	130
3509	68	129
3510	67	130
3511	67	130
3512	65	130
3513	65	130
3514	64	129
3515	64	130
3516	64	129
3517	65	130
3518	63	130
3519	63	129
3520	63	129
3521	64	129
3522	64	129
3523	65	129
3524	64	129
3525	66	129
3526	68	129
3527	69	129
3528	71	129
3529	71	130
3530	70	129
3531	70	130
3532	70	129
3533	69	129
3534	68	129
3535	67	129
3536	65	130
3537	66	129
3538	65	130
3539	64	129
3540	64	129
3541	64	129
3542	63	130
3543	65	129
3544	64	129
3545	63	130
3546	63	130
3547	63	130
3548	63	129
3549	65	130
3550	64	130
3551	65	130
3552	65	130
3553	67	130
3554	68	130
3555	70	129
3556	70	129
3557	70	129
3558	70	130
3559	70	130
3560	69	129
3561	69	129
3562	67	129
3563	67	130
3564	68	130
3565	67	129
3566	67	130
3567	68	129
3568	68	130
3569	69	129
3570	72	129
3571	73	130
3572	73	129
3573	72	130
3574	70	129
3575	69	129
3576	68	129
3577	65	129
3578	65	129
3579	64	129
3580	63	129
3581	64	130
3582	64	129
3583	62	129
3584	62	129
3585	62	130
3586	62	129
3587	62	129
3588	63	129
3589	62	130
3590	62	129
3591	62	129
3592	62	129
3593	62	129
3594	62	129
3595	61	129
3596	62	130
3597	63	129
3598	64	130
3599	67	129
3600	70	130
3601	70	129
3602	70	130
3603	69	129
3604	67	129
3605	66	129
3606	66	129
3607	65	129
3608	67	129
3609	69	130
3610	73	129
3611	77	129
3612	81	129
3613	82	129
3614	82	130
3615	79	130
3616	74	129
3617	71	129
3618	68	130
3619	66	130
3620	66	129
3621	64	129
3622	63	130
3623	63	129
3624	63	129
3625	62	129
3626	63	130
3627	62	129
3628	62	129
3629	62	130
3630	61	130
3631	62	130
3632	62	130
3633	60	129
3634	61	129
3635	62	130
3636	61	130
3637	62	129
3638	62	130
3639	61	130
3640	63	129
3641	65	130
3642	82	130
3643	83	130
3644	82	129
3645	78	130
3646	74	130
3647	71	130
3648	68	129
3649	66	130
3650	65	130
3651	64	129
3652	65	129
3653	64	129
3654	63	129
3655	63	129
3656	62	129
3657	62	129
3658	63	130
3659	62	129
3660	62	129
3661	62	129
3662	62	129
3663	62	129
3664	62	129
3665	62	129
3666	63	129
3667	64	130
3668	69	129
3669	79	129
3670	80	129
3671	77	130
3672	73	129
3673	71	129
3674	68	129
3675	67	130
3676	65	129
3677	64	130
3678	63	129
3679	63	130
3680	63	129
3681	63	129
3682	62	129
3683	62	129
3684	62	130
3685	63	129
3686	62	130
3687	62	130
3688	62	129
3689	62	130
3690	63	130
3691	63	129
3692	63	129
3693	64	130
3694	68	129
3695	81	130
3696	82	130
3697	83	129
3698	78	129
3699	70	129
3700	68	130
3701	66	129
3702	65	130
3703	64	130
3704	63	129
3705	64	129
3706	63	129
3707	63	130
3708	63	129
3709	62	130
3710	61	129
3711	62	130
3712	63	130
3713	63	129
3714	63	129
3715	63	129
3716	63	129
3717	65	129
3718	66	129
3719	71	129
3720	75	129
3721	76	129
3722	75	129
3723	75	129
3724	72	129
3725	70	129
3726	69	129
3727	67	129
3728	66	129
3729	66	129
3730	64	129
3731	64	129
3732	63	129
3733	63	129
3734	63	129
3735	63	129
3736	62	129
3737	62	129
3738	63	129
3739	63	129
3740	63	129
3741	63	129
3742	63	130
3743	65	130
3744	68	129
3745	72	129
3746	72	129
3747	71	129
3748	69	129
3749	70	130
3750	70	129
3751	70	129
3752	70	129
3753	71	129
3754	70	129
3755	71	129
3756	70	130
3757	69	130
3758	69	130
3759	68	130
3760	67	129
3761	67	129
3762	66	130
3763	65	129
3764	64	129
3765	64	130
3766	63	129
3767	64	130
3768	64	129
3769	63	129
3770	63	130
3771	63	130
3772	63	129
3773	64	129
3774	64	129
3775	65	129
3776	65	129
3777	65	129
3778	65	130
3779	65	129
3780	65	129
3781	67	129
3782	69	129
3783	68	129
3784	66	130
3785	65	129
3786	64	130
3787	63	130
3788	64	129
3789	63	129
3790	63	130
3791	64	129
3792	64	129
3793	64	130
3794	66	129
3795	67	129
3796	69	130
3797	69	129
3798	68	130
3799	68	130
3800	69	130
3801	69	129
3802	69	129
3803	69	130
3804	70	129
3805	70	130
3806	70	129
3807	69	129
3808	68	129
3809	68	129
3810	67	130
3811	67	130
3812	67	129
3813	66	130
3814	66	130
3815	66	129
3816	66	129
3817	66	130
3818	66	129
3819	65	129
3820	67	129
3821	67	129
3822	67	129
3823	67	129
3824	67	129
3825	66	129
3826	66	129
3827	66	129
3828	65	129
3829	65	129
3830	65	129
3831	64	129
3832	65	130
3833	64	129
3834	63	129
3835	63	129
3836	63	130
3837	63	130
3838	65	129
3839	64	129
3840	64	130
3841	65	129
3842	67	129
3843	72	129
3844	75	129
3845	76	129
3846	76	129
3847	75	129
3848	73	129
3849	71	130
3850	70	130
3851	67	129
3852	67	130
3853	66	129
3854	65	129
3855	64	129
3856	64	129
3857	62	130
3858	63	129
3859	63	129
3860	63	129
3861	63	129
3862	63	129
3863	63	129
3864	64	129
3865	64	130
3866	63	129
3867	63	130
3868	63	129
3869	63	130
3870	64	130
3871	63	130
3872	63	130
3873	63	130
3874	63	130
3875	65	130
3876	68	130
3877	76	129
3878	77	129
3879	78	129
3880	78	129
3881	75	129
3882	72	129
3883	69	129
3884	67	129
3885	66	129
3886	65	130
3887	64	129
3888	64	129
3889	63	129
3890	62	129
3891	63	129
3892	63	129
3893	63	130
3894	63	129
3895	62	129
3896	62	130
3897	63	129
3898	63	129
3899	63	129
3900	64	129
3901	64	130
3902	66	129
3903	70	130
3904	72	129
3905	72	129
3906	71	130
3907	68	129
3908	67	130
3909	67	129
3910	65	130
3911	65	129
3912	65	129
3913	65	129
3914	65	130
3915	66	130
3916	64	130
3917	65	129
3918	65	130
3919	65	130
3920	67	130
3921	68	130
3922	70	129
3923	72	129
3924	74	129
3925	74	130
3926	74	129
3927	72	129
3928	69	129
3929	69	129
3930	69	129
3931	68	129
3932	68	129
3933	67	129
3934	65	130
3935	66	130
3936	65	129
3937	65	129
3938	65	130
3939	64	129
3940	63	130
3941	64	129
3942	63	130
3943	63	130
3944	63	129
3945	63	130
3946	63	129
3947	64	130
3948	63	129
3949	63	130
3950	63	130
3951	63	130
3952	63	130
3953	65	129
3954	65	129
3955	67	130
3956	69	130
3957	71	130
3958	72	129
3959	72	130
3960	70	130
3961	68	129
3962	67	130
3963	66	129
3964	65	129
3965	64	129
3966	63	130
3967	63	130
3968	64	130
3969	64	130
3970	64	130
3971	64	129
3972	64	130
3973	65	129
3974	66	129
3975	68	129
3976	70	129
3977	71	130
3978	71	129
3979	72	129
3980	71	129
3981	70	130
3982	69	129
3983	68	130
3984	67	129
3985	67	129
3986	67	130
3987	65	129
3988	64	130
3989	64	129
3990	64	129
3991	64	129
3992	64	129
3993	63	129
3994	63	130
3995	63	130
3996	63	129
3997	63	129
3998	63	129
3999	62	130
4000	63	130
4001	64	129
4002	65	129
4003	67	129
4004	69	130
4005	71	129
4006	73	129
4007	74	129
4008	74	130
4009	73	129
4010	71	130
4011	70	129
4012	69	129
4013	68	129
4014	67	129
4015	66	129
4016	66	129
4017	65	129
4018	66	129
4019	65	129
4020	65	129
4021	65	129
4022	65	129
4023	65	129
4024	67	130
4025	68	130
4026	69	129
4027	69	130
4028	70	129
4029	70	130
4030	70	129
4031	68	129
4032	67	130
4033	66	130
4034	65	129
4035	65	130
4036	65	129
4037	63	129
4038	64	130
4039	64	129
4040	64	130
4041	64	129
4042	64	130
4043	62	129
4044	64	129
4045	64	130
4046	64	129
4047	64	130
4048	64	130
4049	64	130
4050	65	130
4051	65	130
4052	65	130
4053	65	130
4054	66	130
4055	65	130
4056	67	129
4057	67	129
4058	66	130
4059	66	130
4060	67	129
4061	67	129
4062	68	129
4063	68	129
4064	67	129
4065	67	130
4066	68	129
4067	68	129
4068	68	129
4069	67	129
4070	67	130
4071	67	129
4072	67	130
4073	67	130
4074	67	130
4075	66	130
4076	66	130
4077	67	130
4078	66	130
4079	66	129
4080	66	129
4081	65	129
4082	65	129
4083	66	129
4084	66	129
4085	66	130
4086	66	130
4087	66	130
4088	66	129
4089	66	130
4090	66	129
4091	67	130
4092	67	130
4093	67	130
4094	68	129
4095	69	129
