
TIME STEP:
125 = 0.2ms

VOLTAGE STEP:
CH1:  32 = 0.15V
CH2:  32 = 5V
GND	58	128
N	CH1	CH2

0	69	129
1	70	129
2	70	129
3	69	129
4	69	129
5	70	129
6	68	129
7	70	129
8	71	129
9	71	129
10	71	129
11	72	129
12	70	129
13	73	130
14	74	130
15	73	129
16	74	129
17	74	130
18	73	130
19	75	129
20	77	129
21	75	130
22	75	130
23	73	129
24	71	129
25	71	129
26	70	129
27	68	130
28	69	129
29	69	129
30	69	129
31	71	129
32	72	129
33	71	129
34	74	129
35	75	129
36	76	129
37	77	129
38	78	129
39	76	129
40	77	129
41	75	129
42	74	130
43	73	129
44	73	129
45	71	130
46	72	130
47	69	130
48	68	129
49	67	129
50	66	129
51	65	129
52	68	130
53	68	130
54	71	130
55	74	129
56	76	130
57	76	129
58	79	129
59	76	129
60	76	129
61	75	129
62	73	129
63	69	129
64	71	129
65	67	130
66	68	129
67	69	130
68	69	130
69	70	129
70	74	129
71	70	129
72	71	129
73	71	129
74	71	129
75	72	130
76	76	129
77	75	129
78	78	129
79	79	129
80	79	129
81	79	129
82	79	130
83	75	129
84	75	129
85	73	129
86	71	129
87	70	130
88	69	130
89	65	130
90	68	129
91	67	129
92	67	130
93	67	129
94	67	129
95	66	129
96	70	129
97	71	129
98	72	130
99	75	129
100	76	129
101	77	129
102	79	129
103	78	129
104	75	129
105	75	129
106	73	130
107	71	130
108	72	129
109	70	130
110	68	129
111	69	129
112	68	130
113	68	130
114	70	130
115	69	129
116	69	129
117	71	129
118	72	129
119	73	129
120	75	130
121	75	129
122	76	129
123	78	129
124	77	129
125	77	129
126	76	129
127	73	130
128	72	129
129	73	129
130	71	129
131	71	129
132	70	129
133	69	129
134	69	129
135	71	129
136	69	129
137	70	129
138	71	130
139	71	129
140	72	129
141	73	130
142	71	130
143	73	129
144	73	129
145	72	130
146	73	129
147	74	130
148	71	129
149	72	129
150	71	129
151	71	129
152	71	130
153	72	130
154	69	129
155	71	130
156	71	129
157	71	129
158	72	129
159	72	129
160	70	129
161	74	129
162	73	129
163	73	129
164	73	129
165	72	129
166	70	129
167	73	129
168	72	129
169	71	129
170	71	129
171	71	129
172	70	129
173	73	129
174	71	129
175	71	129
176	72	129
177	72	129
178	73	129
179	75	129
180	73	129
181	73	129
182	74	129
183	73	129
184	73	129
185	75	129
186	72	129
187	72	129
188	72	129
189	71	129
190	71	129
191	72	129
192	69	129
193	70	129
194	71	129
195	71	129
196	71	129
197	71	129
198	69	129
199	72	129
200	73	130
201	72	129
202	73	129
203	73	129
204	71	129
205	73	129
206	74	129
207	72	129
208	73	129
209	72	129
210	71	129
211	73	129
212	72	129
213	71	129
214	72	129
215	71	129
216	71	129
217	73	129
218	73	129
219	71	130
220	73	129
221	72	129
222	73	130
223	74	129
224	74	129
225	72	130
226	73	130
227	72	129
228	73	129
229	73	129
230	72	130
231	71	130
232	73	129
233	71	129
234	71	129
235	71	129
236	70	129
237	69	130
238	72	130
239	71	130
240	72	130
241	72	130
242	71	130
243	71	129
244	73	129
245	72	129
246	73	130
247	73	129
248	73	129
249	73	129
250	74	129
251	72	130
252	73	130
253	72	129
254	72	129
255	72	129
256	74	129
257	71	129
258	72	130
259	72	129
260	72	129
261	72	129
262	74	129
263	72	129
264	73	129
265	73	129
266	73	130
267	74	129
268	74	130
269	71	129
270	74	129
271	73	129
272	73	129
273	73	130
274	72	129
275	69	130
276	72	129
277	71	129
278	71	129
279	71	129
280	71	129
281	69	130
282	72	130
283	71	130
284	71	129
285	72	129
286	71	130
287	71	129
288	74	129
289	72	129
290	71	129
291	72	129
292	72	129
293	72	129
294	74	130
295	72	129
296	72	129
297	73	129
298	72	129
299	72	130
300	73	129
301	72	129
302	72	129
303	73	129
304	72	129
305	72	129
306	72	129
307	71	129
308	71	129
309	73	129
310	71	129
311	71	130
312	72	129
313	70	130
314	70	129
315	72	129
316	71	129
317	72	129
318	71	130
319	71	129
320	71	129
321	73	129
322	71	129
323	72	129
324	73	129
325	72	129
326	73	129
327	75	129
328	72	129
329	73	129
330	73	129
331	73	129
332	73	129
333	75	129
334	72	129
335	73	130
336	72	129
337	72	129
338	72	129
339	72	129
340	70	129
341	72	129
342	71	129
343	71	129
344	71	129
345	71	129
346	69	129
347	72	129
348	72	129
349	71	129
350	72	129
351	72	129
352	70	129
353	73	129
354	72	130
355	72	129
356	72	129
357	72	129
358	71	129
359	73	129
360	72	129
361	71	129
362	72	129
363	72	129
364	72	130
365	74	129
366	72	129
367	71	129
368	72	129
369	72	130
370	72	129
371	75	129
372	73	129
373	72	129
374	73	130
375	73	130
376	73	129
377	74	129
378	73	129
379	72	130
380	73	129
381	72	129
382	72	129
383	72	129
384	71	129
385	71	130
386	73	130
387	71	129
388	71	129
389	71	129
390	70	130
391	70	129
392	72	129
393	71	129
394	72	130
395	72	129
396	71	129
397	72	129
398	73	129
399	72	129
400	73	129
401	73	129
402	73	129
403	73	129
404	74	129
405	71	129
406	72	129
407	72	130
408	71	129
409	71	129
410	73	129
411	70	129
412	70	130
413	70	130
414	70	129
415	71	130
416	72	129
417	70	130
418	72	129
419	73	129
420	73	129
421	73	129
422	74	130
423	72	129
424	75	130
425	74	130
426	73	129
427	73	129
428	73	129
429	70	129
430	72	129
431	71	129
432	70	129
433	70	129
434	70	129
435	69	129
436	71	130
437	70	129
438	70	129
439	71	129
440	71	130
441	71	129
442	74	129
443	73	129
444	73	129
445	74	129
446	74	129
447	74	129
448	75	129
449	74	129
450	73	129
451	73	129
452	72	129
453	71	129
454	72	129
455	70	129
456	70	129
457	71	129
458	70	129
459	70	129
460	71	129
461	69	129
462	70	129
463	72	129
464	72	129
465	72	129
466	73	129
467	72	129
468	73	129
469	74	129
470	73	129
471	74	129
472	73	129
473	73	129
474	72	129
475	73	130
476	71	129
477	72	129
478	71	130
479	71	129
480	72	129
481	72	129
482	70	129
483	71	130
484	72	129
485	72	129
486	73	129
487	74	129
488	73	129
489	74	129
490	74	129
491	74	129
492	74	129
493	74	130
494	71	129
495	73	129
496	71	129
497	71	129
498	71	129
499	69	130
500	68	129
501	70	129
502	69	129
503	69	129
504	70	129
505	70	129
506	69	129
507	72	129
508	72	129
509	72	129
510	74	129
511	74	129
512	74	129
513	76	129
514	75	129
515	75	129
516	75	129
517	75	129
518	75	129
519	76	129
520	74	129
521	73	129
522	74	129
523	73	129
524	73	130
525	75	129
526	73	129
527	72	129
528	73	129
529	72	129
530	72	129
531	73	129
532	71	129
533	71	129
534	72	129
535	71	130
536	71	129
537	71	130
538	70	129
539	70	129
540	72	130
541	71	129
542	71	129
543	71	129
544	70	129
545	71	129
546	73	129
547	72	129
548	73	129
549	73	129
550	73	129
551	72	129
552	74	129
553	74	130
554	75	129
555	75	129
556	76	129
557	76	130
558	78	129
559	75	130
560	75	129
561	74	129
562	72	129
563	71	130
564	71	130
565	68	130
566	67	130
567	67	129
568	66	129
569	65	130
570	67	129
571	65	130
572	65	130
573	66	129
574	66	129
575	68	129
576	72	129
577	74	129
578	78	129
579	81	129
580	83	129
581	83	130
582	82	129
583	78	129
584	76	129
585	74	129
586	71	130
587	70	129
588	69	130
589	66	129
590	66	130
591	67	129
592	66	129
593	67	129
594	67	129
595	67	129
596	69	129
597	73	130
598	74	129
599	77	129
600	78	130
601	79	129
602	79	129
603	79	129
604	75	129
605	74	130
606	72	130
607	70	129
608	70	129
609	70	129
610	67	129
611	67	129
612	68	129
613	67	129
614	68	129
615	70	129
616	71	129
617	73	129
618	75	129
619	76	130
620	78	129
621	79	129
622	77	129
623	77	129
624	76	129
625	74	130
626	72	129
627	71	129
628	68	129
629	68	130
630	68	129
631	67	130
632	67	129
633	67	129
634	65	129
635	67	129
636	68	129
637	68	129
638	70	129
639	71	129
640	73	129
641	74	129
642	76	129
643	76	130
644	77	129
645	77	129
646	76	129
647	76	129
648	75	129
649	73	130
650	72	130
651	71	129
652	70	130
653	70	129
654	70	130
655	68	129
656	69	130
657	69	129
658	69	129
659	70	129
660	72	130
661	73	129
662	77	129
663	80	130
664	82	129
665	84	129
666	84	129
667	82	130
668	80	130
669	77	130
670	73	130
671	71	129
672	69	129
673	67	129
674	67	129
675	66	129
676	66	130
677	66	129
678	65	130
679	65	130
680	67	130
681	67	130
682	68	129
683	73	129
684	76	130
685	79	130
686	83	129
687	84	130
688	83	129
689	81	129
690	74	129
691	71	129
692	70	129
693	68	129
694	66	129
695	66	129
696	66	129
697	66	129
698	66	129
699	66	129
700	68	129
701	73	129
702	76	130
703	81	130
704	85	129
705	85	129
706	82	129
707	79	130
708	74	129
709	71	129
710	70	129
711	67	129
712	67	130
713	67	130
714	66	129
715	66	129
716	66	130
717	66	129
718	68	130
719	69	129
720	71	129
721	73	129
722	75	130
723	77	129
724	79	129
725	79	130
726	77	129
727	76	129
728	75	129
729	73	129
730	72	129
731	71	129
732	69	129
733	69	130
734	68	129
735	67	129
736	67	129
737	68	129
738	68	129
739	69	129
740	71	129
741	72	129
742	74	129
743	75	129
744	76	129
745	78	129
746	79	129
747	77	130
748	77	129
749	75	129
750	72	129
751	71	129
752	71	129
753	69	129
754	68	129
755	68	129
756	67	130
757	67	129
758	68	129
759	68	129
760	69	129
761	70	129
762	71	129
763	73	129
764	75	129
765	75	129
766	77	129
767	77	129
768	77	129
769	77	129
770	76	129
771	73	129
772	72	129
773	71	129
774	70	129
775	70	129
776	70	129
777	68	129
778	68	129
779	68	129
780	69	129
781	69	129
782	70	129
783	71	129
784	73	129
785	74	129
786	75	129
787	76	129
788	76	129
789	76	129
790	75	129
791	75	130
792	73	129
793	72	129
794	71	129
795	70	129
796	69	129
797	69	129
798	69	129
799	69	129
800	69	129
801	68	129
802	69	129
803	70	129
804	71	129
805	72	130
806	73	129
807	74	129
808	75	129
809	76	129
810	76	129
811	75	129
812	75	129
813	74	129
814	74	129
815	73	129
816	71	129
817	70	129
818	70	129
819	69	129
820	70	130
821	69	129
822	69	130
823	69	130
824	70	129
825	70	129
826	72	129
827	73	129
828	74	130
829	75	130
830	75	129
831	76	129
832	76	129
833	74	130
834	74	129
835	73	129
836	73	129
837	71	129
838	71	129
839	70	129
840	69	129
841	69	129
842	69	129
843	69	129
844	69	129
845	70	129
846	70	129
847	71	129
848	72	129
849	73	129
850	74	129
851	75	130
852	75	129
853	75	129
854	75	129
855	74	130
856	73	129
857	73	130
858	72	129
859	72	130
860	71	129
861	70	130
862	69	130
863	69	129
864	69	129
865	70	130
866	70	130
867	71	129
868	71	129
869	72	129
870	73	129
871	74	129
872	74	129
873	76	129
874	75	129
875	75	129
876	75	129
877	74	129
878	73	129
879	73	129
880	72	129
881	71	129
882	71	129
883	70	130
884	70	129
885	69	129
886	70	129
887	70	129
888	71	129
889	71	129
890	72	130
891	71	129
892	73	129
893	73	129
894	73	129
895	74	129
896	73	130
897	73	129
898	72	129
899	71	129
900	71	129
901	71	129
902	70	130
903	70	129
904	69	129
905	70	129
906	70	129
907	71	129
908	71	129
909	72	129
910	73	129
911	74	129
912	74	129
913	75	129
914	75	129
915	75	130
916	75	129
917	73	129
918	73	130
919	72	129
920	72	129
921	71	129
922	71	129
923	70	129
924	71	129
925	69	130
926	71	130
927	71	129
928	71	129
929	71	129
930	73	129
931	72	129
932	73	129
933	74	129
934	74	130
935	74	130
936	74	129
937	73	129
938	73	129
939	73	130
940	72	130
941	71	129
942	71	129
943	71	129
944	71	130
945	70	129
946	70	129
947	71	129
948	70	129
949	71	129
950	71	130
951	73	129
952	72	129
953	73	130
954	74	129
955	74	130
956	73	129
957	74	129
958	74	129
959	74	129
960	73	129
961	73	129
962	72	129
963	72	129
964	71	129
965	71	130
966	71	130
967	70	129
968	70	130
969	71	129
970	70	129
971	71	129
972	71	129
973	71	129
974	72	130
975	73	129
976	72	130
977	73	129
978	73	130
979	73	130
980	72	129
981	73	130
982	71	129
983	72	129
984	71	129
985	71	130
986	71	129
987	71	129
988	70	129
989	72	130
990	71	129
991	71	129
992	72	129
993	72	129
994	72	129
995	74	129
996	74	129
997	73	129
998	74	130
999	73	130
1000	73	130
1001	72	130
1002	73	129
1003	72	129
1004	72	129
1005	71	129
1006	71	129
1007	70	130
1008	71	129
1009	70	129
1010	71	129
1011	71	129
1012	71	129
1013	71	129
1014	73	129
1015	72	129
1016	73	129
1017	74	129
1018	74	130
1019	73	129
1020	75	130
1021	73	130
1022	72	129
1023	73	129
1024	72	129
1025	72	129
1026	72	129
1027	71	129
1028	70	129
1029	71	129
1030	71	129
1031	71	129
1032	71	129
1033	71	129
1034	71	129
1035	72	129
1036	71	129
1037	72	129
1038	73	129
1039	73	129
1040	72	129
1041	73	129
1042	73	129
1043	72	129
1044	73	130
1045	72	130
1046	71	129
1047	72	129
1048	72	129
1049	71	129
1050	71	129
1051	71	129
1052	71	130
1053	72	130
1054	73	129
1055	73	129
1056	73	129
1057	73	129
1058	73	129
1059	74	129
1060	75	129
1061	74	129
1062	74	129
1063	74	129
1064	74	129
1065	73	130
1066	74	129
1067	72	129
1068	72	129
1069	71	129
1070	70	129
1071	70	129
1072	71	129
1073	70	130
1074	69	129
1075	70	129
1076	70	129
1077	70	130
1078	72	129
1079	71	129
1080	71	130
1081	72	129
1082	73	129
1083	73	130
1084	75	129
1085	73	130
1086	73	129
1087	73	129
1088	72	129
1089	71	129
1090	70	130
1091	70	129
1092	69	129
1093	69	129
1094	69	129
1095	69	129
1096	69	129
1097	70	129
1098	71	129
1099	71	129
1100	72	129
1101	74	129
1102	75	129
1103	76	129
1104	78	130
1105	77	129
1106	76	130
1107	76	130
1108	75	129
1109	73	130
1110	71	129
1111	71	129
1112	71	129
1113	70	129
1114	69	129
1115	69	129
1116	69	129
1117	68	130
1118	69	129
1119	70	130
1120	71	130
1121	71	129
1122	73	130
1123	74	129
1124	74	130
1125	75	129
1126	75	130
1127	75	130
1128	75	130
1129	75	129
1130	74	130
1131	73	129
1132	72	129
1133	71	129
1134	71	129
1135	70	130
1136	69	129
1137	69	129
1138	71	129
1139	70	129
1140	71	129
1141	71	130
1142	73	129
1143	72	129
1144	73	129
1145	73	129
1146	74	129
1147	73	129
1148	73	130
1149	72	129
1150	72	129
1151	71	129
1152	71	129
1153	70	129
1154	70	130
1155	69	129
1156	69	129
1157	70	129
1158	70	129
1159	70	129
1160	71	129
1161	72	129
1162	73	129
1163	74	129
1164	74	129
1165	75	130
1166	75	129
1167	75	129
1168	76	129
1169	75	129
1170	74	129
1171	73	130
1172	73	129
1173	72	129
1174	72	129
1175	71	129
1176	71	129
1177	71	129
1178	71	129
1179	72	129
1180	72	129
1181	72	129
1182	73	129
1183	74	129
1184	74	129
1185	75	129
1186	74	129
1187	73	129
1188	74	129
1189	73	129
1190	72	129
1191	72	129
1192	71	129
1193	71	129
1194	71	129
1195	70	129
1196	70	129
1197	70	129
1198	70	130
1199	70	129
1200	71	130
1201	71	129
1202	71	129
1203	72	130
1204	72	129
1205	73	129
1206	73	129
1207	72	129
1208	73	129
1209	72	129
1210	71	129
1211	71	129
1212	71	129
1213	70	129
1214	71	129
1215	71	129
1216	70	129
1217	71	129
1218	71	129
1219	71	129
1220	73	129
1221	73	129
1222	73	129
1223	73	129
1224	73	130
1225	73	129
1226	73	130
1227	72	129
1228	72	129
1229	71	129
1230	71	129
1231	70	130
1232	70	129
1233	69	129
1234	70	129
1235	70	129
1236	70	129
1237	71	129
1238	72	129
1239	72	129
1240	74	129
1241	75	129
1242	75	130
1243	76	129
1244	76	129
1245	75	129
1246	75	129
1247	75	129
1248	74	129
1249	73	130
1250	72	129
1251	71	130
1252	71	129
1253	71	130
1254	70	129
1255	70	129
1256	70	129
1257	71	129
1258	71	129
1259	71	129
1260	72	129
1261	73	129
1262	74	129
1263	74	130
1264	76	130
1265	75	129
1266	76	129
1267	76	129
1268	76	129
1269	76	129
1270	74	130
1271	73	129
1272	72	129
1273	70	130
1274	69	129
1275	68	129
1276	67	129
1277	66	129
1278	66	129
1279	66	129
1280	66	129
1281	66	129
1282	67	129
1283	69	129
1284	74	129
1285	76	129
1286	80	129
1287	81	129
1288	83	130
1289	81	129
1290	79	129
1291	76	129
1292	73	129
1293	70	129
1294	69	129
1295	67	129
1296	67	129
1297	66	129
1298	65	129
1299	65	129
1300	65	129
1301	65	129
1302	65	129
1303	66	129
1304	68	129
1305	72	129
1306	76	129
1307	80	129
1308	83	129
1309	85	129
1310	85	129
1311	82	129
1312	78	129
1313	75	129
1314	72	129
1315	70	129
1316	69	129
1317	67	129
1318	66	129
1319	66	129
1320	65	129
1321	65	129
1322	65	129
1323	65	129
1324	67	129
1325	68	130
1326	73	129
1327	76	130
1328	81	129
1329	83	129
1330	84	129
1331	82	129
1332	78	129
1333	73	129
1334	70	129
1335	68	129
1336	67	129
1337	66	129
1338	65	129
1339	65	129
1340	64	129
1341	64	129
1342	65	129
1343	65	129
1344	66	129
1345	68	129
1346	75	129
1347	79	129
1348	83	129
1349	86	129
1350	87	129
1351	84	129
1352	81	129
1353	78	129
1354	74	129
1355	71	129
1356	69	129
1357	68	129
1358	67	129
1359	66	129
1360	66	129
1361	66	129
1362	66	129
1363	67	129
1364	69	129
1365	70	129
1366	71	129
1367	72	129
1368	74	129
1369	77	129
1370	79	129
1371	82	130
1372	80	129
1373	77	129
1374	74	129
1375	72	129
1376	70	129
1377	70	129
1378	70	130
1379	70	130
1380	70	129
1381	71	129
1382	71	129
1383	72	129
1384	73	129
1385	73	129
1386	74	129
1387	74	129
1388	74	129
1389	74	129
1390	73	129
1391	73	129
1392	72	130
1393	72	129
1394	71	129
1395	71	129
1396	70	129
1397	70	129
1398	70	129
1399	70	129
1400	70	129
1401	70	129
1402	71	129
1403	71	130
1404	72	129
1405	73	130
1406	73	130
1407	74	129
1408	75	130
1409	75	129
1410	75	129
1411	74	129
1412	74	129
1413	73	129
1414	73	129
1415	72	129
1416	71	129
1417	71	129
1418	71	129
1419	70	129
1420	70	130
1421	70	129
1422	70	129
1423	70	130
1424	71	129
1425	71	129
1426	71	129
1427	71	129
1428	71	129
1429	72	129
1430	72	129
1431	72	130
1432	72	129
1433	72	129
1434	72	129
1435	72	129
1436	72	129
1437	72	129
1438	72	129
1439	73	129
1440	73	129
1441	72	129
1442	73	129
1443	72	129
1444	73	129
1445	73	129
1446	73	129
1447	73	130
1448	73	129
1449	72	129
1450	72	129
1451	72	129
1452	72	129
1453	72	129
1454	71	129
1455	71	129
1456	72	129
1457	72	129
1458	72	129
1459	72	130
1460	71	130
1461	72	129
1462	72	129
1463	72	129
1464	72	129
1465	72	129
1466	72	129
1467	72	129
1468	72	129
1469	72	129
1470	72	129
1471	72	129
1472	72	129
1473	72	129
1474	71	129
1475	72	129
1476	72	129
1477	72	129
1478	71	129
1479	72	129
1480	71	129
1481	72	129
1482	72	129
1483	72	129
1484	72	129
1485	72	129
1486	72	129
1487	72	129
1488	72	130
1489	72	129
1490	72	129
1491	72	129
1492	72	129
1493	72	129
1494	72	129
1495	71	129
1496	72	129
1497	72	129
1498	72	129
1499	72	129
1500	72	129
1501	72	129
1502	72	129
1503	72	129
1504	72	129
1505	72	129
1506	72	129
1507	72	129
1508	72	129
1509	72	129
1510	72	129
1511	72	129
1512	72	129
1513	72	129
1514	72	129
1515	72	130
1516	72	129
1517	71	130
1518	72	129
1519	72	129
1520	72	130
1521	72	130
1522	72	129
1523	72	129
1524	72	129
1525	72	129
1526	73	130
1527	72	129
1528	73	130
1529	73	129
1530	73	129
1531	73	130
1532	73	130
1533	72	129
1534	72	129
1535	72	130
1536	72	129
1537	72	129
1538	71	129
1539	71	130
1540	72	129
1541	71	129
1542	72	129
1543	72	129
1544	71	129
1545	72	129
1546	72	129
1547	72	129
1548	72	129
1549	72	129
1550	73	129
1551	73	129
1552	73	129
1553	73	129
1554	73	129
1555	73	129
1556	73	129
1557	72	129
1558	73	129
1559	72	129
1560	73	130
1561	72	129
1562	72	129
1563	72	129
1564	71	129
1565	71	129
1566	72	130
1567	72	129
1568	72	129
1569	72	129
1570	72	129
1571	72	129
1572	73	129
1573	72	129
1574	72	129
1575	72	129
1576	72	129
1577	72	129
1578	73	130
1579	71	129
1580	72	129
1581	72	129
1582	71	129
1583	72	129
1584	72	130
1585	71	129
1586	72	129
1587	71	129
1588	72	129
1589	72	129
1590	72	129
1591	72	129
1592	73	129
1593	73	129
1594	73	129
1595	73	130
1596	73	129
1597	73	129
1598	73	129
1599	73	129
1600	73	129
1601	72	129
1602	72	129
1603	72	129
1604	72	129
1605	71	129
1606	71	129
1607	71	129
1608	71	129
1609	71	130
1610	71	129
1611	71	129
1612	71	129
1613	71	130
1614	72	129
1615	73	129
1616	73	130
1617	73	129
1618	74	129
1619	74	129
1620	74	130
1621	74	129
1622	73	129
1623	73	129
1624	73	130
1625	72	130
1626	71	129
1627	71	129
1628	71	130
1629	70	130
1630	70	129
1631	70	129
1632	69	130
1633	70	130
1634	70	129
1635	70	129
1636	71	130
1637	71	129
1638	71	129
1639	72	129
1640	73	129
1641	73	129
1642	74	130
1643	74	129
1644	74	129
1645	74	130
1646	74	129
1647	73	129
1648	73	129
1649	72	130
1650	72	130
1651	72	130
1652	71	129
1653	71	129
1654	71	130
1655	70	129
1656	71	130
1657	71	130
1658	71	130
1659	72	130
1660	72	130
1661	72	130
1662	73	130
1663	73	130
1664	73	130
1665	74	130
1666	74	129
1667	74	129
1668	74	129
1669	73	129
1670	73	129
1671	72	129
1672	72	130
1673	72	129
1674	72	130
1675	71	129
1676	71	130
1677	71	129
1678	71	129
1679	71	129
1680	71	129
1681	72	129
1682	73	130
1683	73	129
1684	73	129
1685	73	130
1686	73	129
1687	73	129
1688	73	130
1689	73	129
1690	73	129
1691	72	130
1692	71	129
1693	71	129
1694	70	129
1695	69	130
1696	70	129
1697	70	129
1698	69	129
1699	70	129
1700	70	129
1701	70	129
1702	71	129
1703	71	129
1704	71	129
1705	73	130
1706	73	129
1707	74	129
1708	75	129
1709	74	129
1710	74	129
1711	73	129
1712	72	129
1713	72	130
1714	72	129
1715	72	129
1716	71	129
1717	71	130
1718	70	129
1719	70	130
1720	70	129
1721	70	129
1722	71	129
1723	71	129
1724	72	130
1725	71	129
1726	73	129
1727	74	129
1728	74	129
1729	74	129
1730	75	129
1731	75	129
1732	75	129
1733	74	129
1734	73	129
1735	73	129
1736	72	129
1737	73	129
1738	72	129
1739	71	129
1740	70	129
1741	70	129
1742	70	129
1743	71	129
1744	71	129
1745	71	129
1746	71	129
1747	72	129
1748	72	130
1749	72	129
1750	71	129
1751	72	129
1752	73	129
1753	73	129
1754	73	130
1755	72	130
1756	73	130
1757	73	129
1758	72	130
1759	71	129
1760	71	129
1761	72	129
1762	72	129
1763	71	129
1764	71	129
1765	73	130
1766	73	129
1767	73	129
1768	72	129
1769	72	129
1770	72	129
1771	71	129
1772	71	129
1773	71	129
1774	70	129
1775	70	129
1776	69	130
1777	69	130
1778	69	130
1779	69	130
1780	69	130
1781	70	130
1782	71	129
1783	71	129
1784	71	129
1785	73	130
1786	73	129
1787	74	130
1788	76	129
1789	75	129
1790	75	129
1791	75	129
1792	74	130
1793	74	130
1794	73	129
1795	72	129
1796	71	129
1797	72	129
1798	71	130
1799	71	129
1800	70	130
1801	71	129
1802	71	130
1803	71	129
1804	71	129
1805	72	129
1806	73	129
1807	72	129
1808	73	129
1809	74	130
1810	74	129
1811	73	129
1812	73	129
1813	73	129
1814	72	130
1815	71	129
1816	71	129
1817	71	129
1818	71	129
1819	70	129
1820	71	129
1821	71	129
1822	70	129
1823	70	129
1824	71	129
1825	71	129
1826	73	129
1827	74	129
1828	73	129
1829	74	129
1830	75	129
1831	75	130
1832	75	130
1833	76	129
1834	75	130
1835	74	129
1836	75	130
1837	73	130
1838	73	129
1839	71	130
1840	72	129
1841	71	129
1842	71	129
1843	70	129
1844	70	129
1845	70	130
1846	69	129
1847	70	129
1848	71	130
1849	70	129
1850	71	129
1851	73	129
1852	72	129
1853	72	129
1854	73	129
1855	73	130
1856	73	129
1857	73	129
1858	73	130
1859	73	130
1860	71	129
1861	72	130
1862	71	130
1863	71	129
1864	69	129
1865	70	129
1866	71	129
1867	70	129
1868	71	129
1869	71	129
1870	72	130
1871	71	129
1872	73	129
1873	74	129
1874	73	129
1875	73	129
1876	73	129
1877	73	129
1878	72	129
1879	71	129
1880	71	130
1881	70	129
1882	70	129
1883	70	129
1884	71	130
1885	69	129
1886	69	129
1887	70	129
1888	70	129
1889	70	129
1890	71	129
1891	73	129
1892	73	129
1893	73	129
1894	75	129
1895	75	129
1896	75	129
1897	73	129
1898	74	130
1899	73	129
1900	72	129
1901	72	129
1902	72	130
1903	70	129
1904	70	129
1905	70	129
1906	71	129
1907	71	129
1908	71	129
1909	72	129
1910	74	129
1911	73	129
1912	73	129
1913	74	129
1914	74	129
1915	73	129
1916	75	129
1917	75	129
1918	74	129
1919	73	129
1920	73	129
1921	73	129
1922	72	129
1923	71	129
1924	72	129
1925	72	129
1926	71	129
1927	72	129
1928	73	129
1929	72	129
1930	73	129
1931	73	129
1932	73	129
1933	74	129
1934	73	129
1935	74	129
1936	73	129
1937	73	129
1938	73	129
1939	72	129
1940	71	129
1941	72	129
1942	71	130
1943	71	129
1944	71	129
1945	70	130
1946	71	129
1947	70	130
1948	71	129
1949	70	130
1950	71	129
1951	71	129
1952	72	129
1953	71	129
1954	73	129
1955	72	130
1956	73	129
1957	73	129
1958	73	129
1959	73	129
1960	73	130
1961	72	129
1962	73	129
1963	71	129
1964	71	129
1965	71	129
1966	72	129
1967	71	129
1968	70	129
1969	72	129
1970	72	130
1971	72	129
1972	72	130
1973	74	130
1974	73	130
1975	73	130
1976	74	130
1977	74	129
1978	73	129
1979	74	130
1980	73	130
1981	73	130
1982	73	129
1983	72	129
1984	72	129
1985	72	130
1986	70	130
1987	71	129
1988	70	129
1989	70	129
1990	70	129
1991	70	129
1992	68	129
1993	70	129
1994	70	129
1995	70	129
1996	71	129
1997	71	129
1998	73	129
1999	75	129
2000	77	129
2001	78	130
2002	75	130
2003	73	129
2004	72	130
2005	72	129
2006	70	129
2007	71	130
2008	73	130
2009	74	129
2010	75	130
2011	77	129
2012	77	129
2013	77	129
2014	75	129
2015	73	129
2016	71	129
2017	70	130
2018	68	130
2019	69	129
2020	69	129
2021	69	130
2022	70	129
2023	72	129
2024	74	130
2025	74	129
2026	75	129
2027	77	129
2028	77	129
2029	77	129
2030	74	129
2031	74	129
2032	72	129
2033	71	129
2034	70	129
2035	69	129
2036	68	129
2037	67	129
2038	68	129
2039	68	129
2040	68	129
2041	69	129
2042	69	129
2043	71	129
2044	72	130
2045	73	129
2046	75	129
2047	77	129
2048	77	129
2049	77	130
2050	78	129
2051	75	129
2052	75	130
2053	74	130
2054	72	129
2055	71	129
2056	69	129
2057	70	129
2058	69	130
2059	68	129
2060	68	129
2061	68	129
2062	69	129
2063	69	129
2064	70	129
2065	71	129
2066	72	130
2067	74	129
2068	75	129
2069	75	129
2070	76	129
2071	76	129
2072	76	129
2073	75	130
2074	74	129
2075	73	129
2076	72	129
2077	71	129
2078	71	129
2079	71	129
2080	70	129
2081	70	129
2082	71	129
2083	71	129
2084	71	129
2085	72	129
2086	73	129
2087	73	129
2088	73	129
2089	74	130
2090	73	129
2091	72	129
2092	72	130
2093	71	130
2094	70	130
2095	70	129
2096	70	130
2097	70	129
2098	70	130
2099	70	129
2100	71	129
2101	71	129
2102	71	130
2103	73	129
2104	74	130
2105	74	129
2106	75	130
2107	75	129
2108	74	130
2109	73	129
2110	73	130
2111	72	129
2112	71	129
2113	71	129
2114	71	130
2115	70	129
2116	69	129
2117	70	129
2118	69	129
2119	69	129
2120	70	130
2121	71	129
2122	72	129
2123	73	130
2124	73	129
2125	75	129
2126	74	129
2127	75	129
2128	75	129
2129	76	130
2130	75	129
2131	74	130
2132	73	130
2133	73	129
2134	71	129
2135	71	129
2136	70	129
2137	70	129
2138	70	130
2139	71	130
2140	71	129
2141	70	129
2142	70	130
2143	71	130
2144	71	129
2145	73	129
2146	73	129
2147	73	129
2148	73	129
2149	74	129
2150	73	129
2151	73	129
2152	71	130
2153	71	129
2154	71	129
2155	72	129
2156	71	129
2157	70	129
2158	69	129
2159	69	129
2160	70	129
2161	71	129
2162	71	129
2163	71	129
2164	72	129
2165	73	129
2166	74	129
2167	74	129
2168	74	129
2169	75	129
2170	75	129
2171	76	130
2172	75	129
2173	74	130
2174	72	129
2175	72	129
2176	71	129
2177	71	129
2178	71	129
2179	70	129
2180	70	129
2181	70	129
2182	70	129
2183	70	129
2184	70	129
2185	70	129
2186	72	129
2187	73	130
2188	74	130
2189	74	129
2190	74	130
2191	74	129
2192	75	129
2193	75	129
2194	74	130
2195	74	130
2196	73	129
2197	73	129
2198	73	129
2199	71	129
2200	71	129
2201	70	129
2202	70	129
2203	71	129
2204	71	129
2205	71	129
2206	71	129
2207	72	129
2208	73	129
2209	73	129
2210	73	129
2211	73	129
2212	73	130
2213	73	129
2214	73	129
2215	72	129
2216	71	129
2217	70	130
2218	71	129
2219	71	130
2220	70	129
2221	70	129
2222	69	129
2223	69	129
2224	70	129
2225	70	129
2226	71	129
2227	71	129
2228	72	129
2229	74	129
2230	74	129
2231	74	129
2232	74	129
2233	74	129
2234	74	129
2235	74	129
2236	74	129
2237	72	129
2238	72	130
2239	71	129
2240	71	129
2241	71	129
2242	69	129
2243	70	129
2244	71	129
2245	70	129
2246	71	129
2247	72	129
2248	71	129
2249	72	129
2250	74	129
2251	74	129
2252	74	129
2253	74	129
2254	74	129
2255	74	130
2256	73	129
2257	72	130
2258	73	129
2259	72	129
2260	71	129
2261	72	129
2262	71	130
2263	70	129
2264	70	129
2265	70	130
2266	70	130
2267	71	129
2268	71	129
2269	71	130
2270	72	129
2271	72	129
2272	73	129
2273	73	129
2274	72	129
2275	73	129
2276	74	129
2277	73	129
2278	73	129
2279	73	129
2280	71	130
2281	71	129
2282	71	129
2283	71	129
2284	71	130
2285	71	129
2286	71	129
2287	72	129
2288	71	129
2289	71	129
2290	72	129
2291	72	129
2292	73	129
2293	74	129
2294	73	129
2295	73	129
2296	74	129
2297	74	129
2298	74	129
2299	74	129
2300	73	129
2301	73	129
2302	73	129
2303	71	129
2304	71	129
2305	71	129
2306	69	129
2307	70	129
2308	71	129
2309	70	129
2310	71	129
2311	71	129
2312	71	129
2313	72	129
2314	72	129
2315	72	129
2316	73	129
2317	73	130
2318	74	129
2319	75	129
2320	73	129
2321	72	129
2322	73	129
2323	72	129
2324	72	129
2325	73	129
2326	71	129
2327	71	129
2328	71	129
2329	71	129
2330	71	129
2331	71	129
2332	70	129
2333	72	129
2334	72	129
2335	72	129
2336	73	129
2337	72	129
2338	71	129
2339	73	129
2340	73	129
2341	72	129
2342	72	129
2343	72	130
2344	71	129
2345	71	129
2346	71	130
2347	71	129
2348	71	130
2349	71	129
2350	71	129
2351	72	129
2352	71	129
2353	71	129
2354	72	129
2355	73	129
2356	73	129
2357	75	129
2358	74	129
2359	73	129
2360	74	129
2361	74	129
2362	73	129
2363	74	129
2364	73	129
2365	73	129
2366	73	129
2367	72	129
2368	72	129
2369	72	129
2370	70	129
2371	72	129
2372	73	129
2373	72	130
2374	73	129
2375	73	129
2376	71	129
2377	72	129
2378	73	129
2379	73	129
2380	73	129
2381	73	129
2382	71	129
2383	72	129
2384	71	129
2385	70	129
2386	70	129
2387	70	129
2388	70	129
2389	71	129
2390	70	130
2391	69	129
2392	70	130
2393	71	129
2394	71	129
2395	73	130
2396	74	130
2397	73	129
2398	74	129
2399	75	129
2400	74	129
2401	74	129
2402	73	130
2403	71	130
2404	72	129
2405	71	129
2406	69	129
2407	69	129
2408	67	129
2409	67	129
2410	68	129
2411	68	129
2412	68	129
2413	69	130
2414	69	129
2415	71	130
2416	74	129
2417	75	129
2418	77	129
2419	78	129
2420	78	129
2421	78	130
2422	78	129
2423	74	129
2424	73	129
2425	72	130
2426	70	129
2427	71	129
2428	70	129
2429	67	129
2430	68	130
2431	67	129
2432	67	129
2433	68	129
2434	68	129
2435	69	129
2436	71	129
2437	73	129
2438	74	129
2439	76	129
2440	77	129
2441	77	129
2442	79	130
2443	78	129
2444	77	129
2445	75	129
2446	73	129
2447	71	129
2448	71	129
2449	70	129
2450	69	129
2451	69	130
2452	68	129
2453	69	129
2454	69	129
2455	68	129
2456	69	129
2457	70	130
2458	71	130
2459	74	129
2460	75	129
2461	74	129
2462	76	129
2463	76	129
2464	76	129
2465	76	130
2466	75	129
2467	73	129
2468	74	129
2469	72	130
2470	71	129
2471	71	129
2472	69	129
2473	68	129
2474	70	129
2475	69	129
2476	70	129
2477	71	129
2478	70	129
2479	72	129
2480	75	129
2481	75	129
2482	77	129
2483	77	129
2484	77	129
2485	78	129
2486	76	129
2487	73	129
2488	72	129
2489	71	129
2490	70	129
2491	70	129
2492	69	130
2493	67	130
2494	68	129
2495	67	129
2496	68	129
2497	68	129
2498	68	129
2499	69	129
2500	71	129
2501	73	129
2502	74	129
2503	75	130
2504	74	129
2505	75	129
2506	77	129
2507	75	129
2508	74	130
2509	73	129
2510	71	129
2511	71	129
2512	71	129
2513	69	129
2514	69	129
2515	69	129
2516	69	129
2517	71	129
2518	70	129
2519	70	130
2520	71	129
2521	72	130
2522	72	129
2523	74	129
2524	73	129
2525	73	129
2526	73	129
2527	73	129
2528	72	129
2529	72	130
2530	70	129
2531	71	129
2532	71	130
2533	71	130
2534	71	129
2535	71	129
2536	69	129
2537	72	129
2538	73	129
2539	73	129
2540	74	130
2541	75	130
2542	75	130
2543	77	130
2544	75	129
2545	74	130
2546	74	130
2547	73	129
2548	73	129
2549	74	130
2550	71	129
2551	71	129
2552	71	129
2553	70	129
2554	70	129
2555	71	129
2556	69	130
2557	71	129
2558	72	129
2559	72	129
2560	73	130
2561	73	130
2562	71	129
2563	74	129
2564	74	129
2565	74	129
2566	74	130
2567	74	129
2568	72	129
2569	74	130
2570	73	129
2571	72	129
2572	73	129
2573	73	129
2574	73	129
2575	75	129
2576	73	129
2577	74	129
2578	76	129
2579	76	129
2580	76	129
2581	77	129
2582	73	130
2583	71	129
2584	69	129
2585	67	129
2586	67	129
2587	65	129
2588	63	129
2589	65	129
2590	65	129
2591	65	129
2592	66	129
2593	66	129
2594	68	129
2595	75	129
2596	79	129
2597	82	129
2598	84	129
2599	83	129
2600	81	129
2601	79	129
2602	75	129
2603	72	129
2604	70	129
2605	69	129
2606	68	129
2607	68	129
2608	66	129
2609	66	129
2610	66	129
2611	65	129
2612	67	129
2613	68	129
2614	69	129
2615	73	129
2616	76	129
2617	78	129
2618	80	129
2619	81	130
2620	79	130
2621	78	129
2622	76	129
2623	73	129
2624	72	129
2625	70	129
2626	67	129
2627	69	129
2628	68	129
2629	67	129
2630	68	129
2631	68	130
2632	69	130
2633	72	129
2634	73	129
2635	75	129
2636	72	129
2637	70	129
2638	70	129
2639	71	129
2640	69	129
2641	70	130
2642	72	129
2643	74	129
2644	77	129
2645	81	129
2646	81	129
2647	82	129
2648	81	129
2649	79	129
2650	76	129
2651	73	130
2652	69	129
2653	70	130
2654	69	129
2655	67	130
2656	67	129
2657	66	129
2658	65	129
2659	67	129
2660	68	130
2661	69	129
2662	71	129
2663	72	129
2664	73	129
2665	77	129
2666	77	129
2667	78	129
2668	79	130
2669	78	130
2670	77	129
2671	77	129
2672	73	130
2673	72	129
2674	71	129
2675	70	130
2676	69	129
2677	69	129
2678	67	129
2679	68	130
2680	68	130
2681	68	130
2682	68	129
2683	70	130
2684	70	129
2685	73	130
2686	75	130
2687	76	129
2688	78	129
2689	79	129
2690	77	129
2691	78	129
2692	77	130
2693	75	129
2694	73	129
2695	72	129
2696	69	130
2697	70	130
2698	68	129
2699	67	129
2700	67	129
2701	67	129
2702	68	129
2703	69	130
2704	68	129
2705	69	130
2706	70	129
2707	72	129
2708	74	130
2709	77	130
2710	76	130
2711	77	129
2712	77	129
2713	76	129
2714	75	129
2715	74	129
2716	72	129
2717	72	129
2718	71	129
2719	70	130
2720	69	129
2721	69	129
2722	67	129
2723	69	129
2724	70	129
2725	70	130
2726	71	129
2727	72	130
2728	72	129
2729	75	130
2730	75	129
2731	75	129
2732	76	130
2733	75	129
2734	75	129
2735	75	129
2736	71	130
2737	71	129
2738	70	130
2739	70	129
2740	69	129
2741	70	130
2742	68	129
2743	69	129
2744	69	129
2745	70	130
2746	71	129
2747	71	129
2748	72	129
2749	75	130
2750	75	129
2751	76	129
2752	76	129
2753	75	130
2754	74	129
2755	75	130
2756	73	129
2757	72	129
2758	71	129
2759	70	130
2760	70	130
2761	70	129
2762	68	129
2763	68	130
2764	68	129
2765	68	129
2766	70	130
2767	70	129
2768	70	129
2769	72	130
2770	73	129
2771	74	130
2772	76	129
2773	76	129
2774	76	129
2775	77	130
2776	76	129
2777	75	129
2778	73	130
2779	71	130
2780	71	129
2781	71	129
2782	70	129
2783	69	129
2784	69	129
2785	68	130
2786	69	130
2787	69	129
2788	69	129
2789	70	129
2790	71	129
2791	72	130
2792	75	129
2793	75	129
2794	75	129
2795	76	129
2796	76	129
2797	75	130
2798	76	129
2799	74	129
2800	73	130
2801	72	129
2802	71	130
2803	70	130
2804	70	130
2805	67	129
2806	69	129
2807	69	129
2808	69	129
2809	69	130
2810	69	130
2811	69	129
2812	72	129
2813	72	129
2814	73	129
2815	74	130
2816	75	129
2817	75	130
2818	77	129
2819	75	129
2820	74	130
2821	74	130
2822	73	130
2823	72	129
2824	73	129
2825	70	129
2826	70	130
2827	70	129
2828	69	129
2829	70	129
2830	70	129
2831	69	129
2832	71	129
2833	72	129
2834	72	129
2835	73	129
2836	74	129
2837	73	129
2838	75	130
2839	75	129
2840	75	129
2841	75	129
2842	74	129
2843	73	129
2844	73	129
2845	71	129
2846	71	129
2847	71	129
2848	70	130
2849	71	129
2850	71	129
2851	69	130
2852	70	130
2853	71	130
2854	71	129
2855	72	130
2856	73	129
2857	73	129
2858	74	129
2859	74	130
2860	74	129
2861	74	129
2862	73	129
2863	73	129
2864	73	130
2865	73	129
2866	72	129
2867	71	130
2868	70	129
2869	69	129
2870	70	130
2871	69	129
2872	70	129
2873	70	129
2874	70	129
2875	71	130
2876	72	130
2877	71	130
2878	73	130
2879	73	129
2880	74	129
2881	75	129
2882	75	129
2883	74	129
2884	74	130
2885	74	130
2886	73	129
2887	73	129
2888	72	130
2889	71	130
2890	71	130
2891	70	129
2892	70	129
2893	70	130
2894	69	130
2895	69	129
2896	71	129
2897	71	130
2898	71	130
2899	72	129
2900	72	129
2901	73	129
2902	74	129
2903	73	129
2904	74	129
2905	74	130
2906	73	130
2907	74	129
2908	73	129
2909	71	129
2910	72	129
2911	71	129
2912	71	129
2913	71	129
2914	71	130
2915	70	129
2916	71	129
2917	71	129
2918	71	129
2919	72	129
2920	73	129
2921	72	129
2922	74	129
2923	74	129
2924	74	129
2925	74	129
2926	73	129
2927	72	129
2928	74	129
2929	72	129
2930	72	129
2931	72	129
2932	70	129
2933	70	130
2934	71	130
2935	70	129
2936	71	129
2937	71	129
2938	71	129
2939	72	129
2940	73	129
2941	71	129
2942	73	129
2943	73	130
2944	73	130
2945	74	129
2946	75	129
2947	73	129
2948	73	129
2949	73	129
2950	73	129
2951	73	130
2952	73	130
2953	71	129
2954	72	129
2955	71	130
2956	71	129
2957	71	129
2958	71	129
2959	70	129
2960	72	129
2961	72	129
2962	72	130
2963	72	129
2964	72	130
2965	71	129
2966	74	129
2967	73	129
2968	73	129
2969	73	130
2970	73	129
2971	72	129
2972	73	129
2973	71	129
2974	71	129
2975	71	130
2976	71	130
2977	71	129
2978	72	129
2979	70	129
2980	71	129
2981	71	129
2982	71	130
2983	71	129
2984	73	129
2985	72	129
2986	73	129
2987	73	129
2988	73	129
2989	74	129
2990	74	129
2991	73	129
2992	74	129
2993	73	130
2994	73	129
2995	72	130
2996	71	129
2997	69	129
2998	71	129
2999	71	129
3000	71	130
3001	71	129
3002	70	129
3003	69	130
3004	72	129
3005	71	129
3006	72	129
3007	72	129
3008	73	129
3009	73	129
3010	74	129
3011	72	129
3012	73	130
3013	73	129
3014	72	129
3015	72	129
3016	74	129
3017	71	130
3018	71	129
3019	72	129
3020	71	129
3021	72	130
3022	72	130
3023	71	129
3024	72	130
3025	72	129
3026	72	129
3027	72	129
3028	72	129
3029	70	129
3030	72	129
3031	72	129
3032	72	129
3033	72	129
3034	71	129
3035	70	129
3036	72	129
3037	71	129
3038	71	129
3039	72	129
3040	71	129
3041	71	129
3042	73	129
3043	72	129
3044	72	129
3045	73	129
3046	72	130
3047	73	130
3048	75	130
3049	73	129
3050	72	129
3051	73	129
3052	72	129
3053	73	129
3054	74	130
3055	72	130
3056	72	129
3057	72	129
3058	72	129
3059	72	129
3060	72	129
3061	70	129
3062	72	129
3063	72	129
3064	72	129
3065	72	130
3066	72	130
3067	70	129
3068	72	129
3069	73	129
3070	72	129
3071	73	130
3072	73	130
3073	72	130
3074	73	130
3075	73	130
3076	72	130
3077	72	129
3078	72	129
3079	72	129
3080	73	130
3081	72	129
3082	71	129
3083	71	129
3084	71	129
3085	71	130
3086	73	129
3087	71	130
3088	71	129
3089	72	130
3090	71	129
3091	72	129
3092	72	130
3093	71	130
3094	72	129
3095	73	130
3096	72	129
3097	72	130
3098	72	130
3099	71	129
3100	71	129
3101	73	129
3102	72	130
3103	73	130
3104	72	129
3105	72	129
3106	73	129
3107	74	129
3108	73	129
3109	74	129
3110	74	129
3111	74	130
3112	75	130
3113	75	130
3114	73	129
3115	74	129
3116	73	130
3117	73	129
3118	73	130
3119	73	129
3120	71	130
3121	71	129
3122	71	130
3123	71	129
3124	71	129
3125	71	129
3126	70	130
3127	71	129
3128	71	130
3129	71	129
3130	72	129
3131	71	130
3132	71	129
3133	73	130
3134	72	129
3135	72	129
3136	72	129
3137	72	130
3138	71	129
3139	73	130
3140	73	129
3141	73	129
3142	74	129
3143	73	129
3144	73	130
3145	75	130
3146	72	129
3147	73	129
3148	72	129
3149	71	130
3150	70	129
3151	71	129
3152	68	129
3153	68	129
3154	68	129
3155	67	129
3156	67	129
3157	69	129
3158	67	129
3159	68	129
3160	69	129
3161	70	129
3162	73	130
3163	75	129
3164	75	129
3165	78	129
3166	79	129
3167	79	129
3168	79	129
3169	78	129
3170	73	129
3171	74	129
3172	73	129
3173	71	129
3174	70	129
3175	69	130
3176	67	129
3177	69	129
3178	68	130
3179	68	129
3180	69	129
3181	70	129
3182	70	129
3183	74	129
3184	73	129
3185	75	130
3186	76	129
3187	77	129
3188	77	129
3189	78	129
3190	75	129
3191	74	129
3192	73	129
3193	72	129
3194	71	129
3195	72	129
3196	69	129
3197	70	129
3198	70	129
3199	70	129
3200	71	130
3201	72	129
3202	70	129
3203	73	130
3204	74	129
3205	74	129
3206	75	129
3207	75	130
3208	72	129
3209	74	129
3210	73	129
3211	72	129
3212	72	129
3213	71	129
3214	71	129
3215	73	129
3216	73	129
3217	74	129
3218	75	129
3219	75	130
3220	74	129
3221	74	129
3222	71	130
3223	69	130
3224	69	129
3225	68	129
3226	68	130
3227	69	130
3228	67	129
3229	68	130
3230	70	130
3231	71	130
3232	73	129
3233	76	129
3234	76	129
3235	78	130
3236	79	129
3237	77	129
3238	76	129
3239	74	130
3240	71	130
3241	70	129
3242	70	130
3243	68	129
3244	68	130
3245	67	129
3246	66	129
3247	67	129
3248	68	130
3249	67	129
3250	69	130
3251	71	129
3252	73	129
3253	76	129
3254	77	129
3255	76	129
3256	77	129
3257	75	129
3258	75	130
3259	75	129
3260	73	129
3261	70	129
3262	70	129
3263	69	129
3264	69	129
3265	69	129
3266	68	129
3267	68	129
3268	70	129
3269	70	129
3270	71	129
3271	72	129
3272	72	129
3273	74	129
3274	77	129
3275	77	129
3276	77	129
3277	77	129
3278	76	129
3279	76	129
3280	76	130
3281	74	129
3282	74	129
3283	73	129
3284	72	129
3285	71	129
3286	70	129
3287	67	129
3288	68	129
3289	67	129
3290	67	129
3291	69	129
3292	71	129
3293	71	129
3294	75	130
3295	78	129
3296	79	130
3297	79	129
3298	77	129
3299	74	129
3300	74	130
3301	72	129
3302	71	129
3303	71	129
3304	70	129
3305	69	129
3306	71	129
3307	70	130
3308	70	130
3309	71	129
3310	70	129
3311	70	129
3312	72	129
3313	72	129
3314	73	129
3315	73	129
3316	73	129
3317	73	129
3318	74	130
3319	72	129
3320	72	129
3321	72	129
3322	71	129
3323	71	129
3324	72	129
3325	69	130
3326	70	129
3327	70	129
3328	70	130
3329	71	129
3330	73	129
3331	71	130
3332	73	129
3333	73	129
3334	74	129
3335	75	129
3336	75	129
3337	74	129
3338	76	129
3339	75	130
3340	74	130
3341	74	130
3342	73	130
3343	70	130
3344	72	130
3345	70	130
3346	70	129
3347	70	129
3348	69	129
3349	69	129
3350	71	130
3351	69	130
3352	70	130
3353	71	129
3354	72	130
3355	73	130
3356	76	129
3357	74	129
3358	76	129
3359	76	129
3360	75	129
3361	75	129
3362	76	130
3363	73	130
3364	73	129
3365	72	130
3366	70	130
3367	70	130
3368	70	129
3369	67	129
3370	69	129
3371	68	129
3372	68	129
3373	69	130
3374	69	129
3375	68	129
3376	72	130
3377	72	130
3378	74	130
3379	75	129
3380	76	129
3381	76	129
3382	78	129
3383	76	129
3384	76	130
3385	75	130
3386	73	129
3387	72	130
3388	72	130
3389	69	130
3390	69	130
3391	68	130
3392	68	129
3393	68	129
3394	70	130
3395	68	130
3396	69	129
3397	70	129
3398	71	129
3399	73	129
3400	75	129
3401	73	129
3402	76	129
3403	77	130
3404	76	129
3405	76	129
3406	75	129
3407	71	130
3408	73	130
3409	72	129
3410	70	129
3411	70	129
3412	69	130
3413	68	129
3414	70	129
3415	68	129
3416	69	129
3417	70	129
3418	70	129
3419	71	130
3420	74	129
3421	73	129
3422	75	129
3423	76	130
3424	77	129
3425	77	129
3426	78	129
3427	75	129
3428	74	129
3429	73	129
3430	71	129
3431	71	129
3432	71	129
3433	68	129
3434	69	129
3435	69	129
3436	68	129
3437	69	130
3438	69	129
3439	67	129
3440	71	129
3441	71	129
3442	72	129
3443	74	129
3444	74	129
3445	74	130
3446	76	129
3447	75	130
3448	75	129
3449	74	129
3450	73	129
3451	72	129
3452	73	129
3453	71	129
3454	70	129
3455	70	129
3456	70	129
3457	70	129
3458	72	129
3459	69	129
3460	71	129
3461	72	129
3462	72	129
3463	73	129
3464	76	129
3465	74	129
3466	77	129
3467	76	130
3468	76	129
3469	75	129
3470	75	129
3471	71	129
3472	73	130
3473	71	129
3474	70	129
3475	70	129
3476	69	129
3477	67	129
3478	70	129
3479	69	129
3480	69	129
3481	69	129
3482	70	129
3483	70	129
3484	73	129
3485	72	130
3486	73	129
3487	75	130
3488	75	129
3489	75	129
3490	77	129
3491	74	129
3492	73	129
3493	73	129
3494	71	129
3495	71	130
3496	71	130
3497	69	130
3498	70	129
3499	69	129
3500	69	129
3501	69	129
3502	70	129
3503	68	129
3504	72	129
3505	72	130
3506	73	129
3507	74	129
3508	75	130
3509	73	129
3510	76	129
3511	75	129
3512	75	129
3513	74	129
3514	73	129
3515	72	129
3516	73	130
3517	70	129
3518	70	130
3519	70	129
3520	70	130
3521	69	129
3522	72	129
3523	69	129
3524	70	129
3525	71	129
3526	71	129
3527	72	129
3528	74	130
3529	72	129
3530	74	129
3531	75	129
3532	74	129
3533	74	130
3534	74	129
3535	71	129
3536	73	129
3537	72	129
3538	71	129
3539	71	129
3540	71	129
3541	68	129
3542	71	129
3543	70	129
3544	70	129
3545	71	129
3546	71	129
3547	70	129
3548	73	130
3549	72	129
3550	73	129
3551	74	130
3552	74	129
3553	74	129
3554	76	129
3555	73	129
3556	73	129
3557	73	129
3558	72	129
3559	72	129
3560	73	129
3561	70	129
3562	71	129
3563	71	129
3564	70	129
3565	71	129
3566	71	129
3567	69	129
3568	72	129
3569	72	129
3570	72	129
3571	73	129
3572	73	129
3573	72	129
3574	75	129
3575	74	129
3576	74	129
3577	74	129
3578	73	129
3579	72	129
3580	74	129
3581	71	129
3582	71	129
3583	71	129
3584	71	130
3585	70	129
3586	73	129
3587	70	129
3588	70	129
3589	71	129
3590	71	130
3591	71	130
3592	74	129
3593	72	129
3594	73	129
3595	74	129
3596	74	129
3597	74	130
3598	75	129
3599	72	129
3600	74	129
3601	73	129
3602	72	129
3603	72	129
3604	71	129
3605	69	130
3606	71	129
3607	71	129
3608	70	129
3609	71	129
3610	71	129
3611	70	129
3612	73	129
3613	72	129
3614	72	130
3615	73	130
3616	73	130
3617	73	129
3618	75	130
3619	73	130
3620	72	129
3621	71	129
3622	70	129
3623	70	130
3624	70	129
3625	67	130
3626	68	129
3627	68	129
3628	67	129
3629	68	129
3630	70	129
3631	69	129
3632	73	130
3633	75	129
3634	76	129
3635	78	129
3636	79	130
3637	77	129
3638	78	129
3639	77	130
3640	74	129
3641	73	129
3642	71	130
3643	69	129
3644	70	129
3645	68	129
3646	67	129
3647	68	129
3648	67	130
3649	67	129
3650	69	130
3651	68	129
3652	69	129
3653	71	129
3654	73	129
3655	74	130
3656	78	130
3657	77	130
3658	77	129
3659	77	129
3660	77	129
3661	75	129
3662	74	129
3663	71	129
3664	71	129
3665	71	129
3666	69	129
3667	69	130
3668	69	129
3669	67	129
3670	68	130
3671	69	129
3672	69	130
3673	70	129
3674	71	129
3675	72	129
3676	74	129
3677	76	129
3678	75	129
3679	76	129
3680	76	129
3681	76	129
3682	76	129
3683	74	129
3684	72	130
3685	72	129
3686	71	129
3687	70	129
3688	72	129
3689	71	129
3690	70	129
3691	72	129
3692	72	129
3693	73	129
3694	75	129
3695	74	129
3696	71	129
3697	68	129
3698	65	129
3699	66	129
3700	65	129
3701	64	129
3702	66	130
3703	68	129
3704	70	130
3705	74	129
3706	77	129
3707	79	129
3708	81	129
3709	78	129
3710	73	129
3711	73	129
3712	73	129
3713	72	129
3714	73	129
3715	72	129
3716	70	129
3717	71	129
3718	70	129
3719	70	129
3720	71	130
3721	71	130
3722	70	129
3723	71	129
3724	71	129
3725	72	130
3726	73	130
3727	73	129
3728	73	129
3729	74	129
3730	73	129
3731	73	129
3732	73	129
3733	71	129
3734	71	129
3735	73	129
3736	71	129
3737	71	129
3738	71	129
3739	71	129
3740	72	129
3741	73	129
3742	73	129
3743	74	130
3744	75	129
3745	76	129
3746	77	129
3747	78	130
3748	76	129
3749	76	129
3750	75	129
3751	74	129
3752	73	130
3753	72	130
3754	70	129
3755	70	129
3756	69	130
3757	69	129
3758	69	129
3759	69	129
3760	68	129
3761	71	129
3762	71	130
3763	72	129
3764	74	129
3765	75	129
3766	76	130
3767	79	129
3768	78	129
3769	78	129
3770	76	130
3771	74	129
3772	72	129
3773	72	129
3774	69	129
3775	69	129
3776	68	129
3777	68	130
3778	67	129
3779	68	129
3780	66	129
3781	67	129
3782	67	129
3783	68	129
3784	70	130
3785	73	130
3786	73	130
3787	75	130
3788	77	129
3789	77	129
3790	78	129
3791	78	130
3792	75	130
3793	74	129
3794	72	129
3795	71	129
3796	70	130
3797	69	129
3798	67	129
3799	69	129
3800	67	129
3801	68	130
3802	68	130
3803	68	129
3804	68	130
3805	72	129
3806	73	129
3807	74	129
3808	75	129
3809	76	129
3810	75	129
3811	77	129
3812	74	129
3813	74	129
3814	73	129
3815	71	129
3816	71	129
3817	72	129
3818	69	130
3819	70	129
3820	70	130
3821	71	129
3822	72	129
3823	74	129
3824	73	130
3825	75	130
3826	76	129
3827	76	130
3828	76	129
3829	76	129
3830	73	129
3831	74	129
3832	72	129
3833	71	129
3834	70	129
3835	69	129
3836	67	129
3837	70	129
3838	69	129
3839	69	129
3840	69	129
3841	70	129
3842	70	129
3843	73	129
3844	72	129
3845	74	129
3846	74	129
3847	74	130
3848	73	129
3849	75	129
3850	71	129
3851	71	129
3852	70	129
3853	69	129
3854	68	129
3855	69	129
3856	67	129
3857	67	129
3858	67	129
3859	67	129
3860	69	129
3861	71	129
3862	71	130
3863	75	129
3864	77	129
3865	78	129
3866	79	129
3867	79	129
3868	76	129
3869	77	129
3870	75	129
3871	73	129
3872	72	129
3873	71	129
3874	68	129
3875	70	129
3876	69	129
3877	70	129
3878	70	129
3879	71	129
3880	73	129
3881	76	129
3882	76	129
3883	77	129
3884	79	129
3885	78	129
3886	77	129
3887	77	129
3888	73	129
3889	71	129
3890	71	129
3891	69	129
3892	68	130
3893	69	129
3894	67	129
3895	67	129
3896	68	130
3897	68	130
3898	69	129
3899	71	129
3900	72	130
3901	76	129
3902	78	129
3903	79	129
3904	81	129
3905	81	129
3906	78	129
3907	78	130
3908	75	129
3909	72	129
3910	70	129
3911	69	129
3912	67	129
3913	68	129
3914	66	129
3915	65	129
3916	65	130
3917	65	129
3918	65	129
3919	67	129
3920	67	129
3921	71	130
3922	77	129
3923	81	129
3924	84	129
3925	83	129
3926	80	129
3927	78	129
3928	77	129
3929	75	129
3930	73	129
3931	72	130
3932	70	129
3933	70	129
3934	70	129
3935	69	129
3936	68	130
3937	68	130
3938	67	130
3939	69	129
3940	70	129
3941	70	130
3942	72	129
3943	73	130
3944	74	129
3945	75	130
3946	77	130
3947	76	129
3948	76	129
3949	75	129
3950	74	130
3951	74	129
3952	73	129
3953	71	129
3954	71	129
3955	70	129
3956	70	129
3957	70	129
3958	70	130
3959	69	129
3960	70	130
3961	70	129
3962	71	129
3963	72	129
3964	73	130
3965	73	129
3966	74	130
3967	74	130
3968	73	130
3969	73	130
3970	72	129
3971	71	130
3972	72	130
3973	71	130
3974	71	129
3975	70	129
3976	69	129
3977	69	129
3978	70	129
3979	71	129
3980	72	130
3981	72	130
3982	73	129
3983	74	129
3984	75	129
3985	75	129
3986	75	129
3987	75	129
3988	75	129
3989	74	129
3990	74	129
3991	72	130
3992	71	130
3993	71	129
3994	70	129
3995	70	129
3996	70	129
3997	69	129
3998	69	129
3999	70	129
4000	70	130
4001	71	129
4002	71	129
4003	71	129
4004	73	130
4005	73	129
4006	72	129
4007	71	129
4008	69	129
4009	68	129
4010	70	129
4011	71	129
4012	72	129
4013	73	129
4014	74	129
4015	74	129
4016	76	130
4017	76	129
4018	76	129
4019	75	129
4020	75	129
4021	73	129
4022	74	129
4023	71	129
4024	70	129
4025	70	129
4026	69	129
4027	69	129
4028	70	129
4029	69	129
4030	69	129
4031	69	129
4032	69	129
4033	70	129
4034	72	129
4035	71	129
4036	73	129
4037	74	129
4038	75	129
4039	75	129
4040	75	129
4041	73	129
4042	74	129
4043	73	129
4044	73	129
4045	72	129
4046	71	129
4047	69	129
4048	71	129
4049	71	129
4050	70	129
4051	71	129
4052	71	129
4053	71	130
4054	73	129
4055	72	129
4056	72	129
4057	73	129
4058	74	129
4059	74	129
4060	75	129
4061	74	129
4062	73	129
4063	73	129
4064	72	130
4065	72	130
4066	72	130
4067	71	129
4068	71	130
4069	70	129
4070	70	129
4071	70	129
4072	71	129
4073	69	129
4074	71	129
4075	72	129
4076	72	129
4077	73	130
4078	73	129
4079	72	129
4080	73	129
4081	74	129
4082	73	129
4083	73	129
4084	73	129
4085	72	129
4086	72	129
4087	71	129
4088	71	129
4089	71	129
4090	71	130
4091	70	129
4092	71	129
4093	71	129
4094	71	129
4095	71	130
