
TIME STEP:
125 = 0.2ms

VOLTAGE STEP:
CH1:  32 = 0.15V
CH2:  32 = 5V
GND	58	128
N	CH1	CH2

0	79	129
1	79	129
2	79	129
3	80	129
4	82	129
5	82	129
6	82	129
7	83	129
8	83	129
9	83	129
10	84	130
11	82	130
12	81	130
13	80	129
14	79	129
15	79	130
16	79	130
17	78	129
18	79	129
19	80	129
20	80	129
21	81	130
22	82	130
23	82	130
24	83	129
25	83	130
26	83	130
27	82	129
28	82	129
29	80	130
30	80	130
31	80	129
32	79	130
33	79	129
34	79	130
35	79	129
36	80	129
37	81	129
38	81	129
39	81	130
40	82	129
41	82	129
42	83	129
43	82	130
44	81	130
45	81	130
46	81	129
47	80	129
48	81	129
49	80	129
50	80	130
51	80	129
52	80	129
53	80	129
54	81	129
55	81	129
56	81	129
57	82	129
58	82	129
59	82	129
60	82	129
61	81	129
62	81	129
63	81	129
64	80	129
65	80	130
66	80	129
67	79	129
68	79	129
69	80	129
70	80	129
71	80	129
72	81	129
73	81	130
74	81	129
75	82	129
76	82	129
77	82	129
78	81	129
79	81	129
80	81	129
81	81	129
82	80	130
83	79	130
84	79	129
85	79	130
86	80	129
87	81	129
88	81	129
89	81	130
90	81	129
91	82	129
92	82	129
93	82	130
94	82	130
95	82	129
96	82	129
97	81	130
98	81	129
99	81	129
100	79	129
101	80	129
102	80	129
103	80	129
104	80	129
105	80	129
106	79	129
107	80	129
108	81	129
109	81	129
110	81	129
111	81	129
112	80	129
113	81	129
114	81	129
115	80	129
116	80	129
117	80	129
118	80	129
119	81	129
120	80	129
121	79	129
122	80	130
123	80	129
124	80	129
125	81	130
126	81	129
127	81	130
128	81	129
129	81	129
130	81	129
131	81	129
132	80	129
133	80	129
134	80	130
135	80	130
136	80	130
137	80	129
138	79	129
139	80	129
140	81	129
141	81	129
142	81	129
143	81	130
144	80	129
145	81	129
146	81	129
147	81	129
148	81	129
149	81	130
150	80	129
151	80	129
152	81	130
153	80	129
154	80	130
155	81	129
156	81	130
157	81	129
158	81	129
159	81	129
160	81	130
161	81	129
162	81	129
163	81	130
164	81	129
165	81	129
166	81	129
167	81	130
168	80	129
169	81	130
170	80	130
171	80	129
172	80	130
173	81	130
174	80	129
175	80	130
176	80	130
177	79	130
178	80	129
179	80	130
180	80	130
181	80	130
182	80	130
183	79	129
184	81	130
185	80	130
186	81	129
187	80	129
188	81	129
189	81	129
190	82	129
191	81	129
192	80	129
193	81	129
194	80	129
195	80	129
196	82	129
197	80	129
198	80	130
199	80	129
200	81	129
201	81	129
202	82	130
203	82	130
204	83	129
205	83	129
206	83	129
207	84	130
208	84	129
209	83	129
210	83	129
211	83	129
212	82	130
213	81	130
214	80	129
215	79	129
216	79	130
217	79	129
218	79	129
219	78	129
220	79	130
221	78	129
222	79	130
223	79	130
224	79	130
225	80	129
226	80	129
227	80	130
228	81	130
229	81	129
230	81	129
231	81	129
232	81	129
233	81	129
234	82	130
235	83	130
236	82	130
237	83	130
238	84	130
239	84	130
240	85	129
241	84	130
242	83	129
243	83	129
244	82	129
245	81	130
246	81	129
247	80	129
248	79	129
249	80	129
250	80	130
251	80	129
252	81	129
253	81	129
254	81	129
255	83	129
256	83	130
257	83	129
258	83	129
259	82	129
260	82	129
261	82	130
262	81	130
263	81	129
264	81	130
265	80	130
266	80	129
267	80	130
268	79	130
269	78	130
270	78	130
271	79	130
272	80	129
273	81	129
274	81	129
275	81	129
276	82	130
277	81	129
278	80	129
279	79	129
280	78	130
281	78	129
282	79	129
283	80	129
284	81	129
285	82	129
286	82	129
287	86	130
288	89	130
289	92	129
290	95	129
291	96	129
292	89	129
293	85	129
294	81	130
295	79	129
296	78	130
297	77	129
298	77	130
299	79	130
300	79	130
301	80	129
302	81	130
303	81	129
304	81	129
305	83	130
306	81	130
307	79	130
308	79	129
309	77	129
310	77	129
311	77	129
312	77	130
313	77	129
314	78	129
315	79	129
316	80	129
317	81	130
318	81	129
319	82	129
320	83	130
321	83	129
322	83	129
323	83	130
324	81	130
325	82	129
326	82	129
327	82	130
328	82	129
329	81	130
330	81	130
331	81	130
332	82	129
333	82	129
334	83	129
335	83	129
336	84	129
337	86	129
338	87	129
339	87	130
340	87	129
341	78	129
342	73	129
343	73	129
344	73	129
345	74	129
346	76	129
347	79	129
348	83	129
349	89	129
350	93	129
351	95	129
352	94	129
353	91	129
354	86	129
355	80	129
356	75	129
357	73	130
358	72	129
359	71	129
360	71	129
361	72	130
362	73	129
363	76	129
364	80	129
365	85	129
366	88	130
367	90	130
368	90	129
369	87	129
370	85	129
371	81	129
372	78	130
373	75	129
374	74	129
375	74	129
376	75	129
377	75	129
378	76	130
379	79	129
380	82	129
381	85	129
382	89	129
383	90	129
384	90	129
385	88	130
386	85	129
387	81	129
388	78	129
389	75	129
390	75	129
391	74	129
392	75	129
393	76	129
394	78	130
395	79	129
396	83	129
397	87	129
398	88	130
399	89	129
400	87	129
401	84	129
402	82	129
403	80	129
404	77	130
405	76	130
406	75	130
407	73	129
408	74	129
409	75	130
410	75	129
411	77	129
412	80	129
413	83	129
414	86	129
415	88	129
416	88	129
417	88	130
418	86	129
419	84	129
420	83	130
421	81	129
422	79	129
423	78	129
424	77	129
425	77	130
426	78	129
427	79	129
428	80	129
429	82	129
430	83	130
431	84	130
432	85	130
433	84	129
434	84	129
435	84	129
436	82	130
437	81	129
438	80	129
439	78	129
440	77	129
441	78	129
442	77	129
443	78	130
444	79	129
445	79	129
446	81	129
447	82	129
448	82	130
449	83	129
450	83	130
451	83	130
452	82	129
453	82	129
454	80	129
455	80	130
456	80	130
457	79	130
458	79	130
459	81	130
460	80	130
461	81	129
462	81	129
463	82	130
464	82	130
465	83	129
466	82	129
467	82	130
468	81	129
469	81	130
470	80	130
471	80	130
472	78	129
473	79	129
474	80	129
475	79	129
476	80	129
477	80	129
478	79	129
479	82	129
480	82	129
481	82	130
482	83	130
483	82	130
484	82	130
485	82	130
486	81	130
487	80	130
488	80	129
489	79	129
490	79	130
491	81	129
492	80	129
493	79	129
494	81	129
495	81	129
496	82	129
497	84	129
498	83	130
499	83	129
500	83	129
501	82	129
502	81	129
503	82	129
504	79	130
505	80	129
506	80	130
507	79	129
508	80	129
509	80	129
510	79	129
511	80	129
512	81	130
513	81	130
514	81	130
515	82	129
516	81	130
517	82	129
518	82	129
519	81	130
520	81	130
521	81	129
522	80	129
523	80	129
524	80	129
525	79	129
526	79	129
527	80	130
528	80	130
529	81	129
530	82	129
531	81	129
532	82	129
533	82	129
534	82	130
535	82	129
536	82	129
537	80	130
538	81	129
539	80	129
540	79	129
541	80	129
542	79	129
543	78	129
544	80	129
545	80	129
546	80	130
547	81	130
548	81	130
549	80	129
550	82	129
551	82	129
552	82	129
553	82	130
554	81	129
555	80	129
556	81	129
557	80	129
558	80	129
559	80	129
560	80	129
561	80	129
562	82	129
563	81	129
564	81	129
565	81	129
566	81	129
567	81	129
568	83	129
569	81	129
570	81	129
571	81	129
572	81	129
573	80	129
574	81	129
575	79	129
576	80	129
577	81	129
578	80	129
579	81	129
580	81	129
581	80	129
582	81	130
583	82	129
584	81	130
585	81	129
586	81	129
587	79	130
588	81	129
589	81	129
590	80	129
591	80	130
592	80	130
593	79	130
594	81	130
595	81	130
596	80	130
597	81	129
598	81	129
599	81	130
600	83	129
601	82	129
602	81	129
603	81	129
604	81	129
605	80	129
606	81	129
607	81	130
608	79	130
609	80	129
610	80	129
611	80	130
612	81	129
613	81	129
614	81	129
615	82	130
616	81	129
617	82	129
618	82	129
619	81	129
620	80	129
621	81	129
622	80	130
623	80	129
624	80	129
625	79	129
626	78	129
627	80	129
628	79	129
629	79	129
630	80	129
631	80	129
632	80	129
633	81	129
634	80	129
635	80	129
636	81	129
637	80	129
638	80	129
639	81	129
640	79	129
641	79	129
642	80	129
643	80	129
644	80	130
645	82	129
646	80	129
647	81	129
648	81	129
649	81	129
650	81	129
651	83	129
652	81	129
653	82	130
654	82	130
655	81	129
656	81	129
657	81	130
658	79	129
659	80	130
660	81	129
661	79	129
662	80	129
663	80	129
664	78	130
665	80	129
666	81	130
667	80	129
668	81	129
669	81	130
670	80	129
671	82	129
672	81	129
673	80	129
674	81	129
675	80	129
676	80	129
677	81	129
678	80	129
679	79	129
680	81	129
681	80	129
682	80	130
683	82	129
684	81	129
685	80	130
686	81	130
687	81	129
688	81	129
689	81	129
690	80	129
691	80	130
692	81	130
693	80	129
694	80	130
695	80	129
696	79	130
697	80	129
698	81	129
699	80	130
700	80	130
701	80	129
702	79	130
703	79	129
704	81	130
705	80	129
706	80	129
707	81	129
708	80	129
709	81	129
710	82	129
711	81	129
712	82	129
713	82	129
714	83	129
715	84	129
716	86	129
717	85	129
718	85	129
719	85	129
720	85	129
721	84	129
722	83	129
723	80	129
724	79	129
725	77	129
726	77	129
727	76	129
728	77	129
729	75	129
730	78	129
731	79	129
732	80	129
733	82	129
734	83	130
735	83	129
736	86	129
737	85	129
738	84	129
739	83	130
740	81	129
741	79	129
742	80	129
743	78	130
744	78	129
745	78	129
746	78	130
747	79	129
748	81	129
749	81	130
750	82	130
751	83	129
752	83	129
753	84	129
754	85	129
755	83	129
756	82	129
757	82	129
758	82	129
759	83	130
760	84	130
761	82	130
762	82	130
763	82	130
764	81	129
765	81	130
766	81	130
767	80	130
768	81	130
769	81	129
770	80	129
771	81	129
772	80	129
773	79	129
774	80	130
775	81	130
776	80	130
777	81	129
778	81	130
779	79	129
780	80	130
781	80	129
782	79	129
783	80	129
784	80	129
785	81	129
786	82	130
787	83	129
788	82	129
789	83	129
790	83	129
791	83	129
792	84	129
793	85	129
794	84	129
795	86	129
796	88	129
797	90	130
798	92	130
799	92	130
800	89	130
801	89	129
802	85	129
803	81	130
804	79	129
805	76	129
806	73	130
807	75	129
808	74	130
809	74	129
810	76	129
811	77	129
812	77	129
813	82	129
814	83	129
815	84	129
816	84	129
817	83	129
818	81	129
819	81	129
820	78	129
821	77	129
822	77	130
823	76	129
824	77	129
825	80	130
826	79	129
827	81	129
828	83	129
829	83	129
830	84	129
831	86	129
832	83	129
833	83	129
834	82	129
835	81	130
836	81	130
837	81	129
838	79	129
839	80	129
840	80	129
841	80	129
842	81	129
843	82	129
844	81	129
845	83	129
846	83	129
847	83	129
848	83	129
849	83	129
850	81	129
851	84	129
852	86	129
853	86	129
854	88	129
855	76	129
856	72	129
857	73	129
858	74	130
859	75	129
860	80	129
861	84	130
862	90	130
863	95	130
864	97	130
865	94	129
866	91	130
867	85	130
868	80	129
869	77	129
870	74	129
871	70	130
872	71	129
873	69	130
874	70	130
875	71	130
876	73	130
877	75	129
878	80	130
879	83	130
880	88	130
881	91	130
882	91	130
883	87	130
884	84	130
885	79	130
886	77	130
887	75	130
888	73	129
889	71	129
890	74	130
891	74	129
892	76	129
893	79	129
894	82	129
895	85	129
896	91	130
897	92	129
898	93	130
899	91	130
900	88	129
901	83	130
902	80	130
903	73	129
904	72	129
905	71	129
906	71	129
907	73	129
908	76	130
909	77	129
910	81	129
911	86	129
912	90	129
913	93	129
914	94	129
915	89	129
916	87	129
917	83	129
918	79	129
919	77	129
920	75	129
921	72	129
922	74	129
923	74	129
924	75	129
925	78	129
926	81	129
927	82	130
928	88	129
929	91	129
930	91	129
931	91	129
932	88	129
933	83	129
934	81	129
935	78	129
936	75	129
937	75	129
938	74	129
939	73	130
940	76	129
941	76	130
942	77	129
943	80	129
944	83	129
945	85	130
946	89	129
947	89	129
948	86	129
949	86	129
950	83	129
951	80	129
952	78	129
953	76	129
954	74	129
955	75	129
956	74	130
957	75	130
958	76	129
959	78	129
960	80	129
961	84	129
962	86	129
963	88	129
964	88	129
965	87	129
966	84	130
967	85	129
968	81	129
969	79	129
970	78	129
971	77	129
972	76	129
973	78	129
974	77	129
975	79	129
976	81	130
977	82	129
978	84	129
979	87	129
980	85	130
981	86	129
982	85	129
983	83	130
984	81	129
985	81	130
986	77	130
987	77	129
988	76	129
989	75	129
990	76	130
991	78	130
992	77	129
993	80	129
994	81	129
995	83	129
996	84	130
997	86	129
998	84	129
999	85	130
1000	84	130
1001	81	129
1002	81	129
1003	79	130
1004	76	130
1005	78	129
1006	78	130
1007	77	130
1008	78	130
1009	79	130
1010	79	129
1011	82	130
1012	83	130
1013	83	129
1014	85	129
1015	85	130
1016	84	129
1017	85	130
1018	83	129
1019	80	130
1020	80	129
1021	79	130
1022	79	130
1023	80	129
1024	79	129
1025	78	129
1026	80	130
1027	80	129
1028	81	129
1029	82	129
1030	83	130
1031	82	129
1032	84	130
1033	83	130
1034	82	129
1035	82	130
1036	81	129
1037	79	130
1038	80	129
1039	78	129
1040	78	130
1041	78	130
1042	78	130
1043	78	129
1044	81	129
1045	81	129
1046	82	130
1047	83	129
1048	83	130
1049	82	129
1050	84	130
1051	82	130
1052	82	129
1053	81	130
1054	81	130
1055	80	130
1056	82	129
1057	79	129
1058	80	130
1059	81	129
1060	81	129
1061	81	130
1062	84	129
1063	81	129
1064	81	129
1065	81	129
1066	80	129
1067	79	130
1068	80	129
1069	76	129
1070	77	129
1071	78	129
1072	78	129
1073	80	129
1074	82	129
1075	81	129
1076	85	129
1077	86	130
1078	85	129
1079	85	129
1080	83	129
1081	79	129
1082	80	129
1083	79	129
1084	77	129
1085	77	129
1086	76	129
1087	75	129
1088	78	129
1089	78	129
1090	78	129
1091	81	130
1092	83	129
1093	84	129
1094	86	129
1095	85	129
1096	83	129
1097	84	129
1098	82	129
1099	80	130
1100	80	129
1101	79	129
1102	76	130
1103	78	129
1104	77	129
1105	78	130
1106	80	129
1107	80	130
1108	81	129
1109	84	129
1110	84	129
1111	84	129
1112	84	129
1113	83	129
1114	81	129
1115	82	129
1116	79	129
1117	79	129
1118	78	129
1119	77	129
1120	76	129
1121	79	130
1122	78	129
1123	80	129
1124	81	129
1125	82	129
1126	82	129
1127	85	130
1128	83	129
1129	84	130
1130	82	129
1131	78	129
1132	76	129
1133	77	129
1134	75	129
1135	76	129
1136	78	129
1137	80	129
1138	82	130
1139	86	129
1140	84	129
1141	86	130
1142	86	129
1143	84	129
1144	82	129
1145	81	130
1146	77	129
1147	77	129
1148	76	129
1149	75	129
1150	75	130
1151	76	129
1152	74	129
1153	78	129
1154	80	129
1155	82	130
1156	84	129
1157	86	130
1158	84	129
1159	87	130
1160	85	130
1161	83	130
1162	81	130
1163	80	129
1164	77	129
1165	78	130
1166	75	129
1167	75	129
1168	76	130
1169	76	130
1170	77	130
1171	81	129
1172	81	130
1173	81	129
1174	85	129
1175	85	130
1176	85	129
1177	87	129
1178	84	130
1179	81	130
1180	81	129
1181	79	130
1182	77	129
1183	77	129
1184	76	129
1185	76	129
1186	78	130
1187	77	129
1188	79	129
1189	81	129
1190	81	130
1191	82	130
1192	86	129
1193	85	129
1194	85	130
1195	84	130
1196	82	130
1197	80	129
1198	81	130
1199	80	129
1200	80	129
1201	81	129
1202	81	129
1203	82	130
1204	85	129
1205	84	130
1206	86	129
1207	86	130
1208	85	129
1209	83	129
1210	83	129
1211	78	129
1212	77	129
1213	76	129
1214	75	129
1215	75	129
1216	77	129
1217	75	130
1218	77	129
1219	79	129
1220	81	130
1221	85	130
1222	88	130
1223	87	129
1224	89	129
1225	87	129
1226	85	129
1227	83	130
1228	81	129
1229	76	129
1230	78	129
1231	77	130
1232	77	130
1233	78	129
1234	79	129
1235	79	130
1236	83	130
1237	84	129
1238	86	129
1239	87	129
1240	87	129
1241	85	129
1242	86	130
1243	83	129
1244	81	129
1245	80	129
1246	79	129
1247	78	130
1248	80	129
1249	79	129
1250	79	129
1251	81	129
1252	81	129
1253	82	129
1254	84	129
1255	83	129
1256	82	129
1257	82	129
1258	81	130
1259	81	129
1260	81	129
1261	79	129
1262	79	129
1263	80	129
1264	79	130
1265	80	130
1266	81	129
1267	80	130
1268	81	130
1269	82	129
1270	80	129
1271	80	129
1272	80	129
1273	78	130
1274	79	129
1275	80	129
1276	79	129
1277	80	129
1278	81	129
1279	82	129
1280	85	129
1281	88	129
1282	90	129
1283	95	130
1284	97	129
1285	95	129
1286	91	130
1287	87	129
1288	80	130
1289	79	130
1290	77	130
1291	75	129
1292	76	130
1293	77	130
1294	75	129
1295	78	130
1296	79	129
1297	80	130
1298	82	129
1299	82	129
1300	81	130
1301	83	130
1302	81	129
1303	80	130
1304	80	129
1305	78	129
1306	76	129
1307	79	129
1308	78	130
1309	78	129
1310	79	129
1311	79	129
1312	78	130
1313	82	130
1314	82	129
1315	83	129
1316	84	129
1317	83	129
1318	82	130
1319	84	129
1320	81	129
1321	81	130
1322	81	129
1323	80	130
1324	80	130
1325	82	130
1326	80	129
1327	81	130
1328	82	129
1329	81	129
1330	82	130
1331	84	129
1332	82	129
1333	83	130
1334	83	129
1335	82	129
1336	82	129
1337	82	129
1338	80	129
1339	81	130
1340	82	129
1341	81	129
1342	82	130
1343	83	129
1344	82	129
1345	85	130
1346	87	129
1347	87	129
1348	88	129
1349	77	129
1350	71	129
1351	72	129
1352	72	129
1353	72	129
1354	76	129
1355	79	129
1356	85	130
1357	93	130
1358	99	129
1359	101	130
1360	99	130
1361	93	129
1362	84	129
1363	78	130
1364	73	130
1365	69	129
1366	69	130
1367	68	129
1368	68	130
1369	69	129
1370	70	129
1371	73	129
1372	79	130
1373	84	130
1374	89	130
1375	94	129
1376	94	130
1377	90	129
1378	88	129
1379	81	129
1380	77	130
1381	74	129
1382	71	129
1383	69	129
1384	71	129
1385	70	129
1386	71	129
1387	74	129
1388	77	129
1389	82	129
1390	90	130
1391	95	129
1392	99	129
1393	99	130
1394	95	129
1395	89	129
1396	85	129
1397	78	129
1398	75	130
1399	73	129
1400	71	129
1401	71	129
1402	72	130
1403	70	129
1404	73	129
1405	75	130
1406	78	130
1407	82	129
1408	84	129
1409	85	129
1410	90	129
1411	93	129
1412	92	130
1413	91	130
1414	87	129
1415	81	129
1416	80	129
1417	77	129
1418	75	129
1419	74	130
1420	73	129
1421	71	129
1422	75	130
1423	77	129
1424	79	129
1425	82	129
1426	86	129
1427	88	130
1428	91	130
1429	90	129
1430	87	129
1431	85	130
1432	81	130
1433	78	130
1434	78	130
1435	75	129
1436	72	130
1437	73	129
1438	73	129
1439	75	130
1440	78	129
1441	79	130
1442	82	130
1443	87	130
1444	89	130
1445	91	130
1446	91	129
1447	88	129
1448	85	129
1449	83	130
1450	79	129
1451	77	129
1452	75	129
1453	73	129
1454	73	130
1455	75	129
1456	75	129
1457	77	130
1458	79	130
1459	81	130
1460	84	129
1461	89	129
1462	89	130
1463	89	129
1464	87	129
1465	85	129
1466	82	130
1467	81	130
1468	77	129
1469	76	130
1470	75	129
1471	75	129
1472	75	130
1473	77	129
1474	76	129
1475	79	129
1476	81	129
1477	83	130
1478	85	130
1479	87	129
1480	84	130
1481	83	130
1482	82	130
1483	81	130
1484	81	129
1485	81	130
1486	79	129
1487	81	129
1488	81	129
1489	80	130
1490	81	129
1491	81	130
1492	78	129
1493	81	129
1494	81	129
1495	81	129
1496	81	129
1497	81	129
1498	79	129
1499	82	129
1500	81	129
1501	81	129
1502	81	129
1503	81	129
1504	79	130
1505	81	130
1506	80	130
1507	80	130
1508	81	130
1509	80	129
1510	81	130
1511	83	130
1512	81	129
1513	80	130
1514	81	129
1515	81	130
1516	81	129
1517	82	130
1518	81	129
1519	80	129
1520	81	129
1521	80	129
1522	80	130
1523	81	129
1524	80	129
1525	80	129
1526	82	129
1527	81	130
1528	81	129
1529	82	129
1530	80	129
1531	80	129
1532	82	130
1533	81	129
1534	81	129
1535	81	129
1536	79	130
1537	79	129
1538	81	129
1539	80	129
1540	81	129
1541	81	129
1542	81	129
1543	81	129
1544	83	129
1545	81	129
1546	82	129
1547	82	129
1548	82	130
1549	82	129
1550	83	129
1551	80	129
1552	81	129
1553	81	129
1554	80	129
1555	81	129
1556	82	129
1557	79	130
1558	81	129
1559	81	129
1560	80	129
1561	81	129
1562	81	130
1563	78	129
1564	78	129
1565	78	129
1566	78	129
1567	79	129
1568	81	129
1569	81	129
1570	85	129
1571	85	130
1572	85	130
1573	85	129
1574	84	129
1575	81	130
1576	81	130
1577	79	130
1578	77	129
1579	77	130
1580	77	130
1581	76	129
1582	78	129
1583	78	129
1584	79	129
1585	81	129
1586	82	129
1587	84	130
1588	87	129
1589	85	129
1590	84	129
1591	84	129
1592	82	129
1593	81	130
1594	81	129
1595	78	129
1596	77	129
1597	77	129
1598	77	130
1599	77	130
1600	79	129
1601	78	129
1602	80	130
1603	83	129
1604	83	129
1605	84	130
1606	84	130
1607	82	129
1608	81	130
1609	82	130
1610	79	129
1611	79	129
1612	78	130
1613	76	130
1614	77	130
1615	78	130
1616	77	130
1617	79	130
1618	80	130
1619	81	130
1620	83	129
1621	84	129
1622	83	129
1623	84	130
1624	83	129
1625	82	129
1626	83	129
1627	82	129
1628	79	129
1629	79	130
1630	79	130
1631	78	129
1632	79	129
1633	80	129
1634	79	130
1635	81	129
1636	81	130
1637	82	129
1638	83	130
1639	82	129
1640	81	130
1641	83	130
1642	82	130
1643	81	130
1644	80	129
1645	79	129
1646	77	129
1647	79	129
1648	78	129
1649	78	129
1650	79	129
1651	79	129
1652	79	130
1653	82	130
1654	81	129
1655	82	129
1656	83	129
1657	82	130
1658	82	129
1659	83	129
1660	80	129
1661	79	129
1662	79	129
1663	79	129
1664	79	129
1665	80	129
1666	78	129
1667	79	129
1668	80	130
1669	80	129
1670	81	130
1671	83	129
1672	82	129
1673	82	130
1674	83	130
1675	81	129
1676	81	129
1677	81	129
1678	78	129
1679	79	129
1680	79	129
1681	79	129
1682	79	130
1683	79	130
1684	77	129
1685	79	129
1686	81	129
1687	81	129
1688	81	130
1689	82	129
1690	81	129
1691	81	129
1692	82	129
1693	80	129
1694	81	129
1695	80	129
1696	79	129
1697	80	129
1698	80	129
1699	78	130
1700	79	130
1701	79	130
1702	79	129
1703	81	129
1704	82	130
1705	80	129
1706	81	130
1707	82	130
1708	82	130
1709	83	129
1710	83	130
1711	81	129
1712	81	129
1713	81	130
1714	80	129
1715	79	129
1716	80	129
1717	78	129
1718	80	129
1719	81	130
1720	81	129
1721	82	129
1722	84	129
1723	83	129
1724	86	130
1725	87	130
1726	87	129
1727	86	129
1728	85	130
1729	82	129
1730	81	129
1731	80	129
1732	78	129
1733	77	129
1734	77	129
1735	75	129
1736	77	130
1737	78	129
1738	78	129
1739	80	130
1740	81	130
1741	82	129
1742	83	130
1743	83	129
1744	81	129
1745	81	129
1746	80	129
1747	79	130
1748	80	129
1749	80	130
1750	79	129
1751	80	130
1752	81	129
1753	83	130
1754	84	129
1755	86	129
1756	85	130
1757	85	130
1758	84	130
1759	82	129
1760	81	130
1761	81	129
1762	79	130
1763	80	129
1764	80	130
1765	80	129
1766	81	129
1767	81	129
1768	80	129
1769	83	130
1770	84	130
1771	83	129
1772	84	130
1773	84	130
1774	82	130
1775	83	130
1776	82	130
1777	80	129
1778	80	129
1779	79	129
1780	78	129
1781	80	130
1782	80	129
1783	79	130
1784	81	129
1785	81	129
1786	81	130
1787	82	130
1788	82	129
1789	81	130
1790	81	129
1791	81	129
1792	81	129
1793	83	129
1794	81	130
1795	80	130
1796	81	130
1797	82	129
1798	83	129
1799	85	129
1800	85	130
1801	86	129
1802	88	130
1803	89	129
1804	89	129
1805	89	129
1806	88	129
1807	86	129
1808	85	129
1809	83	129
1810	80	129
1811	79	129
1812	76	129
1813	76	129
1814	77	129
1815	76	129
1816	77	129
1817	78	129
1818	79	129
1819	80	129
1820	82	129
1821	81	129
1822	82	129
1823	82	129
1824	81	129
1825	80	129
1826	80	129
1827	77	130
1828	77	129
1829	78	129
1830	78	129
1831	80	130
1832	81	129
1833	81	130
1834	82	129
1835	83	129
1836	83	129
1837	84	129
1838	84	130
1839	82	129
1840	81	129
1841	81	129
1842	80	129
1843	79	129
1844	79	129
1845	78	129
1846	79	129
1847	80	129
1848	80	129
1849	81	129
1850	81	129
1851	81	129
1852	82	129
1853	83	129
1854	83	129
1855	83	129
1856	82	129
1857	81	129
1858	82	129
1859	82	130
1860	81	129
1861	83	130
1862	83	129
1863	85	129
1864	88	129
1865	89	129
1866	88	129
1867	77	129
1868	73	130
1869	72	130
1870	74	129
1871	74	129
1872	75	129
1873	79	129
1874	83	129
1875	88	129
1876	93	129
1877	97	129
1878	97	129
1879	94	130
1880	89	129
1881	83	129
1882	79	130
1883	75	129
1884	72	129
1885	72	129
1886	71	129
1887	71	129
1888	71	129
1889	72	129
1890	73	130
1891	77	129
1892	81	129
1893	85	129
1894	88	129
1895	89	129
1896	87	130
1897	83	129
1898	79	129
1899	77	130
1900	75	130
1901	75	130
1902	75	130
1903	76	129
1904	77	130
1905	78	130
1906	81	129
1907	84	130
1908	86	130
1909	88	129
1910	88	129
1911	87	130
1912	85	129
1913	83	130
1914	81	129
1915	81	129
1916	77	129
1917	74	130
1918	73	129
1919	73	129
1920	74	129
1921	77	129
1922	81	130
1923	85	129
1924	89	130
1925	93	130
1926	93	129
1927	91	130
1928	88	129
1929	83	129
1930	80	130
1931	77	129
1932	75	130
1933	73	129
1934	73	129
1935	72	129
1936	74	130
1937	76	130
1938	79	130
1939	82	129
1940	86	129
1941	88	129
1942	91	129
1943	92	130
1944	90	130
1945	87	129
1946	84	129
1947	80	130
1948	78	129
1949	76	129
1950	75	130
1951	74	129
1952	74	129
1953	75	130
1954	77	129
1955	79	130
1956	81	129
1957	83	129
1958	86	129
1959	87	129
1960	88	129
1961	87	129
1962	84	129
1963	81	129
1964	79	129
1965	77	129
1966	76	129
1967	75	129
1968	74	129
1969	74	129
1970	75	130
1971	76	130
1972	78	130
1973	79	130
1974	81	130
1975	83	129
1976	84	129
1977	86	130
1978	87	129
1979	86	129
1980	85	130
1981	83	129
1982	82	129
1983	80	129
1984	79	129
1985	77	130
1986	77	129
1987	77	129
1988	78	129
1989	79	129
1990	80	129
1991	82	130
1992	84	130
1993	86	129
1994	87	129
1995	87	129
1996	85	129
1997	83	129
1998	81	130
1999	80	129
2000	77	129
2001	76	129
2002	75	129
2003	75	129
2004	75	130
2005	77	129
2006	78	130
2007	80	129
2008	81	129
2009	84	129
2010	85	129
2011	87	129
2012	86	130
2013	86	129
2014	84	129
2015	82	130
2016	80	130
2017	79	129
2018	77	130
2019	77	129
2020	76	129
2021	76	130
2022	77	129
2023	78	129
2024	80	129
2025	81	129
2026	83	129
2027	85	130
2028	86	129
2029	85	130
2030	85	129
2031	83	129
2032	83	129
2033	81	129
2034	80	129
2035	79	130
2036	78	129
2037	78	129
2038	78	129
2039	79	130
2040	79	130
2041	80	130
2042	81	129
2043	82	129
2044	82	129
2045	83	130
2046	83	129
2047	83	129
2048	82	129
2049	81	129
2050	80	129
2051	80	129
2052	79	129
2053	79	130
2054	79	129
2055	78	129
2056	79	129
2057	78	130
2058	80	129
2059	81	129
2060	82	130
2061	82	129
2062	83	130
2063	82	130
2064	83	129
2065	81	129
2066	82	130
2067	81	129
2068	80	130
2069	80	129
2070	80	129
2071	79	129
2072	80	130
2073	80	130
2074	80	129
2075	81	129
2076	82	130
2077	81	129
2078	82	129
2079	81	130
2080	82	129
2081	82	129
2082	81	130
2083	81	130
2084	81	129
2085	80	130
2086	80	129
2087	80	130
2088	80	129
2089	79	129
2090	81	129
2091	81	129
2092	81	129
2093	82	129
2094	82	129
2095	82	129
2096	82	129
2097	82	129
2098	81	129
2099	81	129
2100	80	129
2101	79	129
2102	79	129
2103	79	129
2104	78	130
2105	79	129
2106	78	129
2107	79	129
2108	79	129
2109	80	130
2110	79	129
2111	82	129
2112	82	129
2113	83	129
2114	83	129
2115	84	129
2116	82	129
2117	82	129
2118	82	130
2119	81	130
2120	81	129
2121	81	130
2122	79	129
2123	79	129
2124	79	130
2125	79	129
2126	79	129
2127	80	129
2128	80	129
2129	81	130
2130	82	130
2131	81	129
2132	82	130
2133	82	130
2134	81	129
2135	81	129
2136	81	130
2137	80	129
2138	80	130
2139	79	129
2140	79	129
2141	78	129
2142	80	129
2143	79	129
2144	80	129
2145	81	130
2146	81	130
2147	81	130
2148	83	130
2149	82	129
2150	81	129
2151	81	130
2152	81	129
2153	80	130
2154	80	129
2155	80	130
2156	79	129
2157	79	129
2158	79	130
2159	79	129
2160	79	130
2161	81	130
2162	80	129
2163	81	130
2164	82	130
2165	82	129
2166	82	129
2167	83	129
2168	81	129
2169	81	129
2170	81	129
2171	80	129
2172	80	129
2173	80	129
2174	78	130
2175	78	129
2176	79	130
2177	79	130
2178	79	130
2179	81	129
2180	80	129
2181	80	130
2182	81	129
2183	81	129
2184	81	129
2185	81	129
2186	81	130
2187	80	129
2188	80	129
2189	80	129
2190	79	129
2191	79	129
2192	80	129
2193	79	130
2194	80	130
2195	80	129
2196	80	130
2197	81	130
2198	81	130
2199	80	130
2200	82	129
2201	81	129
2202	81	129
2203	81	129
2204	81	129
2205	79	129
2206	80	129
2207	80	130
2208	79	130
2209	80	129
2210	80	130
2211	81	130
2212	81	129
2213	80	129
2214	81	129
2215	82	130
2216	82	129
2217	82	129
2218	81	130
2219	82	129
2220	82	130
2221	81	129
2222	82	130
2223	81	129
2224	81	129
2225	82	129
2226	83	130
2227	83	130
2228	83	129
2229	83	130
2230	83	130
2231	82	130
2232	82	130
2233	81	129
2234	80	129
2235	79	129
2236	78	129
2237	76	129
2238	76	129
2239	77	129
2240	77	129
2241	78	129
2242	79	130
2243	81	129
2244	82	130
2245	83	129
2246	84	129
2247	84	129
2248	84	130
2249	84	129
2250	83	129
2251	82	129
2252	81	130
2253	80	129
2254	80	129
2255	79	129
2256	79	129
2257	79	130
2258	81	129
2259	81	130
2260	82	129
2261	82	130
2262	83	129
2263	83	129
2264	83	129
2265	82	130
2266	81	130
2267	81	130
2268	81	129
2269	82	130
2270	82	130
2271	82	130
2272	83	129
2273	83	130
2274	83	129
2275	83	130
2276	83	129
2277	82	129
2278	82	129
2279	82	129
2280	81	130
2281	81	129
2282	80	129
2283	80	129
2284	81	129
2285	81	129
2286	80	129
2287	79	129
2288	79	130
2289	80	129
2290	81	130
2291	81	130
2292	82	130
2293	82	129
2294	81	130
2295	82	129
2296	81	130
2297	79	130
2298	79	129
2299	79	129
2300	79	129
2301	81	129
2302	81	129
2303	81	129
2304	83	129
2305	84	129
2306	85	129
2307	86	129
2308	86	129
2309	87	130
2310	87	129
2311	88	130
2312	88	130
2313	88	130
2314	87	129
2315	86	129
2316	84	129
2317	81	129
2318	79	129
2319	77	130
2320	76	129
2321	76	130
2322	76	129
2323	76	129
2324	77	129
2325	78	130
2326	79	130
2327	81	129
2328	81	129
2329	82	129
2330	83	129
2331	83	129
2332	82	129
2333	82	129
2334	80	129
2335	80	129
2336	79	130
2337	79	129
2338	79	129
2339	79	129
2340	79	129
2341	80	129
2342	81	129
2343	82	129
2344	83	129
2345	84	129
2346	83	129
2347	84	129
2348	83	129
2349	82	129
2350	82	129
2351	81	129
2352	79	129
2353	80	129
2354	79	129
2355	79	129
2356	79	129
2357	80	129
2358	81	130
2359	82	129
2360	83	129
2361	85	129
2362	87	130
2363	88	129
2364	89	129
2365	80	129
2366	75	129
2367	74	129
2368	75	129
2369	76	129
2370	79	129
2371	84	129
2372	88	129
2373	92	129
2374	90	129
2375	81	129
2376	80	129
2377	80	129
2378	80	129
2379	81	129
2380	81	129
2381	81	129
2382	81	129
2383	80	129
2384	80	129
2385	80	129
2386	81	129
2387	80	129
2388	79	129
2389	78	130
2390	77	129
2391	78	129
2392	79	129
2393	80	129
2394	82	129
2395	83	130
2396	84	130
2397	84	129
2398	83	129
2399	82	129
2400	81	129
2401	79	129
2402	78	129
2403	77	129
2404	76	129
2405	76	130
2406	76	130
2407	77	130
2408	78	129
2409	80	129
2410	81	129
2411	83	130
2412	85	129
2413	86	130
2414	86	129
2415	85	129
2416	85	129
2417	83	129
2418	82	130
2419	81	129
2420	80	129
2421	80	129
2422	79	129
2423	79	130
2424	79	129
2425	79	130
2426	80	129
2427	80	129
2428	81	129
2429	81	130
2430	81	129
2431	81	129
2432	80	129
2433	81	130
2434	80	129
2435	80	129
2436	80	129
2437	80	129
2438	80	130
2439	80	129
2440	81	130
2441	82	129
2442	83	129
2443	84	129
2444	85	129
2445	85	130
2446	85	129
2447	85	129
2448	84	129
2449	83	129
2450	81	129
2451	80	130
2452	79	130
2453	78	129
2454	78	130
2455	78	129
2456	78	130
2457	78	130
2458	79	129
2459	80	129
2460	81	129
2461	82	130
2462	83	130
2463	83	129
2464	83	130
2465	82	130
2466	81	130
2467	81	129
2468	79	129
2469	79	129
2470	78	129
2471	78	129
2472	78	129
2473	79	130
2474	79	129
2475	80	129
2476	81	129
2477	82	130
2478	83	129
2479	82	129
2480	82	130
2481	81	129
2482	80	129
2483	80	129
2484	81	129
2485	81	130
2486	81	130
2487	82	129
2488	82	130
2489	82	129
2490	82	129
2491	81	129
2492	81	129
2493	81	129
2494	81	129
2495	80	129
2496	80	129
2497	80	130
2498	80	129
2499	80	129
2500	80	130
2501	81	130
2502	81	129
2503	81	129
2504	82	129
2505	82	129
2506	82	129
2507	82	130
2508	82	129
2509	81	129
2510	81	130
2511	80	130
2512	80	130
2513	79	129
2514	79	129
2515	79	129
2516	79	129
2517	79	129
2518	79	129
2519	80	130
2520	80	129
2521	81	130
2522	81	129
2523	82	129
2524	82	129
2525	82	129
2526	82	129
2527	81	129
2528	81	129
2529	81	129
2530	80	130
2531	80	129
2532	80	130
2533	80	129
2534	80	129
2535	80	129
2536	81	129
2537	81	129
2538	81	129
2539	81	129
2540	81	129
2541	81	129
2542	81	129
2543	81	129
2544	80	129
2545	80	129
2546	78	129
2547	78	129
2548	78	129
2549	79	129
2550	80	129
2551	81	129
2552	82	130
2553	83	130
2554	84	129
2555	85	129
2556	84	129
2557	83	129
2558	82	129
2559	81	129
2560	80	129
2561	79	129
2562	78	129
2563	78	129
2564	77	129
2565	78	129
2566	79	129
2567	80	129
2568	81	129
2569	82	129
2570	83	129
2571	84	130
2572	84	129
2573	84	130
2574	83	129
2575	82	129
2576	81	129
2577	80	129
2578	79	130
2579	79	129
2580	79	129
2581	79	130
2582	79	129
2583	80	129
2584	81	129
2585	81	129
2586	83	129
2587	83	129
2588	83	129
2589	84	129
2590	82	130
2591	81	129
2592	79	130
2593	76	130
2594	75	130
2595	76	129
2596	76	129
2597	78	129
2598	80	129
2599	82	129
2600	84	129
2601	86	129
2602	86	129
2603	87	129
2604	85	129
2605	83	129
2606	81	129
2607	80	129
2608	78	129
2609	77	130
2610	76	130
2611	76	129
2612	76	129
2613	77	130
2614	78	130
2615	80	129
2616	81	129
2617	83	129
2618	84	130
2619	85	129
2620	84	129
2621	84	129
2622	82	130
2623	81	129
2624	80	129
2625	79	130
2626	79	129
2627	78	129
2628	78	129
2629	79	129
2630	80	130
2631	81	129
2632	81	130
2633	82	130
2634	82	130
2635	82	129
2636	79	129
2637	77	130
2638	76	130
2639	77	129
2640	78	129
2641	80	129
2642	81	129
2643	83	129
2644	85	130
2645	85	129
2646	85	129
2647	85	129
2648	83	129
2649	81	129
2650	80	130
2651	78	129
2652	77	129
2653	77	129
2654	75	129
2655	76	129
2656	77	130
2657	78	129
2658	79	129
2659	81	129
2660	82	130
2661	84	129
2662	85	129
2663	84	129
2664	84	129
2665	83	129
2666	81	129
2667	80	129
2668	79	129
2669	77	129
2670	77	129
2671	77	129
2672	77	129
2673	78	129
2674	78	129
2675	80	130
2676	81	130
2677	83	129
2678	84	130
2679	85	129
2680	85	130
2681	84	130
2682	83	129
2683	82	129
2684	80	130
2685	79	129
2686	78	129
2687	77	129
2688	77	129
2689	77	129
2690	78	129
2691	78	129
2692	79	129
2693	80	130
2694	81	129
2695	82	129
2696	82	129
2697	83	129
2698	82	129
2699	81	129
2700	80	129
2701	79	129
2702	79	129
2703	79	129
2704	79	130
2705	80	129
2706	80	129
2707	81	129
2708	82	129
2709	83	129
2710	83	129
2711	84	129
2712	83	129
2713	83	130
2714	83	130
2715	82	129
2716	81	129
2717	82	129
2718	81	130
2719	81	129
2720	82	129
2721	82	130
2722	82	129
2723	82	129
2724	81	129
2725	81	129
2726	82	129
2727	81	130
2728	80	130
2729	79	130
2730	78	129
2731	78	129
2732	78	129
2733	77	129
2734	77	130
2735	78	130
2736	79	129
2737	81	129
2738	81	130
2739	82	130
2740	83	130
2741	85	129
2742	85	129
2743	85	129
2744	84	129
2745	83	130
2746	82	130
2747	82	129
2748	81	129
2749	81	130
2750	80	130
2751	80	129
2752	80	129
2753	81	130
2754	81	129
2755	82	129
2756	81	129
2757	82	130
2758	83	130
2759	83	129
2760	83	129
2761	82	129
2762	81	129
2763	81	129
2764	81	129
2765	81	129
2766	80	129
2767	80	129
2768	81	129
2769	82	129
2770	83	129
2771	83	129
2772	83	130
2773	83	129
2774	83	129
2775	83	129
2776	83	129
2777	82	129
2778	81	130
2779	80	129
2780	80	130
2781	80	130
2782	79	129
2783	80	130
2784	80	129
2785	80	129
2786	80	129
2787	80	129
2788	80	130
2789	80	129
2790	81	129
2791	81	129
2792	81	129
2793	80	130
2794	80	129
2795	81	129
2796	80	129
2797	80	129
2798	80	129
2799	81	129
2800	83	129
2801	84	129
2802	85	129
2803	87	129
2804	90	129
2805	92	130
2806	89	129
2807	85	129
2808	81	129
2809	78	129
2810	77	129
2811	78	129
2812	79	129
2813	80	129
2814	82	129
2815	83	129
2816	84	129
2817	85	129
2818	84	129
2819	82	129
2820	81	129
2821	80	129
2822	79	129
2823	78	129
2824	78	129
2825	77	129
2826	76	129
2827	77	129
2828	78	129
2829	80	129
2830	80	129
2831	81	129
2832	83	129
2833	83	130
2834	82	129
2835	82	129
2836	82	129
2837	81	129
2838	80	129
2839	80	129
2840	80	129
2841	81	129
2842	81	129
2843	81	130
2844	81	130
2845	82	129
2846	82	130
2847	81	129
2848	81	129
2849	81	129
2850	81	129
2851	81	129
2852	81	130
2853	81	129
2854	81	129
2855	81	129
2856	82	130
2857	82	130
2858	84	130
2859	86	130
2860	89	129
2861	89	129
2862	78	129
2863	75	130
2864	75	129
2865	75	130
2866	76	129
2867	79	129
2868	83	129
2869	88	129
2870	92	129
2871	95	129
2872	95	129
2873	91	129
2874	88	129
2875	83	129
2876	79	129
2877	77	129
2878	73	130
2879	72	129
2880	71	130
2881	71	130
2882	72	129
2883	75	129
2884	76	130
2885	79	130
2886	83	129
2887	86	130
2888	88	129
2889	87	129
2890	87	129
2891	85	130
2892	81	129
2893	78	129
2894	76	129
2895	74	130
2896	72	129
2897	72	129
2898	74	129
2899	75	130
2900	77	130
2901	81	129
2902	84	129
2903	88	129
2904	91	129
2905	93	130
2906	93	129
2907	90	130
2908	86	130
2909	83	130
2910	80	129
2911	77	129
2912	75	130
2913	74	130
2914	73	129
2915	74	130
2916	75	129
2917	76	129
2918	78	129
2919	81	130
2920	84	130
2921	87	129
2922	88	129
2923	86	129
2924	85	129
2925	84	129
2926	83	129
2927	81	129
2928	80	129
2929	80	129
2930	79	130
2931	78	130
2932	78	130
2933	79	130
2934	78	129
2935	80	130
2936	82	130
2937	83	130
2938	83	129
2939	84	129
2940	85	129
2941	84	129
2942	82	130
2943	81	129
2944	80	129
2945	79	130
2946	78	130
2947	79	130
2948	78	129
2949	79	129
2950	80	129
2951	81	130
2952	82	129
2953	83	129
2954	84	129
2955	85	130
2956	85	129
2957	84	129
2958	83	130
2959	81	130
2960	80	130
2961	79	130
2962	78	130
2963	77	129
2964	77	130
2965	79	130
2966	79	129
2967	79	129
2968	80	130
2969	82	130
2970	83	129
2971	83	130
2972	84	129
2973	84	130
2974	82	129
2975	81	129
2976	81	129
2977	79	129
2978	77	129
2979	78	130
2980	78	129
2981	77	129
2982	78	129
2983	79	129
2984	80	130
2985	81	129
2986	82	129
2987	84	130
2988	84	129
2989	84	129
2990	84	129
2991	84	130
2992	81	129
2993	81	129
2994	79	129
2995	79	129
2996	78	130
2997	78	130
2998	79	129
2999	79	130
3000	79	129
3001	81	129
3002	82	129
3003	82	129
3004	85	129
3005	86	129
3006	85	129
3007	85	129
3008	84	129
3009	82	129
3010	81	130
3011	79	129
3012	79	129
3013	77	130
3014	77	130
3015	77	129
3016	78	129
3017	77	129
3018	79	130
3019	81	129
3020	82	129
3021	83	129
3022	84	129
3023	85	129
3024	83	129
3025	83	130
3026	82	130
3027	81	129
3028	80	129
3029	78	129
3030	79	130
3031	79	130
3032	79	130
3033	79	130
3034	80	129
3035	80	130
3036	82	129
3037	82	130
3038	82	129
3039	83	129
3040	83	129
3041	82	129
3042	81	130
3043	81	130
3044	80	130
3045	80	129
3046	79	129
3047	79	129
3048	79	129
3049	79	129
3050	81	130
3051	81	129
3052	81	129
3053	82	129
3054	82	130
3055	83	130
3056	83	129
3057	82	129
3058	82	129
3059	81	130
3060	81	129
3061	81	130
3062	80	129
3063	79	130
3064	79	130
3065	79	130
3066	80	129
3067	81	130
3068	81	129
3069	81	129
3070	83	129
3071	83	129
3072	83	130
3073	83	129
3074	82	129
3075	83	129
3076	82	129
3077	81	129
3078	80	129
3079	80	129
3080	79	129
3081	79	129
3082	79	129
3083	78	130
3084	78	129
3085	79	129
3086	79	129
3087	81	129
3088	79	130
3089	81	129
3090	81	129
3091	81	129
3092	81	129
3093	81	129
3094	81	129
3095	80	129
3096	81	129
3097	81	130
3098	80	129
3099	81	129
3100	81	129
3101	83	129
3102	83	129
3103	84	129
3104	85	129
3105	84	129
3106	81	129
3107	74	129
3108	73	130
3109	73	130
3110	74	129
3111	76	130
3112	79	129
3113	82	129
3114	85	129
3115	89	129
3116	89	129
3117	89	129
3118	87	129
3119	83	129
3120	81	130
3121	78	129
3122	76	129
3123	75	130
3124	74	129
3125	74	129
3126	75	130
3127	77	129
3128	77	129
3129	80	129
3130	83	129
3131	85	129
3132	87	129
3133	87	129
3134	87	129
3135	85	129
3136	83	129
3137	81	129
3138	79	129
3139	76	129
3140	75	129
3141	76	129
3142	75	130
3143	76	129
3144	78	130
3145	79	129
3146	81	129
3147	82	129
3148	84	129
3149	86	129
3150	87	130
3151	86	129
3152	86	129
3153	83	129
3154	81	129
3155	79	129
3156	78	130
3157	76	129
3158	76	129
3159	76	130
3160	77	129
3161	78	130
3162	79	129
3163	80	129
3164	82	129
3165	83	130
3166	85	130
3167	85	129
3168	84	129
3169	83	129
3170	82	129
3171	80	130
3172	78	129
3173	77	130
3174	77	130
3175	77	129
3176	78	130
3177	77	130
3178	79	130
3179	79	130
3180	81	130
3181	82	129
3182	84	130
3183	84	129
3184	85	130
3185	84	129
3186	83	130
3187	81	129
3188	80	129
3189	78	130
3190	77	130
3191	77	130
3192	77	130
3193	77	129
3194	77	130
3195	78	129
3196	79	130
3197	80	130
3198	81	130
3199	82	130
3200	83	130
3201	83	129
3202	84	130
3203	83	130
3204	81	130
3205	80	129
3206	79	129
3207	78	130
3208	78	129
3209	78	130
3210	78	129
3211	79	129
3212	80	130
3213	80	129
3214	81	129
3215	81	129
3216	82	130
3217	83	129
3218	84	129
3219	83	130
3220	82	129
3221	81	130
3222	79	129
3223	79	129
3224	79	129
3225	78	129
3226	78	129
3227	79	129
3228	79	129
3229	79	130
3230	80	129
3231	81	129
3232	81	129
3233	82	130
3234	84	129
3235	84	129
3236	83	129
3237	82	129
3238	82	129
3239	81	130
3240	81	129
3241	81	129
3242	82	129
3243	82	130
3244	84	130
3245	84	129
3246	84	129
3247	84	129
3248	84	130
3249	84	129
3250	83	129
3251	81	129
3252	80	129
3253	79	129
3254	77	129
3255	76	129
3256	76	129
3257	76	129
3258	77	129
3259	78	129
3260	80	129
3261	81	130
3262	81	130
3263	83	130
3264	84	129
3265	85	129
3266	85	129
3267	85	129
3268	83	129
3269	81	130
3270	81	129
3271	80	129
3272	79	129
3273	80	129
3274	81	129
3275	82	129
3276	82	129
3277	82	129
3278	82	130
3279	82	129
3280	82	129
3281	83	129
3282	83	129
3283	82	129
3284	81	130
3285	81	129
3286	81	130
3287	80	129
3288	81	130
3289	81	130
3290	82	129
3291	83	129
3292	84	130
3293	83	130
3294	82	129
3295	82	129
3296	82	130
3297	82	130
3298	82	129
3299	81	129
3300	81	130
3301	80	130
3302	80	130
3303	80	129
3304	80	129
3305	80	129
3306	82	129
3307	81	129
3308	80	129
3309	79	129
3310	77	129
3311	77	129
3312	77	129
3313	78	129
3314	79	129
3315	81	129
3316	81	129
3317	82	129
3318	82	129
3319	81	129
3320	82	129
3321	84	129
3322	85	130
3323	88	129
3324	91	129
3325	93	130
3326	94	129
3327	93	129
3328	89	130
3329	84	130
3330	81	130
3331	77	129
3332	77	129
3333	75	130
3334	75	129
3335	76	129
3336	76	130
3337	77	130
3338	80	129
3339	81	130
3340	81	130
3341	82	130
3342	81	130
3343	80	130
3344	80	130
3345	79	130
3346	78	129
3347	78	130
3348	78	130
3349	79	130
3350	79	130
3351	79	130
3352	80	130
3353	81	130
3354	81	130
3355	83	129
3356	83	129
3357	82	129
3358	82	129
3359	81	129
3360	81	129
3361	81	129
3362	79	129
3363	79	129
3364	81	129
3365	81	129
3366	81	130
3367	82	129
3368	81	129
3369	81	130
3370	83	129
3371	83	129
3372	82	130
3373	82	130
3374	81	129
3375	82	129
3376	82	129
3377	81	129
3378	81	130
3379	81	130
3380	82	129
3381	84	129
3382	85	129
3383	85	129
3384	87	129
3385	89	130
3386	88	130
3387	76	129
3388	74	129
3389	73	129
3390	74	130
3391	76	129
3392	79	129
3393	83	129
3394	87	129
3395	93	129
3396	96	129
3397	95	129
3398	91	130
3399	87	130
3400	81	130
3401	77	130
3402	75	130
3403	72	129
3404	71	130
3405	71	129
3406	70	129
3407	72	130
3408	73	129
3409	75	130
3410	79	130
3411	83	129
3412	87	130
3413	91	129
3414	90	129
3415	87	130
3416	85	130
3417	81	130
3418	78	130
3419	76	129
3420	73	129
3421	72	130
3422	73	129
3423	73	130
3424	74	130
3425	76	130
3426	77	129
3427	82	129
3428	88	130
3429	91	130
3430	92	129
3431	93	129
3432	89	130
3433	86	129
3434	83	130
3435	80	129
3436	77	129
3437	76	130
3438	75	130
3439	75	130
3440	75	130
3441	75	130
3442	77	129
3443	80	130
3444	82	129
3445	86	129
3446	88	129
3447	88	129
3448	88	129
3449	87	129
3450	85	129
3451	84	129
3452	81	129
3453	78	129
3454	77	130
3455	77	130
3456	77	129
3457	77	130
3458	78	129
3459	79	129
3460	82	129
3461	84	130
3462	84	129
3463	85	129
3464	83	129
3465	84	129
3466	85	130
3467	84	130
3468	83	129
3469	81	129
3470	79	130
3471	77	129
3472	77	130
3473	76	130
3474	76	129
3475	76	129
3476	76	130
3477	78	129
3478	80	129
3479	80	129
3480	82	129
3481	84	129
3482	86	129
3483	87	130
3484	88	129
3485	85	129
3486	83	129
3487	81	129
3488	79	130
3489	78	130
3490	77	129
3491	75	129
3492	76	129
3493	77	129
3494	77	129
3495	79	129
3496	79	129
3497	80	129
3498	84	129
3499	84	129
3500	80	129
3501	78	129
3502	78	129
3503	78	129
3504	81	130
3505	82	130
3506	84	130
3507	85	129
3508	86	129
3509	86	129
3510	86	130
3511	82	129
3512	80	129
3513	78	129
3514	77	129
3515	77	129
3516	79	129
3517	77	129
3518	79	129
3519	81	130
3520	82	129
3521	84	129
3522	86	129
3523	84	130
3524	83	129
3525	82	129
3526	81	130
3527	80	130
3528	79	129
3529	77	130
3530	79	130
3531	79	130
3532	79	130
3533	79	129
3534	80	129
3535	79	129
3536	81	129
3537	81	129
3538	81	129
3539	82	130
3540	82	129
3541	81	129
3542	82	129
3543	80	129
3544	80	130
3545	80	130
3546	80	130
3547	81	129
3548	81	129
3549	80	130
3550	80	129
3551	81	129
3552	81	129
3553	82	129
3554	82	130
3555	81	129
3556	82	129
3557	82	129
3558	82	130
3559	81	129
3560	80	130
3561	79	130
3562	81	130
3563	80	129
3564	80	130
3565	81	129
3566	81	129
3567	80	129
3568	82	130
3569	81	130
3570	81	129
3571	81	129
3572	81	129
3573	82	130
3574	82	129
3575	80	130
3576	80	129
3577	80	130
3578	80	129
3579	81	129
3580	81	130
3581	80	129
3582	80	129
3583	81	130
3584	81	130
3585	81	129
3586	81	130
3587	80	129
3588	82	129
3589	81	129
3590	81	129
3591	81	129
3592	80	129
3593	79	130
3594	81	129
3595	80	129
3596	81	129
3597	81	130
3598	80	130
3599	81	129
3600	82	129
3601	81	130
3602	82	129
3603	82	130
3604	82	129
3605	83	130
3606	83	129
3607	81	130
3608	81	130
3609	80	130
3610	80	130
3611	81	130
3612	80	130
3613	79	129
3614	79	130
3615	79	129
3616	79	129
3617	79	129
3618	78	130
3619	79	130
3620	81	129
3621	80	130
3622	81	130
3623	81	130
3624	80	129
3625	81	130
3626	82	129
3627	81	129
3628	81	130
3629	81	130
3630	81	130
3631	83	129
3632	81	130
3633	80	130
3634	81	130
3635	81	129
3636	80	130
3637	82	130
3638	80	130
3639	79	130
3640	80	129
3641	79	129
3642	80	130
3643	81	129
3644	79	130
3645	80	130
3646	81	129
3647	81	129
3648	81	129
3649	81	130
3650	79	130
3651	80	129
3652	81	129
3653	80	129
3654	80	129
3655	80	129
3656	79	129
3657	81	129
3658	80	129
3659	80	130
3660	80	129
3661	80	130
3662	81	130
3663	83	130
3664	81	130
3665	80	129
3666	81	130
3667	81	130
3668	81	129
3669	82	129
3670	80	129
3671	80	130
3672	81	130
3673	80	129
3674	80	129
3675	80	129
3676	79	129
3677	80	129
3678	81	129
3679	80	129
3680	81	129
3681	80	129
3682	79	129
3683	80	129
3684	80	129
3685	80	130
3686	80	129
3687	80	129
3688	79	129
3689	81	130
3690	80	130
3691	80	129
3692	80	129
3693	80	129
3694	81	129
3695	83	129
3696	81	130
3697	80	130
3698	81	129
3699	80	129
3700	81	129
3701	81	129
3702	80	130
3703	80	130
3704	80	130
3705	80	129
3706	80	130
3707	80	129
3708	78	129
3709	80	130
3710	81	130
3711	80	129
3712	80	130
3713	80	129
3714	78	130
3715	81	129
3716	80	130
3717	80	130
3718	80	129
3719	80	129
3720	79	129
3721	81	130
3722	79	129
3723	80	130
3724	80	129
3725	81	129
3726	81	130
3727	83	130
3728	81	129
3729	81	130
3730	81	129
3731	81	130
3732	81	130
3733	83	130
3734	82	129
3735	83	130
3736	84	129
3737	85	130
3738	87	130
3739	88	130
3740	87	129
3741	88	129
3742	87	130
3743	84	130
3744	81	129
3745	79	130
3746	75	130
3747	76	129
3748	75	129
3749	75	129
3750	75	130
3751	77	129
3752	78	129
3753	81	129
3754	82	130
3755	84	129
3756	85	130
3757	86	129
3758	85	129
3759	87	130
3760	84	130
3761	83	130
3762	82	129
3763	82	130
3764	81	130
3765	82	130
3766	80	129
3767	80	130
3768	80	130
3769	80	130
3770	80	130
3771	80	129
3772	79	130
3773	80	129
3774	81	129
3775	81	129
3776	82	129
3777	82	129
3778	81	130
3779	83	129
3780	84	130
3781	84	130
3782	83	129
3783	83	130
3784	82	129
3785	82	129
3786	81	130
3787	80	129
3788	81	129
3789	81	129
3790	81	129
3791	83	129
3792	81	130
3793	81	129
3794	81	129
3795	81	129
3796	80	129
3797	81	130
3798	79	129
3799	79	129
3800	79	129
3801	79	129
3802	79	130
3803	80	129
3804	79	129
3805	82	129
3806	82	129
3807	81	129
3808	81	129
3809	81	130
3810	80	129
3811	81	130
3812	82	129
3813	83	129
3814	84	129
3815	86	129
3816	87	130
3817	91	129
3818	91	130
3819	92	129
3820	91	129
3821	87	129
3822	84	129
3823	82	129
3824	78	130
3825	77	129
3826	77	129
3827	77	129
3828	77	129
3829	78	130
3830	77	129
3831	79	130
3832	80	130
3833	79	129
3834	79	130
3835	78	129
3836	78	130
3837	80	130
3838	81	130
3839	81	129
3840	81	129
3841	80	129
3842	80	129
3843	80	129
3844	79	130
3845	79	130
3846	79	129
3847	79	130
3848	80	130
3849	81	129
3850	80	130
3851	81	130
3852	82	130
3853	83	129
3854	84	129
3855	84	129
3856	82	129
3857	83	129
3858	81	130
3859	81	129
3860	80	130
3861	78	129
3862	79	130
3863	81	129
3864	80	129
3865	81	130
3866	81	129
3867	80	129
3868	82	130
3869	83	130
3870	82	130
3871	82	129
3872	82	129
3873	81	129
3874	83	129
3875	81	129
3876	80	129
3877	80	130
3878	80	130
3879	80	130
3880	82	130
3881	80	129
3882	81	129
3883	83	130
3884	85	129
3885	88	129
3886	91	129
3887	77	129
3888	74	130
3889	73	129
3890	74	130
3891	77	130
3892	81	130
3893	85	129
3894	95	130
3895	99	129
3896	100	130
3897	96	129
3898	89	130
3899	83	129
3900	79	130
3901	73	129
3902	71	129
3903	70	130
3904	69	130
3905	69	130
3906	71	130
3907	69	130
3908	72	130
3909	76	130
3910	81	130
3911	86	130
3912	92	129
3913	92	129
3914	93	130
3915	89	130
3916	84	130
3917	80	130
3918	76	129
3919	72	130
3920	73	129
3921	71	129
3922	71	130
3923	73	129
3924	74	130
3925	77	129
3926	83	130
3927	87	129
3928	79	130
3929	78	129
3930	80	129
3931	83	129
3932	87	129
3933	87	130
3934	88	130
3935	88	129
3936	87	129
3937	85	130
3938	84	129
3939	81	130
3940	79	130
3941	79	129
3942	78	129
3943	77	130
3944	78	129
3945	77	129
3946	80	130
3947	80	130
3948	81	129
3949	82	130
3950	81	129
3951	82	129
3952	83	130
3953	83	129
3954	82	129
3955	82	129
3956	81	129
3957	81	130
3958	81	129
3959	80	129
3960	81	129
3961	81	130
3962	82	129
3963	83	129
3964	83	129
3965	82	129
3966	83	129
3967	83	130
3968	81	129
3969	82	130
3970	81	129
3971	78	130
3972	78	129
3973	78	130
3974	77	129
3975	78	129
3976	78	129
3977	78	129
3978	81	129
3979	82	129
3980	83	129
3981	84	129
3982	84	130
3983	83	129
3984	85	130
3985	83	130
3986	81	130
3987	79	130
3988	78	130
3989	77	129
3990	79	130
3991	79	130
3992	79	130
3993	77	129
3994	75	130
3995	76	130
3996	78	130
3997	78	130
3998	81	129
3999	84	130
4000	86	130
4001	88	129
4002	89	129
4003	86	129
4004	85	130
4005	82	130
4006	80	129
4007	78	129
4008	77	129
4009	75	129
4010	76	130
4011	76	129
4012	76	130
4013	78	129
4014	79	129
4015	80	130
4016	83	130
4017	84	130
4018	85	129
4019	85	129
4020	85	129
4021	82	129
4022	83	130
4023	80	129
4024	79	130
4025	78	129
4026	78	129
4027	78	130
4028	79	129
4029	78	130
4030	80	130
4031	82	129
4032	83	129
4033	85	130
4034	87	129
4035	85	129
4036	85	130
4037	84	130
4038	82	129
4039	81	129
4040	80	130
4041	78	129
4042	78	130
4043	77	129
4044	77	129
4045	78	129
4046	78	130
4047	78	129
4048	81	129
4049	82	130
4050	83	129
4051	84	130
4052	84	129
4053	82	129
4054	83	130
4055	81	129
4056	78	129
4057	76	129
4058	74	129
4059	74	130
4060	76	130
4061	76	129
4062	78	130
4063	81	129
4064	84	129
4065	87	129
4066	90	130
4067	88	130
4068	87	129
4069	85	129
4070	82	130
4071	80	130
4072	79	129
4073	76	129
4074	75	130
4075	75	130
4076	75	129
4077	76	130
4078	77	130
4079	78	129
4080	81	129
4081	84	130
4082	86	129
4083	87	129
4084	87	129
4085	85	129
4086	85	129
4087	83	129
4088	80	129
4089	78	129
4090	77	130
4091	75	129
4092	76	129
4093	75	129
4094	75	129
4095	77	130
