
TIME STEP:
125 = 0.2ms

VOLTAGE STEP:
CH1:  32 = 0.15V
CH2:  32 = 5V
GND	58	128
N	CH1	CH2

0	98	130
1	94	129
2	91	130
3	91	130
4	92	129
5	91	129
6	93	129
7	94	129
8	94	129
9	93	129
10	91	129
11	87	129
12	86	129
13	84	129
14	83	129
15	84	130
16	86	129
17	86	129
18	91	129
19	92	130
20	93	129
21	94	129
22	93	129
23	90	129
24	92	129
25	91	129
26	91	129
27	91	129
28	91	129
29	90	129
30	92	129
31	89	129
32	89	130
33	88	129
34	87	129
35	87	129
36	89	129
37	87	129
38	87	129
39	89	129
40	89	129
41	89	130
42	91	129
43	88	130
44	88	129
45	88	130
46	86	129
47	86	130
48	87	130
49	84	129
50	85	129
51	86	129
52	86	130
53	86	129
54	86	129
55	84	129
56	87	129
57	87	129
58	87	129
59	88	129
60	88	129
61	87	129
62	89	129
63	89	129
64	88	129
65	88	129
66	88	129
67	86	129
68	87	129
69	87	130
70	85	129
71	87	129
72	87	130
73	89	129
74	94	130
75	99	129
76	106	129
77	115	129
78	116	129
79	109	129
80	98	129
81	88	129
82	81	129
83	79	129
84	76	129
85	75	130
86	76	129
87	78	129
88	81	129
89	88	129
90	92	129
91	97	129
92	98	130
93	95	129
94	88	130
95	87	130
96	83	129
97	83	129
98	82	129
99	81	129
100	81	130
101	85	130
102	86	129
103	89	129
104	90	129
105	91	130
106	91	130
107	92	130
108	88	129
109	87	129
110	86	129
111	85	129
112	85	129
113	87	129
114	85	129
115	88	129
116	90	129
117	92	129
118	95	129
119	98	129
120	96	129
121	97	129
122	95	129
123	93	130
124	91	129
125	89	129
126	85	130
127	86	129
128	84	129
129	83	129
130	84	129
131	85	129
132	84	129
133	88	129
134	89	129
135	90	129
136	91	129
137	91	129
138	90	129
139	92	130
140	90	129
141	89	129
142	89	129
143	87	129
144	87	130
145	89	130
146	88	130
147	88	129
148	90	130
149	90	129
150	90	130
151	92	130
152	90	129
153	89	129
154	89	129
155	87	129
156	87	129
157	87	129
158	85	129
159	85	129
160	86	129
161	86	129
162	87	130
163	88	129
164	87	129
165	89	129
166	91	129
167	90	129
168	91	129
169	91	129
170	90	130
171	90	129
172	91	130
173	89	129
174	89	129
175	87	129
176	86	129
177	86	129
178	87	129
179	85	129
180	86	130
181	85	129
182	85	129
183	87	129
184	88	129
185	87	130
186	89	129
187	91	129
188	91	129
189	92	129
190	92	129
191	89	129
192	89	130
193	87	129
194	86	129
195	86	129
196	86	129
197	85	129
198	88	129
199	88	129
200	90	129
201	91	129
202	92	129
203	90	129
204	92	129
205	90	129
206	89	129
207	88	129
208	86	129
209	83	129
210	85	129
211	85	129
212	85	129
213	87	129
214	88	129
215	88	129
216	91	129
217	90	129
218	90	129
219	90	129
220	88	130
221	87	130
222	89	129
223	86	130
224	85	129
225	86	129
226	87	129
227	87	129
228	90	129
229	89	129
230	89	129
231	91	129
232	90	129
233	89	129
234	90	129
235	87	129
236	87	129
237	87	129
238	86	129
239	86	129
240	86	129
241	85	130
242	87	130
243	89	130
244	88	129
245	90	129
246	89	130
247	88	129
248	88	129
249	89	129
250	87	129
251	87	130
252	86	129
253	85	130
254	86	130
255	87	129
256	87	129
257	89	130
258	89	129
259	89	129
260	90	129
261	90	129
262	87	129
263	88	129
264	87	129
265	87	129
266	87	129
267	88	129
268	86	130
269	88	129
270	88	129
271	89	129
272	90	129
273	90	129
274	88	129
275	89	129
276	88	130
277	87	130
278	87	130
279	86	130
280	84	130
281	87	129
282	87	130
283	87	129
284	88	129
285	89	129
286	87	130
287	89	129
288	88	130
289	88	129
290	87	130
291	87	129
292	85	129
293	87	129
294	86	129
295	86	129
296	87	129
297	88	129
298	88	129
299	90	129
300	88	129
301	88	129
302	88	130
303	87	129
304	87	130
305	89	130
306	86	130
307	86	129
308	87	129
309	87	129
310	87	129
311	89	130
312	88	130
313	89	130
314	90	129
315	89	130
316	89	130
317	88	129
318	86	130
319	86	129
320	87	129
321	86	130
322	86	129
323	86	129
324	85	129
325	86	129
326	88	129
327	87	130
328	88	129
329	88	129
330	87	129
331	87	130
332	88	129
333	86	129
334	86	129
335	86	129
336	85	129
337	87	129
338	87	129
339	86	129
340	87	129
341	88	129
342	88	130
343	89	130
344	89	130
345	87	130
346	88	130
347	87	129
348	86	129
349	86	129
350	86	129
351	85	129
352	86	129
353	86	129
354	86	129
355	86	130
356	87	129
357	86	129
358	89	129
359	89	130
360	88	129
361	88	129
362	87	129
363	85	129
364	86	129
365	86	129
366	86	129
367	86	130
368	86	129
369	86	130
370	88	129
371	87	129
372	88	129
373	88	129
374	88	129
375	88	129
376	89	130
377	86	129
378	86	129
379	86	129
380	85	130
381	85	129
382	86	130
383	85	129
384	86	129
385	87	129
386	87	129
387	88	129
388	89	129
389	87	129
390	88	129
391	87	129
392	87	129
393	87	130
394	88	129
395	88	129
396	92	129
397	95	129
398	96	130
399	97	130
400	95	129
401	92	129
402	89	129
403	85	129
404	81	129
405	81	129
406	81	130
407	81	129
408	84	130
409	85	129
410	87	129
411	90	129
412	91	129
413	91	129
414	91	129
415	89	129
416	86	129
417	86	129
418	85	129
419	85	130
420	86	129
421	86	130
422	86	130
423	87	129
424	87	130
425	87	129
426	87	129
427	85	129
428	85	129
429	88	129
430	89	129
431	91	130
432	93	129
433	95	129
434	98	130
435	103	129
436	103	129
437	102	129
438	99	129
439	95	129
440	91	129
441	91	129
442	90	130
443	91	130
444	91	129
445	90	129
446	90	129
447	90	129
448	88	130
449	88	129
450	87	129
451	86	129
452	86	129
453	87	129
454	86	130
455	87	129
456	89	130
457	90	129
458	93	130
459	96	129
460	95	130
461	95	129
462	94	129
463	92	130
464	91	129
465	90	130
466	88	129
467	88	129
468	88	129
469	87	129
470	87	129
471	87	129
472	86	129
473	87	129
474	89	130
475	88	129
476	89	129
477	89	129
478	87	129
479	88	130
480	89	129
481	87	129
482	87	129
483	86	129
484	85	129
485	85	129
486	85	129
487	84	129
488	85	129
489	85	129
490	84	130
491	84	130
492	85	129
493	83	130
494	87	130
495	89	129
496	92	129
497	95	129
498	97	129
499	94	129
500	92	129
501	89	129
502	86	130
503	84	129
504	84	130
505	82	129
506	83	130
507	84	129
508	85	130
509	87	129
510	90	129
511	91	129
512	94	129
513	97	130
514	100	129
515	105	129
516	110	130
517	109	129
518	105	129
519	95	130
520	85	129
521	81	130
522	79	130
523	76	129
524	77	129
525	79	129
526	81	129
527	85	129
528	89	130
529	92	129
530	95	130
531	97	130
532	94	130
533	92	129
534	89	130
535	85	129
536	83	129
537	82	129
538	80	130
539	81	130
540	83	130
541	85	129
542	88	130
543	91	129
544	91	129
545	92	129
546	91	130
547	89	129
548	87	129
549	86	129
550	83	130
551	83	130
552	83	129
553	83	129
554	85	130
555	87	130
556	89	130
557	93	129
558	96	129
559	97	129
560	98	130
561	97	129
562	94	129
563	93	129
564	92	129
565	89	130
566	88	129
567	86	129
568	85	129
569	85	130
570	85	130
571	86	129
572	87	129
573	88	129
574	89	129
575	91	129
576	91	129
577	90	129
578	90	129
579	89	129
580	88	130
581	89	130
582	88	130
583	87	130
584	88	129
585	88	129
586	89	129
587	91	129
588	91	129
589	91	129
590	91	130
591	90	129
592	89	130
593	88	129
594	86	129
595	85	130
596	85	130
597	85	129
598	85	130
599	86	130
600	86	129
601	87	129
602	91	129
603	91	129
604	92	129
605	92	129
606	91	130
607	89	130
608	89	129
609	87	129
610	86	129
611	85	129
612	85	129
613	86	130
614	87	130
615	87	129
616	88	129
617	90	129
618	90	129
619	91	129
620	92	129
621	90	130
622	89	129
623	88	129
624	87	129
625	86	129
626	87	129
627	86	129
628	86	129
629	87	129
630	87	129
631	89	129
632	89	129
633	89	129
634	90	129
635	90	129
636	89	129
637	89	129
638	88	130
639	86	129
640	86	129
641	87	130
642	86	129
643	87	129
644	87	129
645	87	129
646	88	130
647	89	129
648	89	129
649	90	129
650	89	129
651	89	129
652	88	129
653	88	130
654	86	129
655	86	129
656	86	129
657	86	129
658	88	129
659	89	129
660	88	129
661	89	129
662	89	129
663	90	129
664	91	129
665	90	129
666	89	129
667	88	129
668	87	129
669	87	129
670	87	129
671	87	129
672	87	130
673	87	129
674	88	129
675	88	129
676	89	129
677	89	129
678	88	130
679	89	129
680	89	129
681	88	129
682	88	129
683	87	130
684	86	129
685	86	129
686	87	129
687	87	129
688	87	130
689	87	130
690	87	129
691	88	129
692	88	129
693	89	129
694	89	130
695	89	130
696	88	129
697	88	129
698	88	129
699	87	130
700	86	129
701	86	130
702	86	129
703	87	129
704	87	129
705	87	129
706	88	129
707	89	130
708	89	129
709	89	129
710	89	129
711	88	130
712	87	129
713	87	129
714	87	129
715	87	129
716	87	129
717	87	129
718	87	129
719	87	129
720	88	129
721	88	129
722	88	130
723	89	129
724	89	129
725	88	129
726	88	129
727	88	130
728	87	129
729	86	129
730	86	129
731	87	129
732	87	129
733	87	129
734	87	129
735	87	129
736	87	129
737	87	129
738	88	129
739	87	129
740	87	129
741	87	129
742	87	129
743	87	129
744	87	129
745	87	130
746	87	129
747	87	129
748	88	129
749	88	129
750	87	129
751	87	129
752	88	129
753	87	129
754	88	129
755	88	129
756	88	129
757	87	129
758	87	129
759	87	129
760	87	129
761	86	129
762	87	129
763	87	129
764	87	129
765	87	129
766	87	129
767	86	129
768	87	129
769	87	129
770	87	129
771	87	130
772	87	129
773	86	129
774	86	129
775	86	129
776	87	129
777	87	129
778	87	130
779	87	129
780	87	129
781	87	130
782	87	129
783	88	129
784	88	129
785	87	129
786	86	129
787	87	129
788	86	129
789	87	130
790	86	129
791	86	129
792	87	129
793	87	130
794	87	130
795	87	129
796	88	129
797	87	129
798	87	129
799	87	129
800	87	129
801	87	129
802	87	129
803	86	129
804	86	129
805	86	130
806	87	129
807	86	129
808	87	129
809	86	130
810	87	129
811	87	130
812	87	129
813	87	129
814	87	129
815	86	129
816	86	129
817	87	129
818	87	129
819	89	129
820	88	129
821	89	129
822	89	130
823	90	129
824	91	130
825	93	130
826	93	130
827	94	130
828	92	129
829	91	130
830	89	130
831	87	129
832	85	130
833	85	129
834	84	129
835	84	129
836	85	129
837	86	129
838	88	129
839	88	129
840	89	130
841	87	129
842	87	129
843	86	129
844	85	130
845	85	129
846	87	129
847	87	129
848	87	130
849	87	129
850	86	129
851	85	129
852	86	129
853	85	130
854	85	129
855	86	129
856	86	129
857	87	129
858	88	129
859	88	129
860	91	130
861	95	129
862	99	129
863	103	130
864	106	129
865	104	129
866	101	129
867	97	129
868	93	129
869	91	129
870	91	130
871	89	129
872	90	130
873	90	129
874	90	129
875	91	129
876	90	129
877	89	130
878	88	129
879	86	129
880	85	129
881	85	130
882	86	129
883	87	130
884	90	129
885	93	129
886	94	129
887	95	129
888	95	130
889	93	129
890	91	130
891	91	129
892	88	129
893	88	129
894	87	129
895	87	129
896	87	129
897	89	129
898	89	129
899	90	129
900	90	129
901	90	129
902	89	129
903	89	129
904	87	129
905	86	129
906	86	130
907	85	129
908	85	129
909	86	129
910	84	129
911	84	129
912	86	129
913	84	130
914	83	129
915	84	129
916	85	129
917	86	129
918	90	129
919	90	129
920	90	129
921	91	129
922	91	129
923	89	129
924	88	129
925	86	129
926	86	130
927	86	129
928	87	129
929	86	129
930	88	129
931	89	129
932	90	129
933	91	129
934	92	129
935	90	129
936	91	129
937	90	129
938	88	129
939	87	129
940	88	129
941	88	129
942	92	129
943	98	129
944	104	129
945	111	129
946	111	129
947	102	129
948	93	129
949	85	129
950	79	129
951	76	129
952	75	129
953	74	129
954	76	129
955	80	129
956	84	129
957	91	129
958	98	129
959	103	129
960	102	129
961	99	129
962	91	129
963	83	130
964	79	129
965	77	129
966	76	129
967	78	129
968	80	129
969	82	129
970	87	129
971	92	129
972	96	129
973	98	129
974	97	129
975	93	130
976	89	130
977	86	129
978	83	130
979	81	129
980	81	129
981	81	130
982	82	129
983	86	130
984	89	130
985	94	129
986	97	129
987	100	130
988	101	129
989	99	130
990	95	129
991	92	129
992	89	129
993	87	129
994	84	129
995	84	129
996	84	130
997	85	130
998	86	129
999	89	129
1000	89	129
1001	91	130
1002	92	129
1003	92	129
1004	91	130
1005	89	129
1006	87	129
1007	84	130
1008	83	129
1009	84	129
1010	86	129
1011	88	129
1012	89	130
1013	92	129
1014	94	129
1015	95	130
1016	94	129
1017	92	130
1018	90	129
1019	86	129
1020	85	129
1021	85	129
1022	83	129
1023	84	129
1024	84	129
1025	87	129
1026	87	130
1027	89	129
1028	90	129
1029	91	129
1030	91	130
1031	90	129
1032	90	129
1033	89	129
1034	87	130
1035	86	129
1036	85	129
1037	85	129
1038	85	129
1039	86	129
1040	88	129
1041	89	129
1042	91	130
1043	91	129
1044	93	129
1045	92	129
1046	91	129
1047	89	129
1048	88	129
1049	87	129
1050	86	129
1051	84	129
1052	85	129
1053	85	129
1054	87	129
1055	88	129
1056	89	129
1057	90	129
1058	91	129
1059	91	129
1060	91	129
1061	90	129
1062	89	129
1063	87	129
1064	87	129
1065	86	130
1066	85	129
1067	85	129
1068	87	129
1069	87	129
1070	89	129
1071	89	129
1072	90	129
1073	91	129
1074	91	129
1075	90	129
1076	89	129
1077	87	129
1078	86	130
1079	86	129
1080	85	129
1081	85	129
1082	85	129
1083	86	129
1084	87	129
1085	88	129
1086	89	129
1087	90	129
1088	90	129
1089	90	129
1090	90	129
1091	89	129
1092	88	129
1093	87	130
1094	87	130
1095	87	130
1096	87	129
1097	87	129
1098	88	130
1099	88	129
1100	89	130
1101	89	129
1102	90	129
1103	89	129
1104	89	129
1105	88	129
1106	87	129
1107	87	129
1108	86	129
1109	86	129
1110	86	129
1111	87	129
1112	87	129
1113	88	129
1114	88	129
1115	88	130
1116	89	130
1117	89	130
1118	89	129
1119	88	129
1120	88	130
1121	87	129
1122	87	129
1123	86	129
1124	86	130
1125	86	130
1126	87	129
1127	87	129
1128	87	129
1129	87	130
1130	88	129
1131	89	130
1132	89	129
1133	89	129
1134	89	130
1135	88	129
1136	87	129
1137	87	130
1138	87	129
1139	87	130
1140	87	130
1141	86	129
1142	87	130
1143	88	130
1144	88	130
1145	88	130
1146	88	129
1147	88	130
1148	88	130
1149	88	129
1150	88	129
1151	87	130
1152	87	129
1153	87	129
1154	87	130
1155	87	130
1156	87	130
1157	87	129
1158	87	130
1159	88	130
1160	88	129
1161	88	129
1162	88	129
1163	88	130
1164	87	130
1165	87	130
1166	88	130
1167	87	129
1168	88	129
1169	87	129
1170	87	129
1171	87	129
1172	87	129
1173	87	129
1174	87	129
1175	87	129
1176	87	130
1177	87	130
1178	88	129
1179	87	129
1180	87	129
1181	87	129
1182	87	129
1183	87	130
1184	87	130
1185	87	130
1186	87	129
1187	87	129
1188	87	129
1189	87	129
1190	87	129
1191	87	129
1192	87	130
1193	87	129
1194	87	129
1195	87	129
1196	86	129
1197	87	129
1198	87	129
1199	86	130
1200	87	129
1201	87	129
1202	87	129
1203	87	129
1204	87	129
1205	87	129
1206	87	129
1207	87	129
1208	87	129
1209	87	129
1210	87	129
1211	86	129
1212	87	129
1213	87	129
1214	87	129
1215	87	130
1216	87	129
1217	87	129
1218	87	129
1219	88	129
1220	87	129
1221	88	130
1222	88	129
1223	87	129
1224	87	130
1225	86	129
1226	86	129
1227	86	129
1228	85	129
1229	85	129
1230	86	129
1231	86	129
1232	86	129
1233	86	130
1234	87	129
1235	87	129
1236	87	129
1237	87	129
1238	87	130
1239	87	130
1240	87	130
1241	87	129
1242	87	129
1243	87	129
1244	87	130
1245	87	129
1246	88	129
1247	89	130
1248	90	129
1249	92	130
1250	94	130
1251	95	129
1252	95	129
1253	88	129
1254	84	130
1255	83	130
1256	84	129
1257	85	129
1258	86	129
1259	88	129
1260	89	129
1261	89	129
1262	90	129
1263	89	129
1264	88	130
1265	86	129
1266	85	130
1267	85	129
1268	85	130
1269	85	129
1270	87	129
1271	87	129
1272	88	129
1273	87	129
1274	86	129
1275	85	129
1276	84	129
1277	84	130
1278	85	130
1279	86	129
1280	87	129
1281	87	129
1282	88	129
1283	88	129
1284	89	129
1285	90	129
1286	93	129
1287	96	130
1288	100	129
1289	103	129
1290	104	129
1291	101	130
1292	97	129
1293	93	129
1294	91	129
1295	90	129
1296	91	129
1297	93	129
1298	94	129
1299	95	129
1300	94	129
1301	91	129
1302	89	129
1303	86	130
1304	84	130
1305	84	130
1306	84	129
1307	86	129
1308	89	129
1309	92	129
1310	95	129
1311	96	129
1312	96	129
1313	95	129
1314	92	129
1315	90	129
1316	88	129
1317	86	129
1318	85	129
1319	85	129
1320	85	129
1321	86	129
1322	88	129
1323	90	129
1324	91	129
1325	92	129
1326	92	129
1327	91	129
1328	90	129
1329	88	129
1330	86	129
1331	85	129
1332	84	129
1333	84	130
1334	84	129
1335	84	129
1336	85	129
1337	86	129
1338	87	129
1339	87	130
1340	87	130
1341	87	129
1342	86	129
1343	86	129
1344	86	129
1345	86	129
1346	86	130
1347	86	129
1348	86	130
1349	86	130
1350	87	130
1351	87	129
1352	88	129
1353	88	130
1354	89	129
1355	89	129
1356	90	130
1357	90	129
1358	90	129
1359	89	129
1360	89	130
1361	88	129
1362	88	130
1363	87	129
1364	88	129
1365	89	130
1366	90	129
1367	93	129
1368	97	129
1369	103	129
1370	109	129
1371	110	129
1372	105	129
1373	95	129
1374	87	129
1375	81	130
1376	78	130
1377	76	129
1378	76	129
1379	77	129
1380	80	129
1381	84	129
1382	90	130
1383	95	129
1384	99	130
1385	100	130
1386	97	129
1387	92	129
1388	88	130
1389	84	130
1390	82	129
1391	81	129
1392	81	129
1393	82	130
1394	84	129
1395	86	129
1396	89	129
1397	92	130
1398	94	130
1399	94	130
1400	93	129
1401	90	129
1402	88	130
1403	85	129
1404	84	130
1405	83	130
1406	82	130
1407	83	129
1408	84	130
1409	87	130
1410	89	129
1411	92	129
1412	95	129
1413	97	130
1414	98	130
1415	97	130
1416	95	130
1417	92	129
1418	89	129
1419	87	130
1420	85	129
1421	84	130
1422	83	129
1423	83	129
1424	84	129
1425	85	130
1426	86	129
1427	88	129
1428	90	129
1429	93	129
1430	94	129
1431	94	130
1432	93	129
1433	91	129
1434	89	130
1435	87	129
1436	86	129
1437	85	130
1438	85	129
1439	86	130
1440	88	129
1441	89	129
1442	91	129
1443	92	130
1444	93	129
1445	92	130
1446	91	130
1447	90	129
1448	88	129
1449	86	129
1450	85	129
1451	84	129
1452	84	129
1453	84	130
1454	85	129
1455	87	129
1456	89	129
1457	90	130
1458	91	130
1459	92	129
1460	91	129
1461	91	129
1462	90	129
1463	89	129
1464	87	129
1465	87	129
1466	86	129
1467	86	129
1468	86	129
1469	87	129
1470	88	129
1471	89	129
1472	90	129
1473	91	129
1474	91	129
1475	90	129
1476	90	130
1477	89	129
1478	88	129
1479	87	130
1480	87	130
1481	86	129
1482	86	129
1483	86	130
1484	87	129
1485	88	129
1486	89	130
1487	89	129
1488	90	129
1489	90	129
1490	89	129
1491	89	129
1492	88	130
1493	87	129
1494	87	130
1495	86	129
1496	86	130
1497	87	129
1498	87	130
1499	87	130
1500	89	129
1501	89	129
1502	89	129
1503	90	130
1504	89	129
1505	89	129
1506	89	129
1507	87	129
1508	87	129
1509	86	129
1510	86	129
1511	86	130
1512	87	129
1513	86	129
1514	88	129
1515	89	129
1516	89	129
1517	89	129
1518	90	129
1519	89	129
1520	89	129
1521	89	129
1522	88	129
1523	87	129
1524	86	130
1525	86	129
1526	87	129
1527	87	129
1528	87	129
1529	88	129
1530	89	129
1531	89	130
1532	90	130
1533	90	129
1534	90	129
1535	89	130
1536	89	129
1537	88	129
1538	87	129
1539	86	130
1540	86	130
1541	86	130
1542	86	130
1543	87	129
1544	88	130
1545	88	129
1546	89	129
1547	89	129
1548	89	129
1549	89	129
1550	88	129
1551	87	130
1552	87	129
1553	87	129
1554	86	129
1555	86	129
1556	86	129
1557	86	129
1558	87	130
1559	88	129
1560	88	129
1561	89	130
1562	89	129
1563	89	129
1564	89	130
1565	88	129
1566	87	129
1567	86	129
1568	86	129
1569	87	129
1570	87	129
1571	87	129
1572	87	129
1573	87	129
1574	88	129
1575	88	129
1576	89	129
1577	89	129
1578	89	130
1579	88	130
1580	88	129
1581	88	129
1582	87	129
1583	87	129
1584	88	129
1585	87	129
1586	87	130
1587	87	130
1588	87	130
1589	87	129
1590	87	129
1591	87	130
1592	87	129
1593	87	130
1594	87	129
1595	88	129
1596	87	129
1597	87	130
1598	87	130
1599	87	130
1600	87	130
1601	88	129
1602	87	129
1603	87	130
1604	87	129
1605	87	129
1606	87	129
1607	86	130
1608	87	129
1609	87	130
1610	88	130
1611	88	129
1612	88	130
1613	88	129
1614	86	129
1615	87	130
1616	87	130
1617	86	130
1618	86	129
1619	86	129
1620	85	129
1621	86	129
1622	86	130
1623	87	129
1624	87	129
1625	87	129
1626	88	129
1627	89	129
1628	89	129
1629	88	129
1630	88	129
1631	88	129
1632	88	129
1633	88	129
1634	87	129
1635	86	129
1636	86	130
1637	86	130
1638	86	129
1639	86	129
1640	87	130
1641	87	130
1642	87	130
1643	87	129
1644	87	130
1645	88	129
1646	87	129
1647	87	129
1648	88	129
1649	88	129
1650	87	129
1651	87	129
1652	86	129
1653	86	130
1654	87	129
1655	86	129
1656	87	129
1657	87	130
1658	88	130
1659	88	129
1660	87	129
1661	87	129
1662	87	129
1663	87	130
1664	86	130
1665	85	129
1666	86	129
1667	86	129
1668	85	130
1669	86	130
1670	86	129
1671	87	129
1672	87	129
1673	87	129
1674	87	129
1675	87	129
1676	88	130
1677	90	130
1678	90	130
1679	92	129
1680	94	129
1681	96	129
1682	96	130
1683	96	130
1684	95	129
1685	89	129
1686	83	130
1687	82	130
1688	82	129
1689	82	129
1690	83	129
1691	85	129
1692	87	130
1693	89	129
1694	89	130
1695	89	129
1696	87	129
1697	86	129
1698	86	130
1699	84	129
1700	84	129
1701	84	130
1702	84	129
1703	85	129
1704	86	129
1705	87	129
1706	87	129
1707	87	129
1708	88	129
1709	87	129
1710	85	129
1711	85	129
1712	87	130
1713	88	129
1714	91	129
1715	94	129
1716	99	129
1717	102	129
1718	105	129
1719	105	129
1720	103	130
1721	97	129
1722	93	129
1723	89	130
1724	87	130
1725	87	129
1726	88	129
1727	90	129
1728	93	129
1729	94	129
1730	94	129
1731	93	130
1732	91	129
1733	88	129
1734	85	129
1735	85	129
1736	85	130
1737	86	129
1738	87	130
1739	90	129
1740	92	130
1741	92	129
1742	93	130
1743	94	130
1744	92	130
1745	90	129
1746	89	130
1747	88	130
1748	86	129
1749	85	129
1750	86	130
1751	86	129
1752	86	129
1753	87	129
1754	89	129
1755	89	129
1756	89	129
1757	90	130
1758	89	129
1759	88	129
1760	86	129
1761	87	129
1762	87	129
1763	86	129
1764	86	129
1765	83	129
1766	78	129
1767	78	130
1768	82	129
1769	86	129
1770	90	129
1771	95	129
1772	99	129
1773	96	129
1774	89	129
1775	86	129
1776	84	129
1777	82	129
1778	81	130
1779	82	129
1780	83	129
1781	85	129
1782	88	129
1783	91	129
1784	92	129
1785	92	129
1786	94	129
1787	93	129
1788	90	129
1789	87	129
1790	86	129
1791	84	129
1792	83	129
1793	84	129
1794	89	129
1795	94	129
1796	103	129
1797	114	129
1798	121	130
1799	114	129
1800	103	130
1801	91	129
1802	83	130
1803	78	130
1804	75	129
1805	75	129
1806	74	129
1807	75	129
1808	78	130
1809	83	130
1810	89	129
1811	94	129
1812	100	130
1813	101	129
1814	95	129
1815	87	130
1816	84	130
1817	82	129
1818	80	129
1819	81	129
1820	83	129
1821	83	129
1822	86	130
1823	89	130
1824	91	130
1825	91	129
1826	93	129
1827	92	130
1828	90	130
1829	88	129
1830	86	129
1831	86	130
1832	84	129
1833	85	130
1834	86	129
1835	87	129
1836	88	130
1837	92	129
1838	95	130
1839	96	129
1840	97	129
1841	96	129
1842	95	130
1843	90	129
1844	90	129
1845	87	130
1846	85	129
1847	83	129
1848	83	129
1849	84	129
1850	84	129
1851	87	129
1852	89	129
1853	91	129
1854	92	129
1855	93	129
1856	92	129
1857	92	129
1858	90	129
1859	87	129
1860	87	129
1861	86	129
1862	85	129
1863	86	129
1864	87	130
1865	89	130
1866	89	129
1867	91	130
1868	92	130
1869	93	129
1870	91	130
1871	91	130
1872	89	129
1873	87	129
1874	86	130
1875	84	129
1876	85	129
1877	83	129
1878	84	129
1879	84	130
1880	86	129
1881	87	130
1882	89	129
1883	91	130
1884	91	129
1885	91	129
1886	91	130
1887	88	129
1888	88	129
1889	88	129
1890	86	130
1891	87	129
1892	88	130
1893	88	129
1894	91	129
1895	90	130
1896	92	129
1897	91	129
1898	91	129
1899	90	129
1900	89	129
1901	87	129
1902	86	129
1903	86	129
1904	86	129
1905	85	130
1906	86	129
1907	86	129
1908	88	129
1909	89	129
1910	90	129
1911	90	129
1912	90	129
1913	89	129
1914	90	129
1915	89	129
1916	87	129
1917	87	129
1918	86	129
1919	86	129
1920	87	129
1921	87	129
1922	88	129
1923	88	129
1924	89	129
1925	89	129
1926	90	129
1927	89	129
1928	89	129
1929	88	129
1930	88	130
1931	87	130
1932	86	129
1933	86	129
1934	87	130
1935	86	130
1936	87	129
1937	88	129
1938	89	129
1939	89	129
1940	90	130
1941	90	129
1942	90	130
1943	89	129
1944	88	130
1945	89	129
1946	87	129
1947	86	130
1948	87	129
1949	86	129
1950	87	129
1951	87	129
1952	88	129
1953	89	129
1954	89	129
1955	89	129
1956	89	129
1957	89	129
1958	88	129
1959	89	129
1960	87	129
1961	87	129
1962	86	130
1963	86	130
1964	86	129
1965	86	129
1966	87	129
1967	88	129
1968	89	130
1969	89	129
1970	89	130
1971	90	130
1972	89	129
1973	88	129
1974	88	130
1975	87	129
1976	87	129
1977	87	130
1978	87	129
1979	87	129
1980	86	129
1981	87	129
1982	87	129
1983	88	129
1984	88	129
1985	89	129
1986	89	129
1987	89	129
1988	89	129
1989	88	129
1990	87	130
1991	87	130
1992	87	129
1993	87	129
1994	86	129
1995	87	129
1996	86	129
1997	87	129
1998	87	129
1999	88	130
2000	88	129
2001	88	129
2002	88	129
2003	89	130
2004	88	129
2005	87	129
2006	87	129
2007	87	129
2008	86	129
2009	87	129
2010	88	129
2011	88	129
2012	87	130
2013	89	129
2014	89	130
2015	88	129
2016	88	130
2017	87	130
2018	87	130
2019	87	129
2020	86	129
2021	86	129
2022	84	130
2023	84	129
2024	85	129
2025	86	130
2026	86	129
2027	88	129
2028	89	129
2029	90	129
2030	90	130
2031	90	129
2032	89	129
2033	88	129
2034	87	129
2035	86	129
2036	85	129
2037	84	129
2038	84	129
2039	85	129
2040	86	129
2041	87	129
2042	88	129
2043	89	129
2044	90	129
2045	90	129
2046	89	129
2047	87	129
2048	86	129
2049	86	129
2050	86	129
2051	85	129
2052	84	129
2053	84	129
2054	84	129
2055	85	129
2056	87	129
2057	88	129
2058	89	129
2059	90	129
2060	90	129
2061	89	129
2062	88	130
2063	87	129
2064	86	130
2065	86	129
2066	86	129
2067	86	129
2068	86	130
2069	85	129
2070	86	130
2071	87	129
2072	88	129
2073	88	129
2074	88	129
2075	89	129
2076	88	130
2077	87	129
2078	86	129
2079	85	129
2080	84	129
2081	84	129
2082	85	129
2083	85	130
2084	85	129
2085	86	129
2086	87	129
2087	87	129
2088	88	130
2089	88	129
2090	88	130
2091	88	129
2092	89	129
2093	89	129
2094	88	129
2095	88	129
2096	89	129
2097	91	129
2098	93	129
2099	95	130
2100	95	129
2101	94	130
2102	93	129
2103	91	129
2104	89	130
2105	86	129
2106	84	130
2107	83	130
2108	83	130
2109	82	129
2110	83	129
2111	83	129
2112	84	130
2113	86	129
2114	88	129
2115	89	129
2116	89	129
2117	87	129
2118	86	130
2119	86	129
2120	85	130
2121	85	130
2122	85	129
2123	85	130
2124	86	129
2125	87	129
2126	87	129
2127	87	129
2128	88	129
2129	89	130
2130	89	129
2131	88	129
2132	88	129
2133	91	129
2134	94	129
2135	100	129
2136	105	130
2137	105	129
2138	103	129
2139	99	129
2140	93	129
2141	89	129
2142	86	129
2143	85	130
2144	86	130
2145	89	129
2146	92	130
2147	94	129
2148	93	129
2149	91	129
2150	90	130
2151	87	129
2152	84	129
2153	85	129
2154	85	130
2155	87	129
2156	91	129
2157	93	130
2158	95	129
2159	97	129
2160	97	129
2161	97	130
2162	95	130
2163	91	129
2164	89	129
2165	88	129
2166	86	129
2167	85	129
2168	85	129
2169	84	130
2170	86	129
2171	88	130
2172	89	129
2173	90	129
2174	90	129
2175	82	129
2176	79	130
2177	79	129
2178	81	129
2179	85	129
2180	89	129
2181	93	129
2182	98	129
2183	98	129
2184	95	130
2185	91	129
2186	87	129
2187	83	129
2188	81	130
2189	79	130
2190	79	129
2191	80	130
2192	82	129
2193	85	129
2194	89	129
2195	92	129
2196	96	129
2197	97	129
2198	95	130
2199	93	129
2200	89	129
2201	84	129
2202	83	129
2203	82	129
2204	81	129
2205	81	129
2206	83	129
2207	85	129
2208	90	130
2209	93	129
2210	95	129
2211	98	130
2212	100	129
2213	101	129
2214	105	130
2215	106	129
2216	104	129
2217	101	130
2218	95	129
2219	89	129
2220	85	129
2221	80	129
2222	79	129
2223	78	130
2224	79	130
2225	81	130
2226	84	129
2227	87	130
2228	92	130
2229	96	129
2230	96	129
2231	95	129
2232	91	130
2233	85	130
2234	83	129
2235	80	130
2236	78	129
2237	78	130
2238	79	130
2239	81	129
2240	85	129
2241	89	130
2242	92	129
2243	95	129
2244	96	130
2245	95	129
2246	93	129
2247	89	129
2248	85	130
2249	83	129
2250	82	129
2251	82	129
2252	83	129
2253	85	130
2254	86	129
2255	89	130
2256	92	129
2257	95	130
2258	97	129
2259	96	129
2260	94	130
2261	93	129
2262	91	129
2263	89	129
2264	88	129
2265	86	130
2266	87	129
2267	89	130
2268	89	130
2269	90	129
2270	90	129
2271	89	129
2272	89	129
2273	89	130
2274	89	129
2275	87	130
2276	86	130
2277	85	130
2278	85	129
2279	85	129
2280	84	129
2281	85	129
2282	87	129
2283	89	129
2284	92	129
2285	93	129
2286	92	129
2287	93	129
2288	93	129
2289	91	129
2290	91	129
2291	89	129
2292	87	129
2293	87	129
2294	86	129
2295	86	129
2296	86	129
2297	86	130
2298	86	129
2299	89	129
2300	89	130
2301	89	130
2302	89	129
2303	88	129
2304	87	129
2305	88	130
2306	88	129
2307	87	129
2308	87	130
2309	86	129
2310	87	129
2311	88	129
2312	87	129
2313	88	129
2314	89	129
2315	89	129
2316	90	129
2317	91	129
2318	89	129
2319	89	129
2320	88	130
2321	88	130
2322	88	129
2323	88	129
2324	87	129
2325	87	130
2326	88	130
2327	88	129
2328	89	129
2329	88	130
2330	88	130
2331	89	130
2332	89	129
2333	89	129
2334	88	129
2335	87	129
2336	86	129
2337	88	129
2338	88	130
2339	88	130
2340	88	130
2341	88	129
2342	89	129
2343	90	129
2344	89	130
2345	89	129
2346	89	130
2347	88	130
2348	89	130
2349	89	130
2350	86	129
2351	87	129
2352	87	129
2353	87	129
2354	88	129
2355	89	130
2356	89	129
2357	89	129
2358	89	130
2359	89	129
2360	89	129
2361	88	129
2362	87	130
2363	88	130
2364	87	130
2365	87	130
2366	87	130
2367	86	129
2368	86	130
2369	88	130
2370	88	129
2371	89	129
2372	89	129
2373	88	129
2374	89	130
2375	89	129
2376	87	129
2377	87	129
2378	87	129
2379	86	129
2380	87	129
2381	88	129
2382	86	130
2383	87	130
2384	88	129
2385	89	129
2386	90	129
2387	90	129
2388	89	129
2389	90	129
2390	89	130
2391	88	129
2392	87	129
2393	85	129
2394	85	130
2395	87	130
2396	87	129
2397	88	129
2398	89	129
2399	88	129
2400	89	130
2401	90	130
2402	89	130
2403	89	129
2404	88	130
2405	87	130
2406	88	130
2407	87	130
2408	85	129
2409	86	129
2410	87	129
2411	87	130
2412	89	129
2413	89	129
2414	88	130
2415	89	129
2416	89	129
2417	88	130
2418	88	130
2419	86	129
2420	86	130
2421	87	130
2422	86	129
2423	86	129
2424	86	130
2425	85	129
2426	86	129
2427	88	130
2428	88	129
2429	88	129
2430	89	130
2431	88	130
2432	89	129
2433	88	130
2434	87	129
2435	88	129
2436	87	129
2437	87	129
2438	88	129
2439	87	129
2440	86	130
2441	87	130
2442	87	129
2443	88	129
2444	89	130
2445	88	130
2446	89	130
2447	89	129
2448	88	130
2449	87	129
2450	87	129
2451	85	129
2452	86	130
2453	87	129
2454	86	129
2455	87	130
2456	87	130
2457	86	129
2458	88	129
2459	88	129
2460	88	130
2461	88	129
2462	87	129
2463	87	129
2464	87	130
2465	85	129
2466	84	129
2467	85	130
2468	85	129
2469	86	130
2470	89	129
2471	88	129
2472	89	129
2473	90	129
2474	89	129
2475	89	129
2476	89	129
2477	86	129
2478	86	129
2479	85	129
2480	85	129
2481	85	129
2482	85	129
2483	83	130
2484	87	129
2485	87	129
2486	87	129
2487	89	129
2488	88	129
2489	87	130
2490	89	130
2491	87	129
2492	86	129
2493	86	129
2494	85	129
2495	85	129
2496	87	129
2497	85	129
2498	85	130
2499	86	129
2500	87	130
2501	87	129
2502	89	129
2503	87	130
2504	88	130
2505	88	130
2506	87	129
2507	87	129
2508	88	129
2509	87	129
2510	89	130
2511	91	130
2512	92	130
2513	95	130
2514	96	130
2515	95	129
2516	96	130
2517	92	129
2518	88	129
2519	85	130
2520	82	129
2521	80	129
2522	82	129
2523	82	130
2524	83	129
2525	86	129
2526	89	129
2527	91	130
2528	93	129
2529	90	129
2530	89	130
2531	89	129
2532	87	129
2533	85	130
2534	86	129
2535	84	129
2536	84	129
2537	85	130
2538	84	129
2539	85	130
2540	86	129
2541	85	129
2542	86	129
2543	86	130
2544	87	129
2545	88	130
2546	89	130
2547	89	129
2548	93	129
2549	96	129
2550	98	129
2551	101	129
2552	101	129
2553	98	130
2554	99	129
2555	97	130
2556	94	129
2557	91	129
2558	90	130
2559	89	130
2560	90	130
2561	88	129
2562	89	129
2563	89	130
2564	89	129
2565	89	130
2566	90	129
2567	87	129
2568	86	130
2569	87	129
2570	87	129
2571	89	129
2572	92	129
2573	92	129
2574	94	130
2575	95	129
2576	95	129
2577	94	129
2578	93	129
2579	89	130
2580	89	130
2581	89	129
2582	87	129
2583	87	129
2584	87	129
2585	86	129
2586	89	129
2587	89	129
2588	90	129
2589	90	130
2590	90	129
2591	89	129
2592	91	129
2593	88	129
2594	87	129
2595	86	129
2596	85	129
2597	85	129
2598	87	129
2599	85	129
2600	85	129
2601	87	129
2602	87	129
2603	88	129
2604	89	130
2605	88	129
2606	88	129
2607	88	129
2608	88	129
2609	88	129
2610	88	130
2611	85	129
2612	87	129
2613	87	129
2614	85	130
2615	84	129
2616	80	129
2617	78	129
2618	82	129
2619	86	130
2620	90	129
2621	94	130
2622	97	129
2623	97	129
2624	97	129
2625	92	130
2626	88	129
2627	86	129
2628	84	129
2629	84	130
2630	89	129
2631	93	130
2632	103	129
2633	115	129
2634	119	129
2635	102	129
2636	93	130
2637	85	130
2638	81	130
2639	78	129
2640	77	129
2641	77	129
2642	78	129
2643	79	129
2644	85	129
2645	90	130
2646	95	130
2647	97	129
2648	98	129
2649	94	129
2650	92	130
2651	87	130
2652	83	129
2653	81	130
2654	79	130
2655	79	130
2656	81	129
2657	80	129
2658	84	129
2659	87	130
2660	91	129
2661	95	129
2662	98	129
2663	95	129
2664	93	130
2665	90	129
2666	86	129
2667	83	129
2668	81	129
2669	80	129
2670	82	129
2671	84	129
2672	86	129
2673	90	129
2674	94	129
2675	98	129
2676	102	129
2677	101	129
2678	99	129
2679	95	129
2680	91	129
2681	88	130
2682	85	129
2683	81	129
2684	81	130
2685	81	129
2686	82	129
2687	86	129
2688	87	129
2689	89	130
2690	93	129
2691	95	129
2692	95	129
2693	95	130
2694	92	129
2695	90	130
2696	89	130
2697	86	130
2698	85	130
2699	84	129
2700	82	130
2701	85	129
2702	87	130
2703	88	130
2704	90	129
2705	92	130
2706	92	129
2707	94	129
2708	92	130
2709	90	129
2710	88	130
2711	87	130
2712	85	130
2713	86	129
2714	83	129
2715	83	129
2716	85	130
2717	86	129
2718	88	129
2719	91	129
2720	92	130
2721	93	130
2722	94	129
2723	92	129
2724	91	129
2725	89	129
2726	86	130
2727	86	129
2728	85	129
2729	85	129
2730	85	129
2731	86	129
2732	86	129
2733	89	129
2734	90	129
2735	91	129
2736	92	129
2737	91	129
2738	90	130
2739	91	130
2740	88	129
2741	87	129
2742	86	129
2743	85	129
2744	86	129
2745	88	129
2746	86	129
2747	87	129
2748	89	129
2749	89	130
2750	89	129
2751	90	130
2752	88	130
2753	89	130
2754	88	129
2755	87	130
2756	87	130
2757	86	129
2758	84	130
2759	87	129
2760	87	130
2761	87	129
2762	88	129
2763	89	129
2764	89	129
2765	90	129
2766	89	130
2767	89	129
2768	88	130
2769	88	130
2770	87	129
2771	88	130
2772	86	130
2773	86	130
2774	87	129
2775	87	129
2776	88	129
2777	90	130
2778	89	129
2779	89	129
2780	90	129
2781	89	129
2782	89	129
2783	88	130
2784	86	129
2785	87	129
2786	87	129
2787	86	129
2788	86	130
2789	86	129
2790	85	129
2791	88	129
2792	89	130
2793	89	130
2794	89	129
2795	89	130
2796	89	129
2797	89	129
2798	88	130
2799	88	130
2800	87	130
2801	87	130
2802	87	129
2803	88	129
2804	86	129
2805	87	130
2806	88	129
2807	89	129
2808	89	129
2809	91	129
2810	89	130
2811	89	130
2812	88	129
2813	88	130
2814	87	130
2815	88	130
2816	86	130
2817	87	129
2818	87	129
2819	87	129
2820	87	130
2821	88	130
2822	86	129
2823	88	129
2824	88	130
2825	88	130
2826	87	129
2827	87	129
2828	87	130
2829	88	130
2830	87	130
2831	87	129
2832	87	130
2833	87	129
2834	87	129
2835	89	130
2836	87	129
2837	87	129
2838	87	129
2839	87	129
2840	88	129
2841	89	130
2842	87	129
2843	88	129
2844	89	130
2845	88	129
2846	88	130
2847	89	130
2848	87	130
2849	88	129
2850	87	129
2851	87	129
2852	87	129
2853	87	129
2854	86	130
2855	88	129
2856	88	129
2857	88	129
2858	89	130
2859	88	129
2860	87	130
2861	88	129
2862	87	130
2863	87	129
2864	87	130
2865	86	129
2866	86	130
2867	87	129
2868	85	129
2869	86	130
2870	87	130
2871	87	129
2872	87	129
2873	89	130
2874	87	129
2875	88	129
2876	87	129
2877	87	130
2878	87	129
2879	87	129
2880	85	129
2881	86	129
2882	86	129
2883	86	129
2884	87	129
2885	87	129
2886	85	129
2887	87	130
2888	87	130
2889	87	129
2890	88	129
2891	87	130
2892	85	129
2893	87	130
2894	86	129
2895	86	129
2896	87	130
2897	86	129
2898	86	130
2899	89	129
2900	88	129
2901	88	129
2902	89	129
2903	88	130
2904	88	129
2905	90	129
2906	87	129
2907	87	129
2908	87	129
2909	87	129
2910	86	129
2911	88	129
2912	85	129
2913	86	130
2914	87	129
2915	86	129
2916	87	129
2917	87	130
2918	85	129
2919	87	129
2920	88	129
2921	87	129
2922	87	130
2923	87	129
2924	85	129
2925	87	130
2926	87	130
2927	86	129
2928	87	129
2929	87	129
2930	86	129
2931	88	129
2932	87	129
2933	87	130
2934	89	130
2935	90	129
2936	91	130
2937	95	130
2938	95	130
2939	95	129
2940	90	129
2941	83	130
2942	82	129
2943	84	129
2944	84	129
2945	86	129
2946	89	129
2947	91	129
2948	92	129
2949	92	130
2950	90	130
2951	88	130
2952	87	129
2953	85	129
2954	83	129
2955	83	129
2956	81	129
2957	83	129
2958	86	129
2959	87	130
2960	88	129
2961	89	129
2962	87	129
2963	87	130
2964	86	130
2965	84	130
2966	85	129
2967	85	130
2968	86	130
2969	88	129
2970	89	129
2971	89	129
2972	92	129
2973	96	129
2974	101	129
2975	107	129
2976	109	129
2977	104	129
2978	99	129
2979	93	129
2980	89	129
2981	87	130
2982	87	129
2983	87	130
2984	90	130
2985	91	129
2986	92	130
2987	93	129
2988	92	130
2989	90	129
2990	91	129
2991	89	129
2992	88	130
2993	89	129
2994	89	129
2995	89	129
2996	92	129
2997	92	129
2998	92	130
2999	91	129
3000	90	129
3001	89	130
3002	89	129
3003	86	129
3004	87	130
3005	87	130
3006	87	130
3007	88	130
3008	90	129
3009	89	129
3010	90	130
3011	91	129
3012	90	129
3013	90	129
3014	91	129
3015	86	129
3016	79	130
3017	76	129
3018	76	130
3019	79	130
3020	83	129
3021	87	129
3022	94	129
3023	99	129
3024	100	130
3025	95	129
3026	87	129
3027	81	129
3028	82	130
3029	81	129
3030	81	130
3031	83	129
3032	84	129
3033	85	129
3034	91	129
3035	93	129
3036	95	129
3037	95	129
3038	93	129
3039	90	130
3040	90	130
3041	85	129
3042	84	129
3043	83	129
3044	83	129
3045	84	129
3046	88	129
3047	88	129
3048	91	130
3049	93	129
3050	93	129
3051	93	130
3052	93	129
3053	89	129
3054	90	129
3055	91	130
3056	94	129
3057	100	129
3058	106	130
3059	105	130
3060	102	129
3061	95	129
3062	87	129
3063	82	129
3064	78	129
3065	75	129
3066	77	129
3067	78	129
3068	80	129
3069	85	129
3070	89	129
3071	94	129
3072	99	129
3073	99	129
3074	96	129
3075	93	130
3076	88	129
3077	85	130
3078	84	130
3079	80	129
3080	79	130
3081	80	129
3082	81	129
3083	84	129
3084	88	130
3085	89	129
3086	91	129
3087	93	129
3088	93	129
3089	92	130
3090	91	130
3091	88	129
3092	87	129
3093	86	129
3094	85	130
3095	85	130
3096	85	130
3097	85	129
3098	87	130
3099	91	129
3100	91	130
3101	93	130
3102	94	129
3103	93	130
3104	93	130
3105	93	129
3106	91	130
3107	90	130
3108	89	130
3109	88	129
3110	88	129
3111	87	129
3112	86	129
3113	87	130
3114	87	130
3115	87	129
3116	89	130
3117	88	130
3118	87	129
3119	88	129
3120	88	129
3121	88	129
3122	90	129
3123	90	130
3124	90	129
3125	91	129
3126	90	129
3127	90	129
3128	90	129
3129	88	129
3130	88	129
3131	89	129
3132	88	129
3133	87	129
3134	87	129
3135	87	129
3136	86	129
3137	88	129
3138	87	129
3139	88	129
3140	88	129
3141	88	129
3142	88	129
3143	88	129
3144	87	129
3145	86	129
3146	85	129
3147	84	129
3148	84	129
3149	85	129
3150	84	129
3151	87	130
3152	89	129
3153	92	129
3154	95	129
3155	97	129
3156	95	129
3157	95	129
3158	91	130
3159	88	129
3160	86	130
3161	83	129
3162	81	129
3163	83	130
3164	83	129
3165	85	130
3166	87	129
3167	89	130
3168	90	129
3169	94	130
3170	94	130
3171	93	130
3172	92	129
3173	89	130
3174	86	130
3175	86	129
3176	83	130
3177	83	129
3178	83	130
3179	84	130
3180	86	129
3181	90	129
3182	89	129
3183	92	129
3184	93	129
3185	93	129
3186	93	129
3187	93	129
3188	88	129
3189	87	130
3190	85	129
3191	84	130
3192	84	129
3193	85	129
3194	83	129
3195	87	130
3196	88	130
3197	90	130
3198	91	129
3199	92	129
3200	89	130
3201	91	129
3202	89	130
3203	87	129
3204	86	129
3205	85	129
3206	83	129
3207	86	129
3208	85	130
3209	87	129
3210	89	129
3211	89	129
3212	90	129
3213	93	129
3214	90	129
3215	90	129
3216	89	130
3217	87	130
3218	87	129
3219	88	130
3220	85	129
3221	85	130
3222	86	130
3223	86	130
3224	88	129
3225	90	129
3226	89	130
3227	90	129
3228	90	129
3229	89	129
3230	88	130
3231	87	130
3232	84	130
3233	86	129
3234	86	129
3235	85	129
3236	87	129
3237	87	129
3238	87	129
3239	90	129
3240	90	129
3241	90	130
3242	90	129
3243	89	129
3244	88	130
3245	89	129
3246	86	129
3247	86	129
3248	85	129
3249	85	130
3250	85	130
3251	88	129
3252	87	129
3253	87	130
3254	89	129
3255	89	129
3256	90	129
3257	91	129
3258	88	130
3259	89	129
3260	88	129
3261	87	129
3262	86	130
3263	86	129
3264	84	129
3265	86	129
3266	87	130
3267	87	130
3268	88	129
3269	88	129
3270	87	130
3271	89	129
3272	89	129
3273	88	129
3274	88	129
3275	87	129
3276	86	130
3277	87	130
3278	85	129
3279	85	129
3280	86	129
3281	87	129
3282	87	129
3283	90	130
3284	87	129
3285	88	129
3286	88	129
3287	88	129
3288	87	129
3289	89	129
3290	86	130
3291	86	130
3292	87	129
3293	85	129
3294	86	129
3295	87	129
3296	84	129
3297	87	130
3298	87	130
3299	87	129
3300	88	129
3301	88	129
3302	86	129
3303	88	129
3304	88	129
3305	87	130
3306	87	129
3307	87	129
3308	86	129
3309	88	130
3310	87	129
3311	86	129
3312	87	130
3313	87	129
3314	87	129
3315	89	129
3316	86	129
3317	86	129
3318	86	129
3319	86	129
3320	86	129
3321	88	130
3322	86	129
3323	87	130
3324	87	129
3325	87	129
3326	87	129
3327	88	129
3328	86	129
3329	87	129
3330	88	129
3331	87	129
3332	87	129
3333	87	129
3334	85	129
3335	87	129
3336	86	129
3337	86	130
3338	86	129
3339	86	130
3340	85	129
3341	87	130
3342	87	129
3343	87	130
3344	87	129
3345	88	129
3346	89	129
3347	91	129
3348	90	129
3349	90	129
3350	93	129
3351	95	129
3352	96	129
3353	97	129
3354	93	130
3355	91	129
3356	88	129
3357	84	129
3358	82	129
3359	81	129
3360	79	129
3361	82	129
3362	84	129
3363	85	129
3364	87	129
3365	89	129
3366	87	129
3367	89	129
3368	89	129
3369	87	129
3370	86	129
3371	85	129
3372	83	129
3373	86	129
3374	86	129
3375	85	130
3376	86	129
3377	86	129
3378	86	129
3379	89	129
3380	89	129
3381	89	129
3382	90	129
3383	89	129
3384	89	130
3385	91	129
3386	91	129
3387	95	129
3388	101	129
3389	103	129
3390	104	129
3391	102	130
3392	96	129
3393	93	130
3394	90	129
3395	87	129
3396	87	129
3397	89	129
3398	89	129
3399	92	129
3400	93	130
3401	93	130
3402	92	129
3403	90	130
3404	87	130
3405	87	130
3406	86	130
3407	86	129
3408	88	130
3409	90	129
3410	91	129
3411	95	129
3412	94	129
3413	93	130
3414	93	129
3415	91	130
3416	89	129
3417	90	130
3418	87	129
3419	87	129
3420	87	129
3421	87	129
3422	89	130
3423	90	129
3424	89	129
3425	90	129
3426	91	130
3427	89	129
3428	89	129
3429	88	129
3430	86	130
3431	87	130
3432	87	129
3433	86	129
3434	87	130
3435	87	129
3436	86	130
3437	88	130
3438	88	129
3439	87	129
3440	88	130
3441	87	129
3442	86	129
3443	87	129
3444	82	130
3445	79	129
3446	80	129
3447	81	129
3448	84	130
3449	89	129
3450	91	129
3451	95	129
3452	97	129
3453	95	129
3454	93	129
3455	90	130
3456	87	129
3457	86	129
3458	86	129
3459	84	130
3460	85	130
3461	86	129
3462	85	129
3463	88	129
3464	89	129
3465	89	129
3466	91	130
3467	91	130
3468	92	129
3469	98	129
3470	104	129
3471	109	129
3472	111	129
3473	107	129
3474	98	129
3475	91	129
3476	84	129
3477	79	129
3478	78	130
3479	76	129
3480	77	129
3481	80	129
3482	81	129
3483	85	129
3484	90	129
3485	93	130
3486	91	130
3487	86	129
3488	86	129
3489	89	129
3490	91	129
3491	90	130
3492	90	130
3493	89	129
3494	87	129
3495	87	129
3496	87	129
3497	85	129
3498	84	129
3499	84	129
3500	83	129
3501	85	130
3502	86	130
3503	87	130
3504	89	130
3505	90	130
3506	91	129
3507	92	130
3508	91	129
3509	89	129
3510	89	130
3511	88	129
3512	88	129
3513	90	130
3514	91	129
3515	91	130
3516	93	130
3517	94	130
3518	95	129
3519	95	129
3520	93	129
3521	91	130
3522	89	129
3523	87	129
3524	85	130
3525	84	130
3526	82	130
3527	83	129
3528	86	129
3529	86	130
3530	88	130
3531	89	130
3532	91	129
3533	92	129
3534	93	129
3535	92	129
3536	91	130
3537	89	130
3538	88	130
3539	88	130
3540	87	129
3541	85	129
3542	87	129
3543	87	130
3544	88	130
3545	91	130
3546	91	129
3547	89	130
3548	91	130
3549	89	129
3550	89	130
3551	88	129
3552	86	129
3553	85	129
3554	86	129
3555	85	129
3556	85	129
3557	86	129
3558	86	129
3559	88	130
3560	90	129
3561	90	130
3562	91	129
3563	91	129
3564	89	129
3565	89	129
3566	89	129
3567	87	130
3568	87	129
3569	87	130
3570	86	129
3571	87	129
3572	88	130
3573	87	130
3574	89	129
3575	89	129
3576	90	129
3577	91	130
3578	91	130
3579	89	129
3580	89	129
3581	88	130
3582	88	129
3583	87	129
3584	87	129
3585	86	129
3586	87	130
3587	87	129
3588	87	129
3589	89	130
3590	89	129
3591	89	129
3592	90	129
3593	89	129
3594	89	130
3595	88	129
3596	87	129
3597	86	129
3598	87	130
3599	86	129
3600	87	129
3601	87	129
3602	87	129
3603	87	130
3604	89	129
3605	88	130
3606	89	129
3607	89	129
3608	89	129
3609	89	130
3610	90	129
3611	88	130
3612	88	130
3613	87	129
3614	88	129
3615	88	129
3616	89	130
3617	87	129
3618	88	129
3619	88	129
3620	88	130
3621	88	130
3622	88	130
3623	87	129
3624	90	130
3625	89	129
3626	89	129
3627	89	129
3628	88	129
3629	87	130
3630	88	130
3631	87	129
3632	87	130
3633	86	129
3634	86	129
3635	86	129
3636	87	129
3637	86	130
3638	88	130
3639	88	129
3640	89	130
3641	89	129
3642	91	129
3643	88	129
3644	89	129
3645	88	130
3646	88	129
3647	88	130
3648	89	130
3649	87	130
3650	88	129
3651	88	129
3652	87	130
3653	88	129
3654	88	129
3655	87	129
3656	89	129
3657	88	129
3658	88	129
3659	89	129
3660	88	130
3661	87	130
3662	89	130
3663	88	129
3664	87	129
3665	87	129
3666	87	130
3667	85	129
3668	87	130
3669	86	130
3670	87	129
3671	87	130
3672	87	129
3673	87	129
3674	89	129
3675	87	129
3676	88	129
3677	88	129
3678	88	129
3679	88	129
3680	89	129
3681	87	129
3682	88	130
3683	87	129
3684	87	130
3685	88	129
3686	89	129
3687	87	130
3688	89	130
3689	88	130
3690	87	129
3691	87	130
3692	87	129
3693	85	129
3694	87	129
3695	87	129
3696	87	129
3697	87	129
3698	86	130
3699	84	130
3700	86	130
3701	86	129
3702	87	129
3703	89	129
3704	89	129
3705	89	129
3706	91	129
3707	89	130
3708	88	130
3709	87	129
3710	86	129
3711	85	129
3712	87	129
3713	84	129
3714	85	129
3715	86	130
3716	86	129
3717	87	130
3718	90	130
3719	89	129
3720	90	129
3721	90	130
3722	88	129
3723	88	129
3724	87	129
3725	84	129
3726	86	129
3727	85	130
3728	85	130
3729	86	129
3730	86	129
3731	85	129
3732	88	129
3733	88	129
3734	89	129
3735	89	129
3736	88	130
3737	87	130
3738	89	129
3739	86	129
3740	86	130
3741	85	129
3742	85	129
3743	85	129
3744	87	129
3745	85	129
3746	86	130
3747	87	129
3748	87	129
3749	88	129
3750	89	129
3751	88	129
3752	88	129
3753	88	129
3754	87	129
3755	87	129
3756	87	129
3757	85	129
3758	86	129
3759	86	129
3760	86	130
3761	87	129
3762	87	129
3763	85	129
3764	87	129
3765	88	129
3766	87	130
3767	87	129
3768	87	129
3769	86	129
3770	88	129
3771	87	129
3772	87	129
3773	88	129
3774	89	129
3775	90	129
3776	93	130
3777	94	129
3778	95	129
3779	96	129
3780	94	129
3781	91	129
3782	90	129
3783	86	129
3784	84	130
3785	84	129
3786	84	129
3787	85	129
3788	86	130
3789	86	130
3790	88	130
3791	90	130
3792	90	130
3793	89	129
3794	88	129
3795	85	130
3796	85	130
3797	85	129
3798	85	129
3799	86	129
3800	86	129
3801	86	130
3802	87	129
3803	87	129
3804	86	130
3805	86	129
3806	86	130
3807	86	129
3808	87	130
3809	88	130
3810	87	129
3811	90	130
3812	92	130
3813	94	130
3814	98	129
3815	100	130
3816	100	130
3817	101	129
3818	98	130
3819	94	130
3820	92	130
3821	90	130
3822	90	130
3823	92	130
3824	93	129
3825	96	129
3826	96	130
3827	95	129
3828	92	129
3829	90	129
3830	85	129
3831	83	129
3832	83	129
3833	83	130
3834	85	129
3835	89	129
3836	92	130
3837	96	129
3838	97	130
3839	95	129
3840	93	130
3841	91	130
3842	87	130
3843	86	129
3844	86	130
3845	86	130
3846	88	130
3847	90	129
3848	91	129
3849	93	129
3850	94	130
3851	94	129
3852	93	130
3853	91	130
3854	88	130
3855	87	130
3856	86	129
3857	85	129
3858	85	129
3859	84	129
3860	85	129
3861	87	129
3862	88	130
3863	89	130
3864	90	130
3865	90	129
3866	89	129
3867	89	129
3868	87	130
3869	85	130
3870	85	129
3871	84	130
3872	83	129
3873	85	129
3874	85	130
3875	87	129
3876	89	130
3877	91	129
3878	92	129
3879	93	129
3880	91	129
3881	89	129
3882	88	130
3883	87	129
3884	86	129
3885	86	130
3886	84	129
3887	84	129
3888	86	129
3889	86	129
3890	88	129
3891	89	129
3892	89	129
3893	90	129
3894	90	129
3895	89	129
3896	88	129
3897	88	130
3898	87	129
3899	91	129
3900	97	129
3901	106	130
3902	115	129
3903	117	129
3904	108	129
3905	98	130
3906	88	129
3907	81	129
3908	77	129
3909	75	129
3910	74	129
3911	75	130
3912	76	130
3913	80	130
3914	85	129
3915	91	129
3916	97	129
3917	102	129
3918	100	129
3919	95	129
3920	89	129
3921	83	129
3922	81	129
3923	80	130
3924	78	129
3925	80	129
3926	83	129
3927	87	129
3928	91	129
3929	94	129
3930	94	129
3931	95	129
3932	93	129
3933	89	129
3934	85	129
3935	83	129
3936	80	130
3937	80	129
3938	81	130
3939	82	129
3940	84	130
3941	87	130
3942	89	129
3943	94	129
3944	97	130
3945	98	129
3946	98	129
3947	97	129
3948	95	129
3949	94	129
3950	91	129
3951	89	130
3952	88	129
3953	87	129
3954	87	130
3955	88	129
3956	87	130
3957	85	129
3958	84	130
3959	85	130
3960	87	129
3961	89	129
3962	91	130
3963	93	129
3964	95	129
3965	93	130
3966	91	129
3967	89	130
3968	85	129
3969	84	129
3970	84	129
3971	83	129
3972	84	129
3973	86	130
3974	87	130
3975	91	129
3976	94	130
3977	95	130
3978	96	129
3979	95	129
3980	93	130
3981	91	129
3982	88	130
3983	85	129
3984	83	129
3985	82	130
3986	82	130
3987	83	129
3988	84	129
3989	86	129
3990	88	129
3991	90	129
3992	92	129
3993	93	129
3994	93	130
3995	92	129
3996	91	129
3997	89	129
3998	87	130
3999	87	129
4000	85	129
4001	85	129
4002	87	130
4003	87	129
4004	88	129
4005	90	129
4006	90	129
4007	90	129
4008	91	129
4009	90	129
4010	89	129
4011	88	129
4012	87	129
4013	86	129
4014	86	129
4015	85	129
4016	86	129
4017	87	129
4018	88	129
4019	90	129
4020	91	129
4021	91	129
4022	91	129
4023	91	129
4024	90	129
4025	89	129
4026	89	129
4027	87	129
4028	86	129
4029	86	129
4030	85	129
4031	86	129
4032	87	129
4033	87	129
4034	89	129
4035	90	129
4036	91	129
4037	91	129
4038	89	129
4039	88	129
4040	88	129
4041	87	129
4042	86	129
4043	85	129
4044	85	129
4045	85	129
4046	87	129
4047	87	129
4048	88	129
4049	89	130
4050	89	129
4051	90	129
4052	91	129
4053	89	129
4054	88	129
4055	88	129
4056	87	129
4057	87	129
4058	87	129
4059	86	129
4060	87	129
4061	87	129
4062	88	130
4063	89	129
4064	90	129
4065	89	129
4066	90	129
4067	90	129
4068	89	129
4069	89	130
4070	88	129
4071	86	129
4072	87	129
4073	87	130
4074	86	129
4075	86	129
4076	87	129
4077	86	129
4078	89	129
4079	89	129
4080	89	129
4081	89	130
4082	89	129
4083	89	130
4084	89	129
4085	87	129
4086	87	129
4087	87	129
4088	87	130
4089	87	130
4090	88	130
4091	88	130
4092	88	129
4093	89	130
4094	89	130
4095	89	129
