
TIME STEP:
125 = 0.2ms

VOLTAGE STEP:
CH1:  32 = 0.15V
CH2:  32 = 5V
GND	58	128
N	CH1	CH2

0	85	129
1	84	129
2	83	129
3	84	129
4	89	129
5	93	129
6	98	129
7	106	129
8	109	129
9	109	129
10	106	130
11	101	129
12	94	130
13	92	130
14	91	129
15	93	129
16	99	129
17	106	129
18	111	130
19	114	130
20	109	130
21	103	130
22	98	129
23	93	129
24	90	130
25	91	130
26	90	130
27	90	130
28	90	129
29	90	130
30	89	129
31	93	130
32	92	129
33	93	129
34	94	129
35	94	129
36	92	129
37	95	129
38	94	130
39	93	129
40	93	129
41	93	129
42	93	129
43	95	130
44	93	130
45	94	130
46	94	129
47	94	130
48	94	130
49	96	130
50	95	130
51	95	130
52	96	129
53	96	129
54	97	129
55	100	130
56	100	129
57	102	130
58	102	129
59	100	129
60	98	130
61	98	129
62	95	130
63	96	129
64	97	129
65	97	130
66	97	129
67	97	129
68	95	130
69	96	130
70	96	130
71	94	130
72	93	130
73	93	130
74	90	129
75	92	129
76	93	130
77	93	129
78	94	129
79	94	129
80	93	129
81	93	129
82	91	129
83	85	129
84	87	129
85	91	129
86	97	130
87	103	129
88	107	130
89	107	130
90	108	129
91	105	129
92	103	129
93	100	129
94	93	129
95	88	130
96	90	129
97	93	130
98	98	130
99	106	129
100	111	129
101	110	129
102	107	129
103	99	130
104	92	129
105	87	129
106	83	129
107	80	129
108	83	130
109	83	129
110	87	129
111	92	130
112	97	129
113	101	130
114	106	129
115	104	130
116	100	129
117	95	129
118	90	129
119	85	129
120	83	129
121	82	129
122	86	129
123	92	129
124	101	129
125	111	129
126	118	129
127	98	129
128	94	129
129	92	129
130	91	129
131	92	129
132	95	129
133	92	129
134	91	129
135	93	129
136	96	129
137	100	129
138	104	130
139	104	129
140	104	130
141	101	129
142	96	129
143	94	129
144	91	129
145	88	129
146	89	129
147	91	129
148	92	129
149	96	130
150	98	129
151	99	129
152	101	129
153	100	130
154	96	130
155	92	129
156	89	130
157	89	129
158	91	129
159	92	130
160	94	129
161	97	130
162	99	129
163	100	129
164	101	130
165	98	129
166	94	129
167	93	129
168	91	129
169	91	129
170	92	130
171	92	129
172	93	129
173	96	129
174	97	129
175	98	130
176	99	129
177	97	129
178	95	129
179	95	130
180	93	129
181	91	129
182	91	130
183	90	129
184	90	130
185	94	129
186	95	129
187	97	129
188	98	129
189	98	129
190	97	129
191	97	130
192	95	129
193	93	130
194	92	129
195	91	130
196	91	130
197	93	129
198	92	129
199	93	130
200	95	129
201	96	129
202	97	129
203	98	129
204	96	129
205	95	129
206	94	129
207	93	129
208	92	129
209	94	129
210	92	129
211	92	129
212	94	130
213	94	129
214	96	130
215	97	130
216	96	129
217	95	129
218	96	130
219	94	130
220	93	130
221	93	129
222	91	129
223	92	129
224	94	129
225	93	130
226	94	129
227	95	129
228	94	129
229	94	129
230	96	130
231	95	129
232	94	130
233	93	130
234	92	130
235	92	130
236	93	130
237	93	130
238	93	129
239	95	130
240	95	129
241	95	129
242	96	130
243	94	129
244	93	130
245	92	129
246	91	129
247	91	130
248	93	130
249	92	129
250	93	129
251	95	129
252	95	129
253	95	129
254	97	129
255	95	129
256	93	129
257	93	130
258	91	129
259	91	129
260	92	130
261	92	129
262	93	129
263	95	129
264	95	129
265	96	129
266	96	129
267	94	129
268	93	129
269	94	129
270	92	129
271	92	129
272	92	129
273	91	129
274	91	129
275	94	129
276	95	129
277	96	129
278	97	129
279	97	129
280	97	129
281	99	129
282	100	129
283	101	130
284	103	129
285	103	129
286	97	130
287	88	129
288	86	129
289	89	129
290	95	129
291	99	129
292	103	129
293	105	129
294	100	129
295	96	129
296	91	129
297	87	130
298	86	129
299	89	130
300	91	129
301	97	129
302	103	130
303	107	130
304	108	130
305	106	129
306	101	129
307	99	129
308	98	129
309	96	130
310	96	129
311	97	129
312	96	130
313	97	130
314	98	129
315	96	129
316	95	129
317	94	129
318	92	129
319	93	130
320	94	130
321	93	129
322	92	129
323	91	130
324	92	130
325	95	130
326	98	129
327	99	129
328	100	129
329	100	130
330	100	129
331	103	130
332	105	130
333	107	129
334	110	130
335	110	130
336	107	129
337	105	129
338	100	129
339	95	130
340	94	130
341	93	130
342	93	130
343	92	130
344	92	130
345	93	130
346	95	129
347	95	130
348	94	130
349	94	129
350	93	129
351	93	130
352	95	129
353	95	130
354	95	130
355	96	129
356	96	129
357	97	130
358	100	130
359	103	129
360	105	130
361	107	130
362	106	130
363	104	129
364	102	130
365	99	129
366	97	129
367	95	129
368	94	130
369	93	130
370	94	129
371	93	129
372	93	129
373	95	129
374	96	129
375	97	129
376	99	129
377	98	129
378	97	129
379	96	129
380	95	130
381	93	129
382	93	129
383	92	129
384	92	129
385	93	129
386	93	129
387	93	129
388	86	129
389	83	130
390	86	129
391	92	130
392	97	129
393	103	129
394	107	130
395	106	129
396	103	129
397	98	130
398	92	129
399	89	129
400	86	129
401	86	129
402	88	129
403	91	130
404	94	130
405	99	129
406	103	130
407	104	129
408	104	130
409	100	129
410	95	129
411	92	129
412	91	130
413	91	130
414	93	129
415	96	129
416	97	129
417	101	129
418	103	129
419	104	129
420	103	129
421	101	129
422	98	129
423	95	129
424	93	129
425	92	129
426	91	129
427	91	129
428	91	129
429	94	129
430	96	129
431	97	129
432	98	129
433	98	130
434	97	130
435	96	130
436	95	129
437	93	129
438	93	129
439	93	129
440	93	129
441	93	130
442	94	130
443	95	129
444	95	129
445	96	129
446	97	129
447	97	129
448	97	129
449	95	130
450	95	129
451	95	129
452	95	130
453	96	129
454	96	130
455	96	129
456	97	130
457	97	130
458	98	129
459	98	129
460	98	129
461	98	129
462	97	129
463	98	130
464	97	129
465	97	129
466	97	129
467	96	130
468	95	129
469	95	130
470	95	129
471	95	129
472	95	130
473	95	129
474	95	130
475	95	129
476	96	129
477	95	129
478	95	130
479	94	129
480	95	130
481	95	129
482	95	130
483	94	129
484	94	129
485	93	129
486	94	130
487	95	129
488	96	130
489	95	129
490	96	130
491	95	130
492	95	130
493	95	129
494	95	129
495	95	129
496	94	129
497	94	129
498	95	129
499	94	129
500	94	130
501	94	130
502	95	129
503	95	129
504	96	130
505	96	129
506	96	129
507	95	129
508	95	130
509	95	129
510	95	130
511	94	129
512	95	129
513	93	130
514	93	130
515	93	130
516	94	129
517	94	130
518	95	129
519	95	129
520	95	129
521	95	130
522	95	129
523	94	129
524	94	129
525	94	130
526	94	129
527	94	129
528	93	129
529	94	129
530	93	129
531	93	129
532	94	129
533	95	129
534	95	130
535	96	130
536	95	129
537	95	130
538	95	129
539	95	129
540	94	129
541	93	129
542	93	129
543	94	129
544	93	129
545	93	130
546	94	129
547	94	130
548	95	129
549	95	130
550	95	130
551	95	129
552	95	129
553	94	130
554	94	129
555	93	130
556	94	129
557	93	129
558	93	129
559	93	129
560	94	129
561	94	129
562	95	129
563	95	129
564	95	129
565	95	129
566	94	129
567	94	129
568	93	129
569	95	129
570	93	129
571	94	129
572	94	129
573	95	129
574	95	129
575	96	129
576	95	129
577	95	129
578	95	129
579	94	129
580	94	129
581	93	129
582	93	129
583	93	129
584	93	129
585	92	130
586	93	129
587	93	129
588	95	129
589	94	129
590	95	129
591	93	129
592	94	129
593	93	129
594	93	129
595	92	129
596	94	129
597	93	129
598	93	129
599	93	129
600	93	129
601	92	129
602	94	129
603	93	129
604	93	129
605	93	130
606	93	129
607	92	130
608	94	130
609	92	129
610	93	129
611	94	130
612	94	129
613	94	130
614	94	130
615	93	129
616	93	129
617	93	129
618	93	129
619	94	130
620	95	130
621	94	129
622	94	130
623	95	129
624	94	129
625	94	129
626	94	129
627	93	129
628	93	129
629	93	129
630	93	129
631	93	129
632	94	130
633	94	129
634	95	129
635	96	130
636	95	129
637	95	130
638	96	129
639	95	129
640	95	130
641	96	129
642	95	130
643	95	129
644	95	130
645	94	129
646	93	130
647	95	129
648	95	129
649	97	129
650	98	129
651	98	130
652	97	130
653	95	130
654	91	129
655	91	130
656	91	129
657	92	129
658	94	129
659	98	129
660	98	130
661	99	129
662	99	129
663	97	129
664	95	130
665	94	130
666	93	129
667	92	129
668	94	129
669	95	130
670	96	130
671	97	129
672	99	129
673	97	130
674	97	129
675	95	129
676	93	129
677	93	129
678	93	129
679	91	129
680	94	129
681	94	129
682	95	130
683	96	130
684	97	129
685	96	129
686	97	129
687	98	129
688	100	130
689	105	129
690	111	129
691	115	129
692	117	129
693	110	129
694	91	129
695	85	129
696	83	129
697	83	129
698	85	130
699	89	129
700	93	129
701	98	129
702	102	130
703	102	129
704	99	129
705	97	130
706	93	129
707	93	129
708	93	129
709	96	129
710	100	129
711	104	129
712	104	130
713	104	129
714	103	129
715	103	129
716	103	130
717	104	129
718	101	129
719	101	130
720	103	130
721	105	130
722	105	129
723	105	130
724	101	130
725	97	129
726	95	130
727	94	129
728	92	130
729	92	129
730	93	129
731	91	129
732	93	129
733	94	129
734	94	129
735	95	129
736	97	129
737	97	130
738	97	129
739	99	130
740	98	129
741	98	130
742	97	129
743	95	130
744	96	130
745	97	129
746	98	130
747	100	130
748	102	129
749	103	130
750	101	129
751	101	129
752	98	130
753	95	130
754	93	130
755	91	130
756	89	130
757	85	130
758	85	129
759	88	130
760	93	129
761	100	129
762	107	129
763	108	129
764	107	129
765	102	130
766	97	129
767	92	129
768	87	129
769	86	130
770	86	129
771	87	129
772	89	130
773	93	130
774	97	130
775	98	129
776	88	130
777	87	130
778	90	130
779	94	130
780	99	130
781	103	130
782	104	129
783	102	129
784	98	130
785	94	129
786	90	129
787	88	129
788	88	129
789	89	130
790	92	129
791	96	129
792	101	130
793	105	130
794	105	130
795	102	129
796	99	129
797	95	129
798	93	129
799	92	129
800	93	129
801	95	129
802	101	130
803	113	129
804	127	130
805	134	130
806	128	130
807	112	130
808	99	129
809	89	129
810	83	129
811	80	129
812	78	129
813	79	130
814	83	129
815	88	129
816	97	129
817	106	129
818	114	129
819	115	130
820	111	129
821	104	130
822	98	129
823	96	129
824	97	129
825	97	130
826	99	130
827	99	129
828	101	129
829	101	129
830	98	129
831	95	129
832	93	130
833	90	130
834	90	130
835	91	129
836	91	130
837	92	129
838	92	129
839	93	130
840	94	129
841	93	130
842	92	129
843	92	129
844	91	129
845	92	129
846	93	129
847	93	129
848	93	129
849	94	129
850	94	129
851	94	129
852	95	129
853	94	129
854	94	129
855	95	129
856	95	130
857	96	129
858	97	129
859	97	129
860	97	129
861	97	130
862	97	130
863	98	129
864	100	129
865	101	129
866	103	129
867	102	130
868	100	129
869	98	129
870	96	130
871	94	130
872	93	129
873	92	129
874	92	129
875	93	130
876	94	129
877	95	129
878	97	129
879	97	129
880	97	129
881	96	129
882	95	129
883	94	129
884	93	129
885	91	129
886	91	129
887	91	129
888	90	129
889	91	129
890	91	129
891	92	129
892	93	129
893	94	129
894	94	130
895	94	129
896	93	129
897	93	129
898	93	129
899	93	129
900	93	129
901	94	130
902	97	129
903	101	129
904	110	129
905	121	129
906	131	129
907	131	130
908	117	129
909	99	130
910	88	129
911	82	130
912	79	130
913	78	129
914	79	129
915	81	129
916	87	130
917	93	129
918	102	129
919	109	130
920	110	129
921	106	129
922	99	129
923	91	129
924	86	129
925	83	129
926	81	130
927	81	129
928	84	130
929	88	129
930	96	129
931	103	129
932	109	129
933	111	130
934	107	129
935	101	129
936	96	129
937	91	129
938	89	130
939	89	130
940	90	129
941	93	129
942	97	130
943	99	129
944	88	130
945	88	129
946	92	130
947	96	130
948	101	130
949	103	130
950	104	129
951	104	130
952	101	129
953	99	130
954	97	129
955	94	130
956	93	129
957	93	130
958	93	129
959	94	129
960	95	130
961	95	129
962	96	130
963	97	129
964	96	130
965	95	129
966	94	129
967	93	129
968	92	130
969	92	129
970	92	129
971	93	129
972	93	129
973	95	129
974	95	129
975	96	129
976	97	129
977	97	130
978	96	129
979	95	130
980	94	130
981	93	129
982	92	129
983	92	130
984	92	129
985	93	130
986	95	129
987	96	129
988	97	129
989	97	130
990	97	130
991	96	129
992	95	129
993	94	129
994	93	129
995	93	130
996	92	130
997	92	130
998	93	129
999	93	129
1000	94	129
1001	95	129
1002	96	129
1003	96	129
1004	96	129
1005	95	130
1006	95	129
1007	94	130
1008	93	129
1009	93	129
1010	93	130
1011	93	129
1012	93	129
1013	94	129
1014	94	129
1015	95	129
1016	95	130
1017	95	129
1018	95	129
1019	95	129
1020	94	129
1021	94	130
1022	94	130
1023	93	130
1024	93	130
1025	94	130
1026	94	130
1027	94	129
1028	95	130
1029	95	129
1030	95	129
1031	95	129
1032	95	129
1033	94	130
1034	93	129
1035	93	129
1036	93	129
1037	93	130
1038	93	130
1039	93	129
1040	94	129
1041	94	129
1042	95	130
1043	95	130
1044	95	129
1045	95	129
1046	94	129
1047	94	129
1048	93	129
1049	93	129
1050	93	130
1051	93	130
1052	94	129
1053	94	129
1054	95	130
1055	95	130
1056	95	130
1057	94	129
1058	93	130
1059	92	129
1060	91	129
1061	90	130
1062	91	129
1063	91	130
1064	92	130
1065	93	130
1066	95	130
1067	95	130
1068	96	130
1069	96	129
1070	95	130
1071	94	129
1072	92	129
1073	92	129
1074	91	129
1075	91	129
1076	91	130
1077	92	129
1078	93	129
1079	94	129
1080	96	130
1081	96	130
1082	97	130
1083	96	129
1084	95	129
1085	93	130
1086	92	130
1087	91	129
1088	91	129
1089	91	129
1090	92	130
1091	94	129
1092	95	130
1093	96	129
1094	97	130
1095	97	130
1096	97	129
1097	96	129
1098	95	130
1099	94	129
1100	94	130
1101	94	129
1102	94	130
1103	94	129
1104	95	130
1105	96	129
1106	99	130
1107	103	130
1108	106	129
1109	107	129
1110	89	130
1111	87	129
1112	89	130
1113	93	129
1114	99	129
1115	105	130
1116	108	130
1117	106	129
1118	101	129
1119	95	129
1120	89	130
1121	85	129
1122	83	129
1123	84	129
1124	86	130
1125	91	130
1126	97	130
1127	105	130
1128	110	129
1129	112	130
1130	109	130
1131	104	130
1132	99	129
1133	95	129
1134	94	130
1135	93	129
1136	93	130
1137	94	130
1138	95	129
1139	96	129
1140	95	129
1141	93	129
1142	94	129
1143	93	130
1144	93	129
1145	93	129
1146	95	130
1147	95	129
1148	97	129
1149	97	129
1150	97	129
1151	98	130
1152	101	129
1153	104	129
1154	109	129
1155	112	129
1156	110	129
1157	105	129
1158	101	129
1159	99	129
1160	97	129
1161	96	129
1162	96	130
1163	95	129
1164	95	129
1165	94	129
1166	93	129
1167	91	129
1168	90	130
1169	90	129
1170	92	129
1171	94	129
1172	97	130
1173	97	130
1174	99	129
1175	100	130
1176	101	129
1177	102	130
1178	102	130
1179	101	130
1180	102	129
1181	101	129
1182	101	130
1183	100	130
1184	99	129
1185	98	130
1186	97	130
1187	96	130
1188	96	130
1189	95	129
1190	95	130
1191	95	130
1192	96	130
1193	96	130
1194	96	129
1195	96	129
1196	96	130
1197	95	129
1198	95	129
1199	94	129
1200	94	130
1201	93	130
1202	93	130
1203	93	129
1204	93	129
1205	92	129
1206	93	130
1207	94	129
1208	95	130
1209	95	129
1210	96	129
1211	95	129
1212	96	130
1213	95	129
1214	95	129
1215	95	129
1216	94	130
1217	94	130
1218	95	129
1219	95	129
1220	95	129
1221	95	130
1222	94	130
1223	93	129
1224	92	130
1225	91	129
1226	91	129
1227	91	130
1228	94	130
1229	96	129
1230	99	130
1231	100	130
1232	101	130
1233	101	129
1234	99	130
1235	97	130
1236	96	130
1237	94	129
1238	94	130
1239	95	130
1240	96	130
1241	98	130
1242	100	129
1243	100	129
1244	100	129
1245	100	130
1246	100	130
1247	99	130
1248	98	130
1249	98	130
1250	98	129
1251	97	130
1252	95	129
1253	95	130
1254	93	129
1255	92	130
1256	91	129
1257	90	130
1258	90	129
1259	89	129
1260	90	130
1261	91	130
1262	93	130
1263	94	129
1264	95	129
1265	95	129
1266	95	129
1267	94	129
1268	95	129
1269	95	129
1270	96	129
1271	97	129
1272	98	129
1273	99	129
1274	99	129
1275	99	130
1276	99	129
1277	98	129
1278	96	129
1279	95	130
1280	95	129
1281	93	129
1282	94	129
1283	95	130
1284	95	130
1285	97	129
1286	97	129
1287	97	129
1288	98	130
1289	98	129
1290	97	129
1291	96	130
1292	95	129
1293	94	129
1294	95	129
1295	94	130
1296	94	129
1297	96	130
1298	96	129
1299	96	129
1300	97	129
1301	96	130
1302	95	129
1303	95	130
1304	94	129
1305	94	130
1306	94	130
1307	93	129
1308	93	130
1309	94	129
1310	94	130
1311	94	129
1312	94	130
1313	94	129
1314	96	129
1315	97	129
1316	97	129
1317	97	130
1318	96	129
1319	95	130
1320	95	129
1321	94	129
1322	93	129
1323	93	129
1324	94	129
1325	95	129
1326	96	129
1327	97	129
1328	96	129
1329	96	130
1330	95	130
1331	94	129
1332	94	129
1333	92	129
1334	92	130
1335	92	129
1336	93	129
1337	94	130
1338	95	130
1339	95	129
1340	96	130
1341	96	129
1342	96	129
1343	95	129
1344	93	129
1345	92	130
1346	92	130
1347	92	130
1348	93	129
1349	94	129
1350	95	130
1351	96	130
1352	97	129
1353	97	130
1354	96	129
1355	95	130
1356	95	130
1357	94	130
1358	93	130
1359	93	129
1360	93	129
1361	93	130
1362	94	130
1363	95	130
1364	95	129
1365	96	130
1366	96	129
1367	96	129
1368	95	130
1369	94	129
1370	94	130
1371	93	129
1372	92	129
1373	93	129
1374	93	129
1375	93	129
1376	94	130
1377	94	129
1378	94	130
1379	95	129
1380	95	130
1381	95	129
1382	94	129
1383	94	130
1384	93	129
1385	94	129
1386	94	129
1387	94	129
1388	94	129
1389	93	130
1390	93	130
1391	93	130
1392	94	129
1393	94	129
1394	94	129
1395	95	130
1396	95	130
1397	95	129
1398	94	130
1399	94	129
1400	94	130
1401	94	130
1402	94	130
1403	93	129
1404	93	129
1405	93	129
1406	94	130
1407	94	129
1408	93	129
1409	94	129
1410	94	129
1411	94	129
1412	93	129
1413	92	130
1414	92	130
1415	93	129
1416	92	129
1417	92	129
1418	93	129
1419	94	129
1420	94	129
1421	94	129
1422	94	130
1423	95	129
1424	95	129
1425	94	129
1426	93	130
1427	93	129
1428	93	129
1429	92	129
1430	92	130
1431	93	130
1432	94	130
1433	95	129
1434	95	129
1435	95	130
1436	95	129
1437	95	129
1438	93	130
1439	93	130
1440	91	129
1441	92	129
1442	92	129
1443	92	130
1444	93	129
1445	94	130
1446	94	129
1447	97	129
1448	97	129
1449	96	129
1450	96	129
1451	95	130
1452	93	130
1453	93	129
1454	94	130
1455	93	129
1456	94	130
1457	95	129
1458	95	129
1459	96	130
1460	95	130
1461	94	129
1462	94	130
1463	94	130
1464	95	130
1465	96	129
1466	96	129
1467	98	129
1468	99	129
1469	98	129
1470	98	130
1471	96	129
1472	93	129
1473	91	129
1474	90	129
1475	91	130
1476	91	129
1477	93	129
1478	97	130
1479	99	129
1480	100	129
1481	101	129
1482	100	129
1483	99	129
1484	97	129
1485	93	129
1486	93	130
1487	92	129
1488	92	130
1489	92	129
1490	93	129
1491	94	130
1492	97	129
1493	98	129
1494	99	130
1495	98	129
1496	96	129
1497	95	130
1498	95	130
1499	95	130
1500	96	129
1501	100	129
1502	106	129
1503	114	129
1504	118	129
1505	105	130
1506	93	130
1507	91	129
1508	92	130
1509	93	130
1510	95	130
1511	95	129
1512	96	130
1513	97	129
1514	95	130
1515	93	130
1516	90	130
1517	91	130
1518	91	129
1519	92	130
1520	94	129
1521	97	129
1522	101	129
1523	102	129
1524	103	129
1525	104	129
1526	103	130
1527	104	129
1528	104	129
1529	103	129
1530	103	129
1531	105	129
1532	108	129
1533	108	129
1534	106	129
1535	102	129
1536	96	129
1537	93	130
1538	91	130
1539	90	130
1540	90	129
1541	89	130
1542	92	129
1543	93	129
1544	94	129
1545	95	129
1546	96	129
1547	95	129
1548	95	130
1549	96	130
1550	97	129
1551	98	129
1552	101	129
1553	102	129
1554	103	129
1555	101	130
1556	100	129
1557	99	129
1558	97	129
1559	96	129
1560	96	130
1561	96	129
1562	95	129
1563	95	129
1564	95	129
1565	93	129
1566	89	129
1567	89	129
1568	92	130
1569	94	129
1570	96	130
1571	97	130
1572	96	129
1573	96	129
1574	96	129
1575	98	130
1576	97	129
1577	96	129
1578	95	129
1579	94	129
1580	92	129
1581	91	129
1582	92	129
1583	93	129
1584	94	130
1585	95	130
1586	93	130
1587	87	129
1588	87	129
1589	91	130
1590	95	129
1591	100	130
1592	102	129
1593	105	129
1594	102	129
1595	97	130
1596	92	129
1597	89	129
1598	87	129
1599	86	130
1600	88	129
1601	91	129
1602	96	129
1603	102	129
1604	106	130
1605	109	129
1606	105	130
1607	101	129
1608	96	129
1609	93	129
1610	92	129
1611	95	129
1612	100	129
1613	111	129
1614	124	129
1615	125	130
1616	102	129
1617	101	129
1618	99	129
1619	99	129
1620	98	130
1621	97	129
1622	95	129
1623	93	129
1624	93	130
1625	93	129
1626	92	129
1627	93	129
1628	95	129
1629	97	130
1630	98	129
1631	99	129
1632	102	129
1633	102	130
1634	102	130
1635	103	129
1636	104	129
1637	104	129
1638	104	129
1639	103	129
1640	100	129
1641	97	129
1642	94	129
1643	91	129
1644	91	129
1645	91	129
1646	92	129
1647	95	130
1648	96	129
1649	95	129
1650	95	129
1651	92	130
1652	92	129
1653	91	129
1654	91	130
1655	92	130
1656	93	130
1657	93	130
1658	93	130
1659	93	130
1660	93	129
1661	94	129
1662	93	129
1663	92	129
1664	93	129
1665	93	129
1666	95	129
1667	95	130
1668	94	130
1669	93	130
1670	93	130
1671	94	129
1672	94	129
1673	96	130
1674	98	130
1675	100	129
1676	102	130
1677	102	129
1678	102	129
1679	101	130
1680	102	129
1681	101	129
1682	102	129
1683	99	129
1684	97	129
1685	96	129
1686	95	130
1687	93	130
1688	93	130
1689	92	129
1690	93	129
1691	93	129
1692	96	129
1693	96	130
1694	97	129
1695	96	129
1696	96	129
1697	95	130
1698	93	130
1699	91	130
1700	90	129
1701	90	129
1702	90	130
1703	90	130
1704	91	129
1705	92	130
1706	94	129
1707	95	130
1708	95	129
1709	95	129
1710	95	129
1711	94	129
1712	93	129
1713	92	129
1714	91	129
1715	93	130
1716	93	129
1717	95	129
1718	99	130
1719	104	129
1720	112	129
1721	123	130
1722	131	130
1723	130	130
1724	118	130
1725	96	130
1726	85	129
1727	81	129
1728	77	129
1729	77	129
1730	78	129
1731	82	129
1732	89	129
1733	98	129
1734	108	129
1735	111	129
1736	105	129
1737	101	129
1738	97	130
1739	92	129
1740	87	129
1741	86	130
1742	85	130
1743	86	129
1744	88	129
1745	91	129
1746	95	130
1747	100	129
1748	103	129
1749	105	129
1750	102	130
1751	98	129
1752	94	130
1753	91	130
1754	88	129
1755	87	129
1756	87	129
1757	89	130
1758	92	130
1759	97	129
1760	101	130
1761	103	129
1762	102	130
1763	100	130
1764	96	130
1765	93	129
1766	90	129
1767	89	130
1768	89	130
1769	91	130
1770	94	130
1771	99	130
1772	105	130
1773	111	129
1774	117	130
1775	105	129
1776	97	130
1777	94	130
1778	91	130
1779	88	130
1780	89	130
1781	91	129
1782	94	129
1783	98	129
1784	100	129
1785	102	130
1786	99	129
1787	95	129
1788	92	130
1789	90	129
1790	88	130
1791	88	130
1792	89	130
1793	89	129
1794	91	129
1795	93	130
1796	95	129
1797	97	129
1798	98	129
1799	98	129
1800	97	130
1801	96	129
1802	94	130
1803	93	129
1804	93	129
1805	93	129
1806	95	129
1807	97	129
1808	97	129
1809	99	130
1810	99	130
1811	97	129
1812	95	130
1813	92	130
1814	91	129
1815	91	129
1816	91	129
1817	92	129
1818	94	130
1819	95	130
1820	96	130
1821	98	130
1822	99	130
1823	99	129
1824	98	129
1825	97	130
1826	95	129
1827	93	130
1828	92	129
1829	90	130
1830	90	129
1831	91	129
1832	93	129
1833	94	129
1834	95	130
1835	96	129
1836	96	129
1837	96	129
1838	96	129
1839	95	129
1840	93	129
1841	92	129
1842	93	129
1843	93	129
1844	92	130
1845	93	129
1846	94	129
1847	96	129
1848	97	129
1849	98	129
1850	97	129
1851	96	129
1852	95	130
1853	94	129
1854	93	129
1855	92	129
1856	92	129
1857	93	129
1858	93	130
1859	94	129
1860	95	130
1861	94	129
1862	94	130
1863	95	129
1864	95	129
1865	94	129
1866	93	129
1867	92	129
1868	92	129
1869	92	129
1870	93	130
1871	93	130
1872	94	129
1873	95	130
1874	97	129
1875	97	129
1876	95	130
1877	94	130
1878	93	130
1879	92	130
1880	92	129
1881	92	130
1882	91	129
1883	92	129
1884	93	130
1885	94	130
1886	95	129
1887	95	129
1888	95	129
1889	96	129
1890	95	129
1891	94	130
1892	93	130
1893	91	129
1894	90	129
1895	91	130
1896	91	130
1897	93	129
1898	93	129
1899	95	129
1900	96	129
1901	97	130
1902	95	130
1903	95	129
1904	94	129
1905	93	130
1906	93	129
1907	93	130
1908	91	129
1909	91	129
1910	92	129
1911	93	130
1912	95	130
1913	95	130
1914	95	129
1915	95	129
1916	95	130
1917	94	130
1918	94	129
1919	92	129
1920	93	129
1921	94	129
1922	95	129
1923	96	129
1924	97	129
1925	97	129
1926	98	129
1927	100	129
1928	101	129
1929	102	129
1930	103	129
1931	99	129
1932	86	129
1933	85	129
1934	87	130
1935	94	129
1936	103	129
1937	111	129
1938	116	130
1939	112	130
1940	104	129
1941	95	129
1942	87	130
1943	83	129
1944	81	129
1945	80	130
1946	83	129
1947	89	129
1948	96	130
1949	105	129
1950	112	130
1951	111	129
1952	107	129
1953	102	129
1954	96	129
1955	94	130
1956	93	130
1957	92	129
1958	95	129
1959	97	129
1960	97	129
1961	99	130
1962	101	130
1963	100	130
1964	99	129
1965	95	129
1966	91	130
1967	91	129
1968	91	129
1969	93	129
1970	97	129
1971	98	129
1972	98	129
1973	98	129
1974	99	129
1975	99	129
1976	101	130
1977	102	129
1978	106	129
1979	109	129
1980	107	130
1981	103	130
1982	100	129
1983	95	129
1984	95	130
1985	96	129
1986	96	130
1987	97	129
1988	97	129
1989	97	129
1990	98	130
1991	97	130
1992	94	129
1993	93	129
1994	92	129
1995	92	130
1996	93	130
1997	93	130
1998	94	130
1999	97	130
2000	100	129
2001	101	130
2002	104	129
2003	103	129
2004	102	129
2005	101	129
2006	101	130
2007	100	129
2008	100	130
2009	99	129
2010	98	130
2011	97	130
2012	96	129
2013	95	130
2014	94	129
2015	92	129
2016	92	130
2017	94	129
2018	94	130
2019	95	130
2020	96	129
2021	95	129
2022	96	130
2023	97	130
2024	96	130
2025	95	129
2026	95	129
2027	94	130
2028	94	129
2029	94	130
2030	93	129
2031	94	129
2032	95	129
2033	95	130
2034	97	130
2035	97	130
2036	94	130
2037	94	129
2038	93	130
2039	92	129
2040	93	130
2041	93	129
2042	92	129
2043	92	129
2044	85	129
2045	87	129
2046	91	129
2047	96	129
2048	100	129
2049	103	129
2050	104	129
2051	103	130
2052	100	129
2053	95	129
2054	92	129
2055	91	129
2056	90	129
2057	90	129
2058	92	130
2059	95	130
2060	99	129
2061	103	130
2062	105	129
2063	103	130
2064	101	130
2065	99	130
2066	97	130
2067	95	129
2068	92	130
2069	92	130
2070	94	129
2071	96	130
2072	99	129
2073	103	129
2074	101	129
2075	101	130
2076	98	129
2077	95	129
2078	92	130
2079	91	130
2080	90	129
2081	93	130
2082	93	130
2083	94	129
2084	95	130
2085	93	130
2086	92	129
2087	94	129
2088	95	129
2089	95	129
2090	96	129
2091	96	129
2092	96	130
2093	97	130
2094	96	129
2095	96	129
2096	96	130
2097	96	130
2098	96	130
2099	97	130
2100	95	129
2101	95	129
2102	95	129
2103	96	130
2104	97	130
2105	98	129
2106	97	129
2107	97	129
2108	97	129
2109	98	130
2110	98	129
2111	98	130
2112	97	130
2113	98	129
2114	97	129
2115	96	130
2116	95	129
2117	94	129
2118	93	130
2119	94	129
2120	94	129
2121	95	130
2122	95	129
2123	95	129
2124	95	130
2125	97	129
2126	95	129
2127	95	130
2128	95	129
2129	95	129
2130	95	130
2131	95	129
2132	93	129
2133	94	130
2134	94	129
2135	94	129
2136	95	129
2137	96	130
2138	95	129
2139	96	129
2140	96	129
2141	95	130
2142	95	129
2143	94	129
2144	93	129
2145	95	130
2146	95	129
2147	95	130
2148	95	129
2149	94	130
2150	94	129
2151	96	129
2152	95	130
2153	95	129
2154	95	129
2155	94	130
2156	94	130
2157	95	130
2158	93	129
2159	94	130
2160	95	130
2161	95	130
2162	97	130
2163	97	129
2164	95	130
2165	96	130
2166	95	130
2167	94	130
2168	94	129
2169	93	129
2170	92	130
2171	93	129
2172	93	130
2173	94	129
2174	95	130
2175	94	129
2176	95	130
2177	96	129
2178	95	129
2179	95	129
2180	94	130
2181	92	129
2182	93	129
2183	93	129
2184	93	130
2185	94	130
2186	94	129
2187	95	130
2188	97	130
2189	97	130
2190	95	130
2191	96	130
2192	95	130
2193	94	130
2194	95	130
2195	93	129
2196	93	129
2197	93	129
2198	93	129
2199	94	129
2200	95	129
2201	94	129
2202	95	129
2203	96	129
2204	95	129
2205	95	129
2206	95	129
2207	92	129
2208	93	129
2209	93	129
2210	93	129
2211	93	129
2212	93	130
2213	93	129
2214	96	129
2215	95	130
2216	95	129
2217	96	130
2218	95	129
2219	95	129
2220	96	130
2221	94	130
2222	93	129
2223	93	129
2224	93	129
2225	93	129
2226	94	130
2227	93	130
2228	93	129
2229	94	129
2230	93	130
2231	94	129
2232	93	129
2233	91	129
2234	93	129
2235	94	129
2236	93	130
2237	94	130
2238	94	130
2239	92	129
2240	94	129
2241	95	129
2242	94	130
2243	94	130
2244	93	129
2245	92	130
2246	93	129
2247	91	129
2248	91	129
2249	92	129
2250	93	129
2251	93	129
2252	96	129
2253	95	129
2254	95	129
2255	95	129
2256	94	130
2257	94	130
2258	94	129
2259	92	129
2260	93	129
2261	93	130
2262	93	130
2263	94	129
2264	95	129
2265	93	129
2266	96	129
2267	96	129
2268	95	130
2269	95	130
2270	94	129
2271	91	130
2272	93	130
2273	93	129
2274	93	129
2275	94	130
2276	95	130
2277	96	130
2278	98	129
2279	97	130
2280	97	129
2281	97	129
2282	96	130
2283	95	130
2284	96	129
2285	93	130
2286	92	129
2287	90	129
2288	90	130
2289	90	130
2290	93	129
2291	94	130
2292	98	130
2293	102	129
2294	103	130
2295	103	129
2296	102	130
2297	95	129
2298	93	129
2299	89	129
2300	87	130
2301	87	129
2302	89	129
2303	89	130
2304	96	129
2305	100	129
2306	103	130
2307	103	130
2308	102	129
2309	98	129
2310	96	130
2311	92	130
2312	90	129
2313	90	129
2314	90	129
2315	91	129
2316	95	130
2317	96	130
2318	98	129
2319	100	129
2320	100	130
2321	98	129
2322	98	129
2323	95	129
2324	94	129
2325	93	129
2326	93	129
2327	94	129
2328	97	129
2329	101	130
2330	110	129
2331	119	129
2332	118	129
2333	95	130
2334	92	130
2335	89	129
2336	92	129
2337	94	130
2338	95	129
2339	96	130
2340	95	130
2341	93	130
2342	94	130
2343	92	130
2344	91	130
2345	91	130
2346	92	129
2347	94	129
2348	99	130
2349	102	129
2350	105	130
2351	108	130
2352	108	130
2353	105	130
2354	104	130
2355	99	129
2356	95	130
2357	94	130
2358	93	130
2359	95	129
2360	99	129
2361	104	129
2362	110	130
2363	114	129
2364	112	129
2365	107	130
2366	101	129
2367	94	130
2368	92	130
2369	90	130
2370	89	129
2371	89	129
2372	91	130
2373	92	129
2374	96	130
2375	97	130
2376	97	130
2377	97	129
2378	96	129
2379	95	130
2380	97	130
2381	95	129
2382	96	129
2383	98	129
2384	99	129
2385	101	129
2386	103	129
2387	102	129
2388	101	130
2389	101	129
2390	98	129
2391	97	129
2392	95	129
2393	92	129
2394	93	130
2395	93	129
2396	94	130
2397	95	130
2398	96	129
2399	95	129
2400	97	129
2401	97	130
2402	96	129
2403	95	130
2404	93	129
2405	92	129
2406	93	129
2407	92	130
2408	93	130
2409	95	130
2410	96	129
2411	97	129
2412	100	129
2413	97	129
2414	96	130
2415	96	129
2416	93	129
2417	92	129
2418	92	129
2419	88	130
2420	85	129
2421	84	129
2422	86	129
2423	91	129
2424	96	129
2425	101	129
2426	106	129
2427	106	129
2428	102	130
2429	97	130
2430	93	129
2431	89	129
2432	89	130
2433	89	129
2434	91	129
2435	95	130
2436	98	129
2437	103	129
2438	105	129
2439	104	130
2440	102	129
2441	100	130
2442	97	129
2443	96	129
2444	98	129
2445	100	130
2446	106	130
2447	111	130
2448	115	129
2449	113	129
2450	101	130
2451	91	129
2452	89	129
2453	87	129
2454	87	129
2455	90	129
2456	92	129
2457	97	130
2458	103	129
2459	106	129
2460	107	129
2461	106	129
2462	102	129
2463	99	129
2464	94	130
2465	90	130
2466	89	130
2467	89	129
2468	89	130
2469	92	129
2470	92	129
2471	93	129
2472	94	130
2473	94	129
2474	95	130
2475	95	129
2476	93	129
2477	92	129
2478	92	130
2479	90	129
2480	90	129
2481	90	129
2482	89	129
2483	92	129
2484	94	130
2485	95	129
2486	96	129
2487	97	130
2488	97	129
2489	99	130
2490	97	129
2491	95	129
2492	95	129
2493	96	130
2494	96	129
2495	98	129
2496	97	129
2497	97	130
2498	99	130
2499	99	130
2500	99	130
2501	100	130
2502	97	129
2503	97	129
2504	97	130
2505	96	130
2506	96	130
2507	95	130
2508	93	130
2509	95	130
2510	95	129
2511	94	130
2512	95	130
2513	96	130
2514	95	129
2515	98	130
2516	98	130
2517	95	130
2518	89	129
2519	87	130
2520	87	130
2521	91	129
2522	93	130
2523	97	130
2524	101	130
2525	105	130
2526	107	129
2527	106	130
2528	98	129
2529	94	130
2530	91	130
2531	89	129
2532	89	130
2533	91	130
2534	91	130
2535	94	129
2536	98	129
2537	100	130
2538	102	130
2539	101	129
2540	98	130
2541	97	129
2542	94	130
2543	92	129
2544	91	130
2545	90	129
2546	90	130
2547	93	129
2548	95	130
2549	97	130
2550	99	129
2551	100	129
2552	100	129
2553	100	129
2554	95	129
2555	94	130
2556	92	129
2557	90	130
2558	89	130
2559	91	130
2560	90	129
2561	92	129
2562	95	129
2563	98	129
2564	99	129
2565	101	130
2566	98	129
2567	98	129
2568	95	130
2569	92	129
2570	91	129
2571	90	130
2572	88	130
2573	91	129
2574	93	130
2575	94	129
2576	96	129
2577	98	129
2578	97	130
2579	99	129
2580	98	129
2581	96	129
2582	94	130
2583	92	129
2584	91	130
2585	92	130
2586	91	129
2587	92	129
2588	94	130
2589	96	130
2590	97	129
2591	100	130
2592	97	129
2593	96	130
2594	95	129
2595	93	129
2596	92	130
2597	93	130
2598	91	130
2599	92	129
2600	93	129
2601	94	130
2602	96	130
2603	97	129
2604	95	129
2605	97	129
2606	96	130
2607	94	130
2608	93	129
2609	92	130
2610	90	130
2611	92	130
2612	93	129
2613	93	130
2614	94	130
2615	95	129
2616	95	130
2617	97	130
2618	95	130
2619	95	129
2620	95	130
2621	93	129
2622	92	130
2623	94	130
2624	91	130
2625	91	130
2626	93	130
2627	94	129
2628	95	129
2629	97	130
2630	95	129
2631	95	130
2632	95	130
2633	94	130
2634	94	130
2635	93	130
2636	91	130
2637	92	130
2638	93	130
2639	92	130
2640	93	130
2641	93	129
2642	92	130
2643	95	130
2644	96	130
2645	95	130
2646	95	129
2647	95	129
2648	93	130
2649	93	130
2650	92	130
2651	91	130
2652	92	129
2653	92	129
2654	93	129
2655	96	129
2656	95	130
2657	94	130
2658	95	129
2659	95	129
2660	95	129
2661	95	130
2662	93	129
2663	92	130
2664	92	130
2665	92	129
2666	92	130
2667	93	129
2668	92	129
2669	93	129
2670	95	130
2671	95	129
2672	95	129
2673	95	129
2674	93	129
2675	93	130
2676	93	130
2677	92	130
2678	92	130
2679	92	130
2680	91	129
2681	92	129
2682	94	130
2683	93	129
2684	95	129
2685	95	129
2686	95	130
2687	96	129
2688	96	130
2689	95	129
2690	96	129
2691	96	129
2692	97	129
2693	99	130
2694	99	129
2695	99	129
2696	101	129
2697	102	129
2698	103	130
2699	104	129
2700	103	129
2701	100	129
2702	99	130
2703	94	129
2704	85	130
2705	83	130
2706	84	129
2707	87	129
2708	95	129
2709	99	129
2710	104	129
2711	105	129
2712	101	129
2713	95	129
2714	93	129
2715	89	129
2716	89	129
2717	90	129
2718	93	129
2719	98	130
2720	105	129
2721	107	129
2722	109	130
2723	104	130
2724	99	130
2725	95	130
2726	95	129
2727	92	130
2728	94	130
2729	95	130
2730	94	129
2731	94	130
2732	95	130
2733	94	129
2734	96	129
2735	97	130
2736	98	129
2737	102	129
2738	106	129
2739	108	130
2740	109	130
2741	108	130
2742	106	130
2743	103	129
2744	99	129
2745	95	129
2746	95	130
2747	94	130
2748	94	129
2749	95	129
2750	96	129
2751	94	130
2752	95	129
2753	94	130
2754	94	129
2755	95	129
2756	94	130
2757	94	130
2758	96	129
2759	95	129
2760	95	129
2761	97	129
2762	99	130
2763	101	129
2764	105	129
2765	104	130
2766	104	129
2767	103	129
2768	101	130
2769	99	129
2770	98	130
2771	94	130
2772	95	130
2773	95	129
2774	95	129
2775	97	130
2776	98	129
2777	97	129
2778	99	130
2779	98	130
2780	96	130
2781	95	130
2782	93	130
2783	91	130
2784	93	129
2785	93	129
2786	93	129
2787	94	129
2788	95	129
2789	94	130
2790	97	129
2791	96	130
2792	95	130
2793	95	129
2794	84	130
2795	80	130
2796	84	130
2797	86	129
2798	92	130
2799	101	129
2800	109	130
2801	114	130
2802	113	130
2803	103	130
2804	94	130
2805	88	130
2806	83	130
2807	81	129
2808	81	130
2809	81	130
2810	87	129
2811	94	130
2812	100	129
2813	107	130
2814	109	130
2815	105	129
2816	101	130
2817	97	129
2818	91	130
2819	89	129
2820	88	130
2821	89	129
2822	93	130
2823	97	129
2824	101	129
2825	105	129
2826	105	129
2827	103	129
2828	101	129
2829	97	129
2830	93	130
2831	93	129
2832	93	130
2833	94	129
2834	99	130
2835	102	130
2836	103	130
2837	105	129
2838	103	130
2839	100	130
2840	96	130
2841	92	129
2842	89	130
2843	89	129
2844	89	129
2845	91	130
2846	93	130
2847	93	130
2848	95	130
2849	97	130
2850	95	130
2851	94	129
2852	93	129
2853	92	130
2854	93	130
2855	95	130
2856	95	130
2857	95	129
2858	96	129
2859	96	130
2860	97	129
2861	98	130
2862	97	130
2863	97	130
2864	96	129
2865	95	129
2866	96	130
2867	97	130
2868	95	129
2869	97	130
2870	97	129
2871	97	130
2872	98	130
2873	99	130
2874	97	129
2875	97	129
2876	96	129
2877	96	129
2878	95	129
2879	94	129
2880	93	130
2881	94	130
2882	93	129
2883	93	129
2884	93	130
2885	94	130
2886	94	130
2887	97	130
2888	97	129
2889	97	129
2890	97	130
2891	96	129
2892	93	129
2893	95	129
2894	92	130
2895	93	130
2896	93	130
2897	93	129
2898	95	130
2899	98	130
2900	97	130
2901	99	130
2902	99	129
2903	97	129
2904	96	129
2905	97	130
2906	94	130
2907	94	130
2908	94	130
2909	94	129
2910	95	130
2911	97	130
2912	94	130
2913	89	130
2914	85	130
2915	86	129
2916	90	130
2917	94	129
2918	97	130
2919	103	130
2920	105	130
2921	103	129
2922	100	130
2923	95	130
2924	90	129
2925	89	130
2926	87	130
2927	87	129
2928	89	130
2929	90	129
2930	93	130
2931	99	130
2932	99	129
2933	101	130
2934	101	130
2935	98	130
2936	96	129
2937	95	130
2938	90	129
2939	89	129
2940	89	130
2941	89	129
2942	91	130
2943	95	129
2944	95	129
2945	98	129
2946	99	130
2947	99	129
2948	98	129
2949	96	130
2950	91	129
2951	92	129
2952	91	129
2953	90	129
2954	91	129
2955	92	129
2956	91	129
2957	95	129
2958	97	129
2959	97	129
2960	97	129
2961	96	130
2962	94	129
2963	94	129
2964	92	129
2965	91	130
2966	92	129
2967	92	129
2968	93	129
2969	96	129
2970	95	129
2971	95	129
2972	95	129
2973	95	129
2974	95	129
2975	96	129
2976	93	129
2977	93	130
2978	93	129
2979	93	130
2980	93	129
2981	94	130
2982	93	129
2983	95	130
2984	96	130
2985	95	129
2986	94	130
2987	93	129
2988	89	129
2989	91	130
2990	91	130
2991	91	129
2992	93	129
2993	95	129
2994	95	129
2995	97	129
2996	97	129
2997	95	129
2998	95	129
2999	93	130
3000	92	130
3001	93	129
3002	91	129
3003	90	129
3004	92	130
3005	93	129
3006	94	129
3007	97	130
3008	96	130
3009	96	129
3010	95	130
3011	94	130
3012	93	130
3013	92	130
3014	90	130
3015	91	129
3016	92	129
3017	92	129
3018	94	130
3019	95	129
3020	93	129
3021	95	130
3022	96	130
3023	95	130
3024	94	129
3025	94	130
3026	91	130
3027	92	130
3028	92	130
3029	91	130
3030	93	129
3031	93	129
3032	93	129
3033	96	130
3034	96	129
3035	95	130
3036	97	129
3037	97	129
3038	96	130
3039	97	129
3040	96	129
3041	95	129
3042	96	130
3043	95	129
3044	95	129
3045	96	129
3046	94	129
3047	93	130
3048	94	130
3049	93	130
3050	94	129
3051	95	130
3052	93	129
3053	94	129
3054	96	129
3055	95	129
3056	97	129
3057	98	130
3058	97	129
3059	98	129
3060	97	129
3061	94	129
3062	93	129
3063	93	129
3064	92	129
3065	94	129
3066	96	129
3067	96	130
3068	98	129
3069	98	130
3070	97	130
3071	97	129
3072	94	130
3073	92	130
3074	93	129
3075	93	129
3076	93	129
3077	96	129
3078	97	130
3079	100	129
3080	104	130
3081	107	129
3082	112	130
3083	114	129
3084	93	130
3085	88	129
3086	90	129
3087	93	129
3088	98	130
3089	102	130
3090	103	129
3091	102	129
3092	99	129
3093	92	130
3094	88	129
3095	85	130
3096	84	130
3097	88	129
3098	92	129
3099	97	130
3100	104	130
3101	109	130
3102	108	130
3103	107	130
3104	103	129
3105	98	129
3106	98	129
3107	97	129
3108	97	129
3109	98	129
3110	98	129
3111	97	130
3112	98	130
3113	99	129
3114	100	130
3115	100	129
3116	100	129
3117	104	129
3118	110	130
3119	112	129
3120	111	130
3121	106	130
3122	98	129
3123	93	129
3124	90	129
3125	87	129
3126	88	130
3127	89	130
3128	93	130
3129	97	129
3130	100	130
3131	99	130
3132	99	129
3133	97	130
3134	95	129
3135	95	129
3136	95	130
3137	94	130
3138	97	129
3139	99	129
3140	101	130
3141	103	130
3142	103	130
3143	100	129
3144	99	130
3145	96	130
3146	95	129
3147	93	130
3148	92	130
3149	92	130
3150	95	130
3151	94	129
3152	96	129
3153	96	130
3154	96	130
3155	96	129
3156	97	129
3157	95	130
3158	95	129
3159	94	129
3160	94	130
3161	93	129
3162	94	129
3163	92	130
3164	93	129
3165	93	129
3166	93	130
3167	95	129
3168	95	129
3169	94	130
3170	95	130
3171	94	130
3172	94	129
3173	95	129
3174	95	130
3175	94	130
3176	95	130
3177	94	129
3178	94	130
3179	94	130
3180	93	130
3181	93	129
3182	95	129
3183	94	130
3184	95	130
3185	95	130
3186	94	129
3187	94	130
3188	95	129
3189	94	130
3190	95	129
3191	95	130
3192	95	129
3193	97	130
3194	100	130
3195	100	130
3196	102	129
3197	102	130
3198	101	130
3199	102	130
3200	105	130
3201	107	130
3202	114	130
3203	119	129
3204	106	129
3205	97	130
3206	96	130
3207	95	130
3208	97	130
3209	97	129
3210	97	129
3211	97	129
3212	96	129
3213	94	130
3214	95	129
3215	93	129
3216	93	129
3217	93	129
3218	94	129
3219	96	129
3220	101	130
3221	103	130
3222	106	130
3223	109	130
3224	110	129
3225	107	130
3226	105	130
3227	99	130
3228	98	129
3229	95	130
3230	93	130
3231	92	129
3232	91	130
3233	88	130
3234	90	130
3235	91	129
3236	92	129
3237	93	130
3238	94	130
3239	91	129
3240	92	129
3241	93	129
3242	94	130
3243	95	129
3244	96	129
3245	94	129
3246	95	129
3247	93	130
3248	93	130
3249	92	129
3250	92	129
3251	91	130
3252	93	129
3253	91	130
3254	93	129
3255	94	130
3256	96	129
3257	97	130
3258	100	130
3259	98	130
3260	97	129
3261	96	129
3262	96	129
3263	97	130
3264	100	129
3265	99	129
3266	101	129
3267	101	129
3268	100	130
3269	99	130
3270	100	129
3271	97	130
3272	98	129
3273	97	129
3274	97	129
3275	96	129
3276	97	130
3277	95	129
3278	96	129
3279	94	130
3280	93	130
3281	93	129
3282	92	130
3283	90	129
3284	93	129
3285	93	130
3286	93	129
3287	93	129
3288	93	130
3289	92	130
3290	93	130
3291	91	130
3292	91	130
3293	91	130
3294	91	129
3295	91	130
3296	94	129
3297	93	130
3298	94	130
3299	95	130
3300	97	129
3301	100	129
3302	105	130
3303	107	130
3304	116	129
3305	122	130
3306	124	130
3307	107	129
3308	99	129
3309	92	130
3310	90	130
3311	88	129
3312	88	129
3313	88	130
3314	90	130
3315	91	130
3316	96	130
3317	98	130
3318	98	129
3319	99	130
3320	97	129
3321	94	130
3322	94	129
3323	90	129
3324	89	129
3325	89	129
3326	89	129
3327	90	129
3328	93	130
3329	93	129
3330	95	129
3331	95	130
3332	92	129
3333	92	129
3334	96	130
3335	96	130
3336	98	129
3337	98	129
3338	98	129
3339	97	129
3340	97	130
3341	93	130
3342	93	129
3343	93	130
3344	92	130
3345	93	129
3346	94	129
3347	93	130
3348	97	129
3349	97	130
3350	97	130
3351	98	129
3352	99	129
3353	97	130
3354	101	129
3355	101	130
3356	103	130
3357	105	129
3358	104	130
3359	102	130
3360	101	130
3361	96	129
3362	93	130
3363	91	129
3364	89	129
3365	89	130
3366	91	129
3367	90	130
3368	91	130
3369	93	130
3370	95	129
3371	93	130
3372	91	129
3373	90	129
3374	94	129
3375	97	129
3376	99	129
3377	101	130
3378	101	129
3379	97	130
3380	96	130
3381	94	129
3382	92	130
3383	91	129
3384	92	130
3385	91	130
3386	94	130
3387	96	130
3388	98	129
3389	100	130
3390	99	129
3391	97	130
3392	97	129
3393	94	130
3394	92	129
3395	91	130
3396	91	130
3397	91	129
3398	94	129
3399	94	129
3400	96	129
3401	98	129
3402	98	129
3403	98	130
3404	99	130
3405	95	129
3406	94	129
3407	93	130
3408	91	130
3409	91	129
3410	92	130
3411	91	130
3412	93	129
3413	94	130
3414	94	129
3415	95	130
3416	95	130
3417	94	130
3418	95	130
3419	95	130
3420	94	130
3421	93	129
3422	92	129
3423	91	129
3424	93	129
3425	93	130
3426	94	129
3427	95	130
3428	96	129
3429	96	130
3430	98	129
3431	96	130
3432	94	130
3433	94	129
3434	93	130
3435	93	130
3436	94	129
3437	93	130
3438	93	130
3439	94	129
3440	95	129
3441	95	130
3442	96	130
3443	95	130
3444	95	129
3445	95	129
3446	94	129
3447	94	130
3448	93	129
3449	92	130
3450	93	130
3451	95	130
3452	93	129
3453	94	129
3454	94	130
3455	93	129
3456	95	130
3457	95	130
3458	94	130
3459	95	129
3460	94	130
3461	94	130
3462	94	129
3463	93	130
3464	92	129
3465	93	129
3466	93	129
3467	94	129
3468	95	130
3469	95	130
3470	95	130
3471	95	130
3472	95	129
3473	94	129
3474	94	130
3475	93	129
3476	92	129
3477	93	130
3478	92	130
3479	93	130
3480	93	129
3481	92	130
3482	93	129
3483	95	129
3484	94	129
3485	94	130
3486	94	129
3487	93	129
3488	92	129
3489	93	130
3490	92	130
3491	92	130
3492	92	130
3493	93	129
3494	94	130
3495	95	130
3496	94	130
3497	95	129
3498	95	130
3499	95	129
3500	95	130
3501	95	129
3502	93	129
3503	93	129
3504	93	129
3505	93	130
3506	94	129
3507	95	130
3508	95	130
3509	97	129
3510	97	130
3511	97	129
3512	96	129
3513	95	129
3514	93	129
3515	93	129
3516	92	130
3517	92	129
3518	92	129
3519	93	129
3520	95	129
3521	99	129
3522	101	130
3523	104	129
3524	106	129
3525	106	129
3526	104	129
3527	103	129
3528	100	129
3529	98	130
3530	96	130
3531	94	129
3532	93	129
3533	92	130
3534	89	130
3535	87	129
3536	84	129
3537	85	129
3538	90	129
3539	97	129
3540	101	129
3541	106	130
3542	106	130
3543	103	129
3544	98	129
3545	94	129
3546	91	129
3547	92	130
3548	95	130
3549	99	129
3550	104	129
3551	106	130
3552	102	129
3553	101	129
3554	96	129
3555	93	130
3556	91	130
3557	91	129
3558	91	129
3559	95	130
3560	95	130
3561	95	129
3562	96	129
3563	96	129
3564	97	129
3565	100	130
3566	99	130
3567	102	130
3568	105	129
3569	107	130
3570	108	130
3571	108	129
3572	103	130
3573	100	129
3574	97	130
3575	96	129
3576	97	129
3577	98	130
3578	98	130
3579	99	129
3580	99	130
3581	97	129
3582	95	129
3583	94	129
3584	91	130
3585	91	130
3586	92	130
3587	93	129
3588	95	129
3589	96	130
3590	95	130
3591	97	130
3592	97	130
3593	97	130
3594	99	129
3595	100	129
3596	102	130
3597	105	130
3598	105	130
3599	104	129
3600	103	130
3601	101	130
3602	99	130
3603	97	130
3604	94	130
3605	92	129
3606	91	130
3607	91	130
3608	92	129
3609	95	129
3610	95	130
3611	97	130
3612	98	129
3613	98	129
3614	98	130
3615	97	129
3616	94	129
3617	93	130
3618	93	130
3619	91	130
3620	91	130
3621	91	130
3622	90	130
3623	92	130
3624	94	130
3625	95	129
3626	95	129
3627	96	130
3628	96	129
3629	98	129
3630	98	130
3631	97	130
3632	96	130
3633	94	130
3634	91	130
3635	89	130
3636	89	130
3637	89	129
3638	90	129
3639	93	129
3640	96	129
3641	100	130
3642	102	130
3643	103	130
3644	104	129
3645	102	129
3646	99	129
3647	96	130
3648	94	130
3649	92	129
3650	93	129
3651	93	130
3652	95	130
3653	97	130
3654	98	129
3655	99	130
3656	100	129
3657	98	130
3658	97	130
3659	97	130
3660	98	129
3661	100	129
3662	103	130
3663	103	129
3664	101	129
3665	98	129
3666	94	129
3667	91	129
3668	89	129
3669	87	129
3670	88	130
3671	89	129
3672	91	130
3673	94	129
3674	95	129
3675	95	130
3676	95	129
3677	93	129
3678	92	130
3679	92	129
3680	93	130
3681	93	130
3682	94	130
3683	95	130
3684	95	129
3685	95	130
3686	95	129
3687	96	130
3688	98	129
3689	99	130
3690	100	130
3691	100	129
3692	99	129
3693	98	129
3694	98	129
3695	96	130
3696	95	129
3697	94	130
3698	94	130
3699	94	129
3700	96	130
3701	96	130
3702	97	129
3703	97	130
3704	97	130
3705	97	130
3706	97	130
3707	95	130
3708	95	130
3709	94	129
3710	94	129
3711	94	129
3712	95	130
3713	94	130
3714	95	129
3715	96	130
3716	96	129
3717	97	130
3718	97	130
3719	96	129
3720	97	129
3721	95	129
3722	95	129
3723	94	130
3724	93	130
3725	92	130
3726	94	129
3727	94	130
3728	95	130
3729	95	129
3730	96	129
3731	95	129
3732	97	130
3733	96	129
3734	95	129
3735	95	129
3736	94	129
3737	94	130
3738	95	129
3739	93	130
3740	93	129
3741	94	129
3742	95	129
3743	95	129
3744	97	129
3745	95	129
3746	95	130
3747	95	129
3748	94	129
3749	94	129
3750	94	130
3751	92	129
3752	93	130
3753	93	129
3754	94	130
3755	95	130
3756	95	129
3757	94	129
3758	96	130
3759	96	130
3760	95	130
3761	95	130
3762	95	130
3763	93	130
3764	94	130
3765	94	130
3766	94	129
3767	94	130
3768	94	129
3769	94	129
3770	95	129
3771	95	130
3772	95	130
3773	95	129
3774	95	130
3775	95	129
3776	96	129
3777	94	129
3778	93	130
3779	93	129
3780	93	130
3781	93	129
3782	94	129
3783	94	130
3784	94	129
3785	95	130
3786	95	130
3787	95	130
3788	95	129
3789	93	130
3790	93	129
3791	93	129
3792	93	130
3793	93	130
3794	93	130
3795	92	130
3796	94	129
3797	95	130
3798	95	130
3799	95	129
3800	95	130
3801	94	129
3802	94	130
3803	95	129
3804	94	130
3805	94	130
3806	94	130
3807	94	129
3808	95	129
3809	95	130
3810	94	130
3811	94	129
3812	94	129
3813	93	129
3814	94	130
3815	94	129
3816	93	130
3817	93	129
3818	92	130
3819	92	129
3820	93	129
3821	93	130
3822	93	129
3823	94	129
3824	94	129
3825	95	129
3826	94	129
3827	93	129
3828	93	129
3829	93	129
3830	93	129
3831	92	129
3832	92	129
3833	92	130
3834	93	130
3835	94	129
3836	95	129
3837	95	129
3838	95	130
3839	94	130
3840	93	129
3841	94	129
3842	93	130
3843	92	129
3844	92	129
3845	93	130
3846	93	129
3847	95	129
3848	93	129
3849	94	130
3850	95	130
3851	94	130
3852	94	129
3853	94	130
3854	93	129
3855	93	130
3856	93	129
3857	93	129
3858	94	129
3859	95	129
3860	95	129
3861	96	129
3862	97	129
3863	96	129
3864	96	130
3865	95	130
3866	94	130
3867	95	130
3868	93	129
3869	91	130
3870	92	129
3871	94	130
3872	95	130
3873	99	129
3874	100	129
3875	100	130
3876	98	130
3877	95	129
3878	93	129
3879	93	130
3880	90	130
3881	90	130
3882	91	129
3883	92	130
3884	94	130
3885	96	129
3886	96	130
3887	97	130
3888	98	129
3889	98	129
3890	97	130
3891	97	129
3892	95	129
3893	95	130
3894	94	130
3895	94	130
3896	94	130
3897	95	129
3898	94	130
3899	97	130
3900	99	129
3901	100	129
3902	101	129
3903	103	130
3904	104	129
3905	108	130
3906	110	129
3907	107	130
3908	88	129
3909	87	129
3910	89	130
3911	93	130
3912	97	129
3913	101	129
3914	102	130
3915	100	129
3916	96	129
3917	94	129
3918	90	129
3919	88	129
3920	89	129
3921	91	129
3922	96	129
3923	103	130
3924	106	129
3925	107	129
3926	106	130
3927	104	129
3928	101	130
3929	101	129
3930	99	129
3931	100	130
3932	102	129
3933	102	129
3934	101	129
3935	101	130
3936	99	129
3937	99	130
3938	99	129
3939	97	129
3940	95	130
3941	94	129
3942	93	129
3943	93	129
3944	94	129
3945	94	129
3946	95	130
3947	95	130
3948	95	129
3949	97	129
3950	97	129
3951	96	129
3952	96	129
3953	97	130
3954	97	129
3955	98	129
3956	98	129
3957	97	129
3958	96	130
3959	96	129
3960	96	130
3961	96	130
3962	96	130
3963	95	129
3964	96	129
3965	95	129
3966	95	129
3967	95	130
3968	94	129
3969	93	129
3970	93	129
3971	93	130
3972	93	130
3973	94	129
3974	94	129
3975	96	130
3976	98	130
3977	93	129
3978	85	130
3979	85	129
3980	88	129
3981	92	130
3982	99	129
3983	105	130
3984	107	130
3985	105	129
3986	96	130
3987	91	130
3988	89	130
3989	86	129
3990	87	130
3991	88	129
3992	91	129
3993	95	129
3994	100	130
3995	102	129
3996	102	130
3997	101	130
3998	98	129
3999	94	130
4000	93	130
4001	92	129
4002	93	130
4003	95	130
4004	97	129
4005	99	129
4006	99	129
4007	98	130
4008	98	129
4009	97	129
4010	95	129
4011	95	129
4012	97	130
4013	104	130
4014	117	130
4015	130	130
4016	127	130
4017	104	130
4018	95	130
4019	91	130
4020	91	130
4021	90	129
4022	91	130
4023	93	130
4024	96	130
4025	99	130
4026	101	129
4027	101	130
4028	101	130
4029	99	130
4030	98	130
4031	96	129
4032	95	129
4033	94	129
4034	94	130
4035	97	130
4036	101	130
4037	105	130
4038	109	129
4039	110	130
4040	107	129
4041	101	129
4042	95	129
4043	92	129
4044	91	130
4045	90	130
4046	91	129
4047	93	129
4048	94	129
4049	95	130
4050	95	129
4051	93	129
4052	91	130
4053	90	129
4054	90	129
4055	91	129
4056	93	130
4057	95	129
4058	96	129
4059	96	129
4060	95	129
4061	94	129
4062	93	130
4063	93	129
4064	93	130
4065	93	129
4066	93	130
4067	92	129
4068	91	129
4069	92	130
4070	95	129
4071	97	129
4072	100	130
4073	101	130
4074	100	129
4075	99	129
4076	99	130
4077	99	129
4078	99	130
4079	101	129
4080	101	129
4081	100	130
4082	99	129
4083	97	129
4084	96	129
4085	96	129
4086	95	129
4087	95	130
4088	95	130
4089	95	129
4090	94	130
4091	95	129
4092	94	129
4093	94	129
4094	93	129
4095	93	129
