
TIME STEP:
125 = 0.2ms

VOLTAGE STEP:
CH1:  32 = 0.15V
CH2:  32 = 5V
GND	58	128
N	CH1	CH2

0	122	129
1	132	129
2	133	129
3	126	129
4	117	130
5	107	129
6	107	129
7	115	129
8	124	129
9	130	129
10	126	129
11	114	130
12	109	130
13	107	129
14	107	130
15	111	130
16	112	129
17	110	129
18	112	129
19	111	129
20	108	129
21	108	130
22	109	129
23	109	129
24	109	130
25	102	129
26	104	129
27	109	129
28	111	129
29	110	129
30	111	129
31	109	129
32	107	129
33	109	130
34	111	129
35	114	129
36	118	129
37	118	130
38	121	129
39	125	129
40	126	129
41	126	129
42	124	130
43	119	129
44	117	129
45	115	129
46	111	130
47	112	129
48	111	129
49	109	130
50	111	129
51	111	129
52	110	130
53	111	130
54	110	129
55	109	129
56	110	129
57	108	129
58	107	129
59	107	129
60	106	129
61	107	129
62	109	129
63	112	129
64	119	129
65	127	129
66	125	129
67	118	130
68	115	129
69	108	129
70	104	129
71	102	129
72	101	129
73	102	129
74	102	130
75	103	129
76	107	130
77	108	129
78	108	129
79	110	129
80	108	129
81	106	129
82	107	129
83	109	130
84	110	129
85	111	129
86	110	129
87	107	129
88	109	130
89	110	129
90	110	130
91	112	130
92	113	129
93	114	129
94	117	129
95	117	130
96	118	129
97	120	129
98	119	129
99	117	129
100	114	129
101	107	129
102	103	130
103	105	129
104	108	130
105	112	129
106	116	130
107	116	129
108	115	129
109	114	130
110	110	129
111	109	129
112	107	129
113	106	129
114	108	130
115	111	129
116	111	129
117	112	129
118	111	129
119	109	129
120	108	129
121	108	129
122	107	129
123	108	129
124	110	129
125	111	129
126	113	130
127	113	129
128	111	129
129	111	129
130	110	130
131	109	129
132	110	129
133	109	130
134	109	130
135	111	130
136	112	129
137	113	130
138	113	129
139	112	129
140	111	129
141	110	129
142	108	129
143	108	129
144	107	129
145	107	130
146	109	129
147	111	129
148	110	130
149	110	130
150	109	129
151	107	130
152	107	130
153	107	129
154	106	129
155	107	129
156	108	129
157	111	129
158	113	129
159	115	129
160	113	129
161	113	130
162	110	129
163	108	130
164	108	130
165	107	129
166	106	130
167	109	129
168	111	130
169	112	130
170	113	130
171	112	129
172	110	129
173	110	130
174	108	130
175	107	130
176	107	130
177	107	130
178	108	130
179	111	130
180	110	129
181	110	130
182	109	129
183	107	129
184	106	130
185	108	130
186	107	129
187	107	130
188	108	130
189	108	129
190	108	129
191	109	130
192	108	129
193	108	129
194	107	129
195	106	129
196	107	129
197	108	130
198	106	129
199	107	129
200	108	130
201	109	129
202	110	129
203	111	129
204	109	129
205	109	129
206	107	130
207	107	130
208	107	129
209	107	129
210	107	130
211	110	129
212	109	129
213	109	129
214	109	129
215	108	129
216	106	129
217	108	129
218	107	130
219	108	129
220	108	129
221	108	130
222	107	129
223	109	129
224	109	129
225	109	129
226	109	130
227	109	129
228	109	129
229	110	129
230	109	130
231	110	129
232	112	129
233	112	130
234	112	130
235	110	129
236	104	129
237	104	130
238	105	129
239	109	129
240	113	129
241	117	129
242	115	129
243	115	129
244	112	129
245	110	130
246	108	129
247	107	129
248	106	130
249	109	129
250	111	129
251	113	129
252	114	130
253	114	129
254	112	129
255	112	129
256	110	129
257	108	130
258	108	130
259	109	130
260	110	129
261	113	130
262	112	130
263	113	130
264	113	129
265	112	130
266	110	129
267	109	130
268	105	129
269	105	129
270	107	129
271	110	129
272	114	129
273	120	129
274	120	129
275	116	129
276	107	129
277	101	129
278	100	129
279	103	129
280	107	129
281	116	129
282	123	130
283	125	129
284	123	129
285	116	129
286	107	129
287	103	129
288	100	130
289	100	129
290	103	130
291	109	129
292	115	130
293	123	130
294	123	130
295	120	129
296	113	129
297	106	130
298	103	130
299	104	129
300	105	130
301	109	129
302	117	130
303	125	129
304	133	130
305	137	129
306	133	129
307	125	130
308	115	130
309	107	129
310	101	130
311	100	130
312	100	129
313	104	130
314	108	129
315	113	129
316	115	129
317	116	130
318	112	130
319	110	130
320	108	129
321	106	129
322	106	129
323	107	130
324	109	130
325	112	130
326	114	129
327	115	130
328	116	130
329	118	129
330	122	129
331	130	129
332	137	129
333	132	129
334	124	129
335	113	129
336	108	129
337	105	129
338	105	129
339	108	129
340	110	129
341	111	129
342	110	130
343	110	129
344	109	130
345	107	130
346	109	129
347	110	129
348	109	130
349	109	129
350	107	129
351	109	129
352	108	129
353	106	129
354	106	129
355	106	130
356	109	129
357	113	129
358	117	129
359	116	129
360	116	129
361	119	130
362	123	130
363	127	129
364	129	129
365	125	129
366	121	129
367	115	129
368	111	129
369	110	129
370	110	130
371	110	130
372	112	130
373	113	130
374	113	129
375	112	129
376	110	129
377	107	130
378	107	129
379	106	129
380	106	130
381	107	129
382	109	129
383	109	129
384	112	129
385	113	129
386	116	129
387	120	129
388	123	129
389	118	129
390	107	129
391	102	129
392	100	129
393	99	130
394	102	129
395	105	130
396	108	130
397	107	130
398	106	129
399	106	129
400	107	129
401	110	129
402	114	130
403	111	129
404	108	129
405	108	130
406	108	129
407	111	130
408	114	129
409	113	129
410	112	129
411	111	129
412	109	129
413	109	129
414	112	129
415	113	129
416	115	129
417	115	129
418	117	130
419	118	129
420	119	129
421	117	129
422	117	129
423	115	130
424	112	130
425	110	129
426	106	129
427	102	129
428	102	129
429	103	129
430	106	129
431	111	129
432	115	130
433	115	130
434	115	129
435	111	129
436	109	129
437	108	129
438	107	129
439	108	130
440	112	129
441	112	130
442	113	129
443	113	129
444	112	129
445	110	129
446	110	129
447	108	129
448	108	129
449	109	129
450	109	130
451	111	129
452	112	130
453	111	129
454	111	129
455	110	130
456	109	130
457	109	129
458	110	130
459	110	130
460	112	130
461	113	130
462	111	129
463	111	130
464	109	129
465	107	130
466	108	129
467	108	129
468	108	129
469	110	129
470	111	130
471	111	129
472	112	130
473	110	130
474	109	129
475	108	129
476	107	129
477	107	129
478	109	129
479	108	129
480	109	129
481	110	129
482	110	130
483	110	129
484	109	129
485	108	129
486	109	129
487	109	129
488	109	129
489	110	129
490	111	129
491	110	129
492	111	130
493	110	129
494	109	129
495	108	130
496	107	129
497	107	130
498	108	129
499	108	129
500	109	130
501	110	129
502	110	129
503	111	129
504	111	129
505	110	130
506	108	129
507	108	129
508	107	129
509	107	130
510	107	129
511	107	129
512	107	129
513	108	129
514	109	129
515	109	129
516	109	129
517	109	129
518	108	129
519	108	129
520	108	129
521	108	130
522	108	129
523	107	129
524	107	129
525	109	129
526	108	129
527	108	129
528	109	130
529	108	130
530	108	130
531	109	129
532	109	129
533	109	129
534	109	129
535	107	130
536	107	129
537	108	129
538	107	130
539	108	129
540	109	130
541	109	130
542	109	129
543	110	130
544	109	129
545	109	130
546	109	129
547	108	129
548	109	129
549	109	129
550	107	129
551	108	129
552	109	129
553	109	129
554	109	129
555	110	130
556	109	129
557	111	129
558	110	129
559	110	129
560	110	130
561	109	129
562	108	129
563	109	129
564	110	129
565	110	130
566	110	129
567	110	129
568	109	129
569	111	129
570	110	130
571	110	129
572	110	129
573	110	129
574	110	130
575	111	129
576	110	130
577	110	129
578	111	129
579	111	129
580	111	129
581	112	129
582	110	129
583	110	129
584	110	129
585	111	130
586	111	129
587	113	130
588	112	130
589	113	130
590	114	130
591	113	129
592	113	129
593	112	129
594	111	129
595	112	129
596	112	129
597	111	129
598	108	129
599	105	129
600	105	129
601	109	129
602	110	129
603	110	129
604	111	129
605	113	129
606	112	129
607	112	129
608	110	129
609	110	130
610	111	130
611	111	129
612	111	129
613	112	130
614	111	130
615	112	129
616	113	129
617	113	129
618	113	130
619	113	130
620	110	129
621	110	129
622	113	129
623	117	129
624	123	129
625	129	129
626	131	130
627	128	130
628	119	129
629	109	130
630	103	129
631	99	130
632	98	129
633	102	129
634	107	129
635	111	130
636	115	129
637	116	129
638	113	129
639	110	130
640	104	129
641	100	129
642	99	129
643	100	130
644	106	129
645	117	129
646	129	130
647	135	129
648	134	129
649	129	130
650	124	130
651	125	129
652	124	129
653	122	130
654	117	130
655	110	129
656	105	129
657	105	129
658	106	129
659	109	130
660	112	129
661	112	130
662	110	129
663	108	129
664	106	129
665	108	129
666	109	130
667	109	129
668	108	130
669	110	129
670	107	129
671	107	130
672	108	129
673	108	129
674	107	130
675	107	129
676	109	129
677	113	129
678	118	129
679	120	129
680	121	129
681	120	129
682	119	130
683	122	129
684	126	129
685	125	129
686	123	129
687	120	129
688	115	130
689	112	129
690	110	129
691	107	130
692	108	130
693	109	130
694	110	129
695	111	130
696	111	129
697	110	130
698	110	129
699	109	130
700	108	129
701	107	129
702	106	130
703	105	130
704	107	130
705	108	130
706	109	129
707	111	130
708	115	129
709	123	129
710	135	129
711	127	129
712	114	129
713	103	129
714	97	130
715	96	129
716	99	130
717	103	130
718	106	129
719	106	130
720	102	129
721	104	130
722	109	129
723	110	129
724	111	130
725	112	129
726	110	129
727	109	130
728	109	129
729	109	129
730	109	129
731	110	129
732	111	130
733	111	129
734	109	129
735	108	129
736	111	129
737	115	130
738	116	129
739	118	129
740	118	130
741	116	129
742	117	129
743	115	129
744	109	129
745	106	129
746	107	129
747	108	129
748	112	129
749	115	129
750	116	129
751	115	129
752	113	129
753	108	129
754	107	129
755	106	129
756	107	129
757	110	129
758	112	129
759	112	129
760	113	130
761	112	129
762	110	129
763	109	129
764	108	129
765	108	129
766	109	129
767	109	129
768	110	129
769	111	129
770	112	129
771	112	129
772	111	129
773	110	129
774	110	129
775	110	129
776	109	130
777	110	129
778	110	129
779	111	129
780	111	129
781	111	130
782	111	129
783	111	129
784	110	130
785	109	129
786	109	129
787	109	129
788	108	129
789	109	129
790	109	129
791	109	129
792	110	129
793	110	129
794	109	130
795	108	129
796	107	129
797	104	129
798	103	129
799	107	129
800	112	129
801	117	129
802	120	129
803	119	129
804	114	129
805	109	129
806	104	129
807	102	129
808	102	129
809	103	129
810	107	129
811	112	129
812	115	129
813	117	129
814	115	129
815	110	130
816	107	129
817	104	129
818	102	130
819	105	129
820	107	130
821	111	130
822	114	129
823	115	129
824	114	129
825	111	129
826	107	129
827	104	130
828	102	129
829	103	130
830	105	129
831	109	130
832	111	130
833	113	129
834	113	129
835	111	129
836	109	130
837	107	129
838	104	130
839	104	129
840	104	129
841	107	129
842	109	129
843	111	129
844	110	129
845	111	129
846	110	129
847	108	130
848	107	129
849	105	129
850	104	129
851	105	130
852	107	129
853	108	130
854	110	130
855	111	130
856	111	129
857	111	130
858	109	130
859	107	130
860	107	130
861	105	129
862	105	129
863	106	129
864	105	129
865	107	130
866	110	129
867	113	130
868	114	130
869	115	129
870	113	129
871	110	129
872	108	130
873	107	129
874	107	129
875	108	129
876	110	129
877	112	129
878	114	129
879	113	129
880	111	130
881	109	129
882	107	130
883	107	130
884	108	129
885	109	130
886	111	130
887	113	130
888	113	129
889	113	129
890	113	130
891	112	129
892	110	130
893	110	129
894	109	129
895	110	129
896	112	129
897	112	130
898	113	129
899	114	129
900	113	130
901	113	129
902	112	129
903	110	130
904	110	130
905	110	130
906	109	129
907	107	129
908	106	129
909	107	129
910	110	130
911	114	129
912	116	129
913	116	129
914	116	129
915	114	130
916	112	129
917	109	129
918	106	129
919	105	130
920	104	129
921	105	129
922	109	129
923	112	130
924	115	129
925	117	129
926	116	129
927	113	129
928	113	130
929	112	129
930	111	129
931	110	130
932	109	129
933	110	129
934	111	129
935	110	129
936	110	130
937	110	129
938	112	129
939	118	129
940	128	130
941	135	129
942	138	130
943	133	130
944	121	130
945	109	129
946	101	129
947	95	129
948	95	129
949	97	130
950	103	130
951	109	130
952	116	129
953	119	129
954	118	129
955	113	129
956	106	129
957	101	130
958	100	129
959	103	129
960	112	129
961	122	130
962	129	129
963	128	129
964	121	130
965	114	130
966	115	129
967	121	130
968	128	130
969	125	129
970	117	129
971	112	129
972	109	129
973	107	129
974	108	129
975	108	129
976	109	129
977	109	129
978	111	129
979	111	130
980	110	129
981	106	129
982	105	129
983	104	130
984	108	129
985	111	129
986	113	130
987	112	129
988	107	129
989	106	130
990	108	129
991	109	129
992	111	129
993	113	129
994	116	129
995	121	130
996	126	130
997	129	129
998	129	129
999	127	129
1000	123	129
1001	117	129
1002	111	130
1003	107	129
1004	105	130
1005	106	130
1006	109	129
1007	113	129
1008	116	129
1009	117	129
1010	117	130
1011	113	130
1012	109	130
1013	106	130
1014	104	129
1015	103	129
1016	105	129
1017	107	130
1018	110	129
1019	115	130
1020	121	130
1021	104	129
1022	107	129
1023	113	129
1024	117	129
1025	115	129
1026	107	129
1027	101	129
1028	99	130
1029	100	129
1030	103	129
1031	108	130
1032	111	129
1033	111	129
1034	113	129
1035	109	129
1036	108	129
1037	109	129
1038	110	129
1039	110	129
1040	109	129
1041	108	129
1042	110	129
1043	112	129
1044	111	129
1045	111	129
1046	111	129
1047	111	130
1048	112	129
1049	115	129
1050	117	129
1051	118	129
1052	118	129
1053	117	129
1054	113	129
1055	112	129
1056	110	129
1057	109	129
1058	110	129
1059	110	129
1060	110	129
1061	111	129
1062	110	129
1063	110	129
1064	110	130
1065	109	129
1066	109	129
1067	109	129
1068	109	129
1069	111	129
1070	111	129
1071	111	129
1072	111	130
1073	110	130
1074	108	129
1075	109	129
1076	109	129
1077	109	129
1078	109	129
1079	109	129
1080	109	129
1081	111	129
1082	111	129
1083	111	129
1084	112	129
1085	112	129
1086	112	129
1087	112	129
1088	111	129
1089	110	129
1090	110	129
1091	110	129
1092	110	129
1093	111	129
1094	111	129
1095	111	129
1096	112	130
1097	112	129
1098	111	130
1099	110	130
1100	108	129
1101	108	129
1102	108	129
1103	108	129
1104	109	129
1105	110	129
1106	110	129
1107	110	130
1108	111	129
1109	110	129
1110	109	129
1111	109	129
1112	107	130
1113	107	129
1114	107	130
1115	107	130
1116	108	130
1117	110	129
1118	113	130
1119	114	129
1120	114	130
1121	111	130
1122	109	130
1123	108	130
1124	107	129
1125	107	130
1126	109	129
1127	108	130
1128	110	130
1129	111	129
1130	111	130
1131	111	129
1132	109	129
1133	107	130
1134	107	130
1135	106	130
1136	106	130
1137	106	129
1138	107	129
1139	107	130
1140	110	130
1141	110	129
1142	109	129
1143	109	129
1144	108	130
1145	106	129
1146	106	130
1147	106	129
1148	107	129
1149	107	129
1150	108	129
1151	108	129
1152	110	129
1153	109	129
1154	108	129
1155	108	129
1156	107	129
1157	107	129
1158	108	130
1159	107	129
1160	107	129
1161	107	129
1162	108	129
1163	109	129
1164	110	129
1165	109	129
1166	109	130
1167	109	129
1168	108	129
1169	107	129
1170	107	129
1171	106	129
1172	108	129
1173	109	130
1174	109	129
1175	109	129
1176	109	129
1177	107	129
1178	108	129
1179	109	129
1180	109	129
1181	109	129
1182	111	129
1183	110	129
1184	111	129
1185	110	129
1186	109	129
1187	108	129
1188	108	129
1189	108	129
1190	109	129
1191	110	129
1192	110	129
1193	111	129
1194	112	129
1195	112	129
1196	113	129
1197	111	129
1198	110	129
1199	109	129
1200	109	129
1201	110	129
1202	111	129
1203	111	130
1204	110	129
1205	111	129
1206	110	129
1207	110	129
1208	111	129
1209	111	129
1210	112	130
1211	113	130
1212	114	130
1213	113	129
1214	112	129
1215	110	130
1216	109	129
1217	108	129
1218	108	129
1219	109	129
1220	111	130
1221	112	130
1222	114	129
1223	116	129
1224	115	129
1225	113	129
1226	110	129
1227	105	129
1228	103	129
1229	104	129
1230	106	130
1231	111	129
1232	116	129
1233	119	129
1234	119	130
1235	116	130
1236	110	130
1237	105	129
1238	103	129
1239	103	129
1240	106	129
1241	112	129
1242	117	129
1243	121	129
1244	121	129
1245	117	130
1246	111	129
1247	106	130
1248	103	130
1249	105	130
1250	108	130
1251	113	129
1252	121	129
1253	129	129
1254	136	129
1255	138	129
1256	131	129
1257	119	129
1258	108	129
1259	101	130
1260	97	129
1261	99	129
1262	101	130
1263	107	129
1264	113	130
1265	119	129
1266	119	129
1267	117	130
1268	110	130
1269	104	130
1270	101	129
1271	99	130
1272	100	129
1273	105	129
1274	111	130
1275	120	129
1276	129	129
1277	133	129
1278	132	129
1279	128	129
1280	121	129
1281	119	130
1282	117	130
1283	116	130
1284	116	129
1285	116	130
1286	113	130
1287	111	129
1288	109	129
1289	109	130
1290	109	129
1291	110	129
1292	109	130
1293	109	129
1294	107	129
1295	106	130
1296	108	129
1297	111	129
1298	109	130
1299	105	130
1300	106	130
1301	108	129
1302	111	129
1303	112	129
1304	113	129
1305	113	129
1306	110	129
1307	108	129
1308	109	130
1309	112	129
1310	116	129
1311	121	129
1312	124	129
1313	125	129
1314	125	129
1315	124	129
1316	121	129
1317	118	129
1318	117	129
1319	115	129
1320	115	129
1321	111	129
1322	108	129
1323	106	129
1324	104	129
1325	103	129
1326	105	130
1327	108	130
1328	111	129
1329	114	129
1330	115	129
1331	114	129
1332	113	129
1333	110	130
1334	107	130
1335	105	129
1336	104	129
1337	106	130
1338	113	129
1339	121	130
1340	123	130
1341	112	129
1342	113	129
1343	114	129
1344	112	130
1345	106	129
1346	103	129
1347	102	130
1348	106	130
1349	110	130
1350	111	129
1351	109	129
1352	106	129
1353	105	129
1354	105	129
1355	104	129
1356	105	129
1357	106	129
1358	109	129
1359	113	130
1360	113	129
1361	109	129
1362	107	129
1363	107	129
1364	108	129
1365	108	129
1366	109	129
1367	111	130
1368	115	129
1369	116	129
1370	119	130
1371	121	129
1372	122	130
1373	121	129
1374	120	130
1375	117	129
1376	113	129
1377	109	129
1378	106	129
1379	105	129
1380	106	130
1381	108	130
1382	112	130
1383	114	129
1384	115	129
1385	115	130
1386	112	129
1387	110	130
1388	108	129
1389	106	129
1390	106	129
1391	107	129
1392	108	130
1393	110	129
1394	111	130
1395	111	129
1396	111	130
1397	111	129
1398	110	130
1399	109	130
1400	108	130
1401	107	130
1402	109	130
1403	110	130
1404	111	129
1405	111	129
1406	111	130
1407	111	130
1408	111	129
1409	111	129
1410	111	129
1411	111	129
1412	111	130
1413	111	129
1414	112	130
1415	111	129
1416	110	129
1417	110	129
1418	109	130
1419	108	129
1420	109	129
1421	109	129
1422	109	129
1423	109	129
1424	109	129
1425	110	129
1426	110	130
1427	111	129
1428	110	130
1429	111	129
1430	110	129
1431	109	130
1432	108	130
1433	107	129
1434	106	129
1435	108	130
1436	107	129
1437	108	129
1438	111	129
1439	114	130
1440	115	129
1441	116	129
1442	114	129
1443	110	129
1444	107	130
1445	104	129
1446	103	130
1447	105	130
1448	106	130
1449	109	129
1450	112	129
1451	115	130
1452	115	130
1453	115	129
1454	111	129
1455	108	129
1456	106	129
1457	105	129
1458	104	129
1459	106	129
1460	106	129
1461	109	129
1462	110	129
1463	111	129
1464	110	130
1465	109	129
1466	107	129
1467	105	130
1468	105	130
1469	105	129
1470	106	129
1471	108	129
1472	109	129
1473	111	129
1474	112	129
1475	110	129
1476	109	129
1477	107	130
1478	105	129
1479	105	129
1480	105	129
1481	106	129
1482	108	129
1483	111	129
1484	111	129
1485	112	129
1486	110	129
1487	108	129
1488	106	129
1489	105	129
1490	104	129
1491	106	129
1492	107	129
1493	109	129
1494	110	130
1495	111	130
1496	110	129
1497	110	129
1498	109	129
1499	107	129
1500	108	129
1501	108	129
1502	108	130
1503	109	129
1504	110	129
1505	111	130
1506	112	129
1507	112	130
1508	111	129
1509	111	129
1510	109	130
1511	108	129
1512	109	129
1513	109	130
1514	108	129
1515	109	129
1516	109	129
1517	109	129
1518	111	129
1519	110	129
1520	110	129
1521	109	129
1522	107	129
1523	108	129
1524	110	130
1525	110	129
1526	112	129
1527	113	130
1528	114	130
1529	115	130
1530	114	129
1531	112	129
1532	110	130
1533	109	129
1534	109	129
1535	110	130
1536	112	129
1537	113	129
1538	115	129
1539	115	129
1540	114	129
1541	112	129
1542	111	130
1543	108	129
1544	109	129
1545	109	129
1546	110	130
1547	111	129
1548	112	129
1549	111	129
1550	111	129
1551	109	129
1552	108	129
1553	109	130
1554	112	129
1555	113	129
1556	115	129
1557	114	129
1558	109	130
1559	106	129
1560	104	129
1561	103	129
1562	107	129
1563	110	129
1564	115	129
1565	120	129
1566	121	129
1567	118	129
1568	115	129
1569	111	129
1570	109	129
1571	109	129
1572	110	129
1573	112	129
1574	117	129
1575	123	129
1576	131	129
1577	135	129
1578	133	129
1579	124	129
1580	113	129
1581	103	129
1582	98	129
1583	97	130
1584	98	129
1585	102	129
1586	107	130
1587	112	129
1588	116	129
1589	116	129
1590	113	129
1591	109	130
1592	105	130
1593	103	130
1594	105	129
1595	112	129
1596	119	129
1597	124	129
1598	124	130
1599	120	129
1600	118	129
1601	117	129
1602	120	129
1603	128	130
1604	130	129
1605	122	129
1606	116	129
1607	110	129
1608	106	129
1609	107	129
1610	111	130
1611	111	129
1612	109	129
1613	107	129
1614	108	129
1615	111	129
1616	111	129
1617	109	129
1618	107	129
1619	106	130
1620	106	129
1621	108	130
1622	106	129
1623	105	129
1624	105	129
1625	107	129
1626	110	129
1627	115	130
1628	115	129
1629	115	129
1630	115	129
1631	117	129
1632	120	129
1633	125	129
1634	125	129
1635	126	130
1636	126	129
1637	124	129
1638	119	129
1639	115	129
1640	109	129
1641	105	129
1642	105	129
1643	106	129
1644	108	129
1645	113	129
1646	113	130
1647	113	129
1648	111	129
1649	107	129
1650	105	129
1651	104	129
1652	103	129
1653	105	129
1654	107	129
1655	109	130
1656	111	129
1657	114	129
1658	114	129
1659	115	129
1660	115	129
1661	118	129
1662	124	129
1663	128	129
1664	121	129
1665	111	129
1666	103	129
1667	99	129
1668	98	130
1669	98	129
1670	100	129
1671	103	129
1672	107	129
1673	110	129
1674	111	129
1675	109	130
1676	107	129
1677	110	129
1678	111	129
1679	108	129
1680	106	130
1681	107	129
1682	109	129
1683	109	129
1684	107	130
1685	108	130
1686	111	129
1687	110	130
1688	109	129
1689	110	129
1690	112	130
1691	115	129
1692	117	130
1693	117	129
1694	116	130
1695	115	130
1696	115	129
1697	116	129
1698	118	129
1699	118	129
1700	116	129
1701	113	129
1702	109	130
1703	106	129
1704	106	129
1705	106	129
1706	107	129
1707	107	130
1708	108	129
1709	110	129
1710	114	129
1711	115	129
1712	115	130
1713	113	129
1714	111	129
1715	108	129
1716	108	129
1717	107	129
1718	108	130
1719	110	130
1720	112	129
1721	114	130
1722	115	130
1723	112	129
1724	110	129
1725	107	130
1726	106	129
1727	106	130
1728	107	130
1729	109	129
1730	112	129
1731	114	130
1732	115	130
1733	113	130
1734	112	130
1735	109	130
1736	108	130
1737	107	129
1738	107	129
1739	107	129
1740	109	129
1741	110	129
1742	113	129
1743	113	129
1744	113	129
1745	111	129
1746	109	129
1747	108	129
1748	107	129
1749	106	129
1750	106	129
1751	108	129
1752	109	129
1753	111	129
1754	114	129
1755	113	129
1756	112	129
1757	110	130
1758	109	129
1759	106	130
1760	106	129
1761	107	129
1762	109	129
1763	111	130
1764	112	129
1765	112	130
1766	111	129
1767	110	129
1768	109	130
1769	109	130
1770	107	129
1771	107	129
1772	108	129
1773	108	129
1774	109	129
1775	110	129
1776	110	130
1777	109	129
1778	109	129
1779	107	129
1780	107	129
1781	107	129
1782	106	130
1783	107	129
1784	107	129
1785	107	129
1786	109	129
1787	109	129
1788	108	129
1789	109	129
1790	109	130
1791	108	129
1792	108	129
1793	108	129
1794	107	129
1795	106	129
1796	107	129
1797	107	130
1798	109	129
1799	110	130
1800	110	129
1801	111	129
1802	110	129
1803	108	129
1804	107	130
1805	107	129
1806	106	129
1807	107	129
1808	108	129
1809	107	129
1810	107	130
1811	108	129
1812	108	130
1813	109	129
1814	109	130
1815	109	130
1816	109	130
1817	108	130
1818	108	130
1819	109	129
1820	109	130
1821	109	129
1822	110	130
1823	110	130
1824	111	130
1825	113	129
1826	111	130
1827	110	130
1828	109	129
1829	108	130
1830	107	130
1831	109	130
1832	109	129
1833	111	129
1834	113	130
1835	114	130
1836	114	130
1837	113	130
1838	110	130
1839	109	129
1840	108	130
1841	108	129
1842	109	129
1843	111	129
1844	111	130
1845	112	130
1846	113	129
1847	112	129
1848	112	130
1849	111	129
1850	110	130
1851	109	129
1852	109	130
1853	109	130
1854	110	130
1855	112	129
1856	114	130
1857	115	130
1858	115	129
1859	113	130
1860	111	129
1861	110	130
1862	109	129
1863	110	130
1864	110	129
1865	110	130
1866	111	129
1867	113	130
1868	113	130
1869	113	130
1870	113	129
1871	111	130
1872	110	129
1873	107	130
1874	104	130
1875	104	129
1876	107	129
1877	110	129
1878	115	129
1879	118	129
1880	119	129
1881	117	129
1882	111	130
1883	107	129
1884	107	129
1885	106	130
1886	107	130
1887	110	129
1888	112	129
1889	115	129
1890	118	129
1891	119	129
1892	122	129
1893	125	129
1894	128	129
1895	128	129
1896	125	129
1897	117	129
1898	110	129
1899	105	129
1900	102	129
1901	102	129
1902	104	129
1903	106	129
1904	110	129
1905	113	129
1906	113	129
1907	111	129
1908	109	129
1909	103	130
1910	102	129
1911	103	129
1912	107	129
1913	115	129
1914	125	129
1915	130	129
1916	130	129
1917	122	129
1918	116	129
1919	117	129
1920	124	129
1921	128	129
1922	128	130
1923	118	129
1924	111	129
1925	107	129
1926	106	129
1927	103	129
1928	107	129
1929	108	129
1930	110	129
1931	110	130
1932	107	129
1933	105	129
1934	107	129
1935	107	129
1936	107	130
1937	107	130
1938	107	130
1939	110	129
1940	115	129
1941	113	129
1942	111	129
1943	109	130
1944	107	130
1945	108	129
1946	113	130
1947	117	129
1948	121	129
1949	124	129
1950	124	130
1951	124	130
1952	123	130
1953	122	130
1954	121	129
1955	119	130
1956	115	129
1957	113	130
1958	110	130
1959	108	130
1960	108	130
1961	109	130
1962	109	129
1963	109	130
1964	110	130
1965	109	129
1966	109	130
1967	109	130
1968	108	130
1969	108	129
1970	108	129
1971	107	130
1972	107	129
1973	108	130
1974	106	129
1975	108	129
1976	111	130
1977	115	130
1978	126	130
1979	139	129
1980	130	129
1981	113	130
1982	103	130
1983	98	129
1984	98	130
1985	99	129
1986	100	129
1987	104	129
1988	107	129
1989	109	129
1990	109	129
1991	108	129
1992	105	129
1993	109	130
1994	109	129
1995	107	130
1996	109	129
1997	110	129
1998	107	130
1999	109	129
2000	109	129
2001	109	130
2002	109	130
2003	110	130
2004	111	129
2005	114	129
2006	112	129
2007	112	129
2008	113	130
2009	114	129
2010	117	129
2011	121	129
2012	120	129
2013	119	129
2014	119	129
2015	115	129
2016	113	129
2017	111	129
2018	107	129
2019	106	129
2020	106	129
2021	107	129
2022	109	129
2023	112	129
2024	113	129
2025	114	129
2026	113	129
2027	109	130
2028	108	129
2029	107	129
2030	105	129
2031	108	129
2032	111	129
2033	111	129
2034	113	129
2035	114	129
2036	112	129
2037	111	129
2038	110	130
2039	107	129
2040	107	129
2041	107	129
2042	108	129
2043	111	129
2044	112	130
2045	112	129
2046	113	129
2047	112	129
2048	111	130
2049	110	129
2050	109	129
2051	107	129
2052	109	129
2053	110	130
2054	111	129
2055	112	129
2056	113	130
2057	111	129
2058	111	129
2059	109	129
2060	108	129
2061	108	129
2062	108	129
2063	108	129
2064	111	130
2065	111	129
2066	111	130
2067	111	129
2068	109	129
2069	107	129
2070	108	129
2071	107	130
2072	107	129
2073	108	129
2074	109	129
2075	109	129
2076	112	129
2077	111	129
2078	110	129
2079	109	129
2080	109	129
2081	108	129
2082	109	130
2083	108	129
2084	109	130
2085	109	130
2086	108	129
2087	108	129
2088	110	130
2089	107	129
2090	108	129
2091	109	129
2092	109	129
2093	110	130
2094	111	130
2095	109	129
2096	109	129
2097	109	130
2098	107	129
2099	107	129
2100	107	130
2101	106	129
2102	109	129
2103	110	129
2104	109	129
2105	109	129
2106	108	129
2107	107	129
2108	108	130
2109	109	130
2110	109	130
2111	109	129
2112	110	129
2113	108	129
2114	109	129
2115	108	129
2116	107	129
2117	107	129
2118	107	129
2119	108	129
2120	110	129
2121	109	129
2122	109	130
2123	110	130
2124	110	130
2125	109	129
2126	109	130
2127	108	129
2128	107	129
2129	108	129
2130	107	129
2131	107	130
2132	107	130
2133	108	130
2134	107	130
2135	110	129
2136	110	129
2137	110	129
2138	111	130
2139	110	129
2140	110	130
2141	110	129
2142	109	130
2143	109	129
2144	109	129
2145	109	129
2146	110	130
2147	113	129
2148	112	129
2149	111	129
2150	111	129
2151	109	129
2152	109	129
2153	110	129
2154	109	130
2155	110	130
2156	111	129
2157	111	129
2158	110	129
2159	111	129
2160	109	129
2161	109	130
2162	110	129
2163	110	129
2164	110	129
2165	112	129
2166	110	129
2167	111	129
2168	111	129
2169	112	129
2170	111	129
2171	113	129
2172	111	130
2173	112	129
2174	112	129
2175	110	129
2176	109	130
2177	109	129
2178	107	129
2179	112	129
2180	114	129
2181	115	129
2182	115	129
2183	114	130
2184	111	129
2185	111	129
2186	110	129
2187	109	130
2188	109	129
2189	110	129
2190	109	129
2191	112	129
2192	109	129
2193	105	129
2194	105	129
2195	107	130
2196	111	129
2197	114	129
2198	114	129
2199	115	130
2200	117	129
2201	117	129
2202	115	129
2203	114	129
2204	110	129
2205	108	129
2206	109	129
2207	110	129
2208	113	130
2209	119	129
2210	125	129
2211	132	130
2212	137	129
2213	131	129
2214	121	129
2215	110	129
2216	101	129
2217	98	129
2218	98	129
2219	100	129
2220	104	130
2221	110	129
2222	115	129
2223	117	129
2224	117	130
2225	110	129
2226	95	130
2227	94	130
2228	98	129
2229	107	129
2230	121	130
2231	131	130
2232	134	130
2233	125	129
2234	115	129
2235	110	129
2236	111	129
2237	116	129
2238	128	129
2239	134	129
2240	129	129
2241	120	129
2242	113	129
2243	106	129
2244	107	129
2245	109	129
2246	112	129
2247	112	129
2248	109	129
2249	106	129
2250	111	129
2251	110	129
2252	108	129
2253	105	129
2254	105	129
2255	109	129
2256	113	129
2257	110	130
2258	106	129
2259	107	129
2260	109	130
2261	109	129
2262	113	129
2263	112	130
2264	111	130
2265	111	130
2266	112	129
2267	114	130
2268	118	129
2269	119	129
2270	122	130
2271	127	129
2272	127	130
2273	127	130
2274	125	129
2275	117	129
2276	112	129
2277	109	130
2278	107	129
2279	107	129
2280	110	129
2281	109	130
2282	111	129
2283	112	129
2284	111	130
2285	110	130
2286	104	129
2287	99	130
2288	99	130
2289	102	130
2290	107	129
2291	115	130
2292	122	130
2293	121	130
2294	120	129
2295	116	130
2296	111	129
2297	113	129
2298	117	130
2299	119	129
2300	117	129
2301	111	130
2302	103	129
2303	101	130
2304	101	129
2305	103	129
2306	105	129
2307	106	130
2308	107	129
2309	106	129
2310	103	129
2311	106	129
2312	109	129
2313	109	129
2314	107	129
2315	108	129
2316	107	129
2317	108	129
2318	110	129
2319	112	129
2320	110	129
2321	111	129
2322	110	129
2323	108	130
2324	111	129
2325	114	130
2326	116	129
2327	119	129
2328	117	129
2329	117	129
2330	117	129
2331	117	129
2332	116	129
2333	118	129
2334	115	129
2335	113	129
2336	111	130
2337	107	129
2338	103	129
2339	105	129
2340	105	129
2341	108	129
2342	112	129
2343	113	129
2344	114	129
2345	115	129
2346	110	129
2347	109	129
2348	107	129
2349	107	129
2350	108	129
2351	112	129
2352	111	129
2353	113	129
2354	114	130
2355	113	129
2356	112	129
2357	111	129
2358	107	129
2359	107	130
2360	108	130
2361	108	130
2362	110	129
2363	113	129
2364	112	129
2365	115	129
2366	113	129
2367	111	129
2368	109	130
2369	107	130
2370	105	129
2371	108	129
2372	109	129
2373	109	130
2374	111	130
2375	111	130
2376	110	130
2377	112	130
2378	110	129
2379	108	129
2380	108	129
2381	107	129
2382	107	129
2383	109	129
2384	108	129
2385	108	130
2386	110	129
2387	110	129
2388	111	129
2389	113	129
2390	113	130
2391	111	129
2392	112	129
2393	110	129
2394	109	129
2395	108	130
2396	107	129
2397	107	130
2398	110	130
2399	109	129
2400	111	130
2401	112	129
2402	111	130
2403	111	130
2404	111	129
2405	108	129
2406	107	130
2407	106	129
2408	106	129
2409	106	130
2410	110	130
2411	110	129
2412	112	130
2413	112	130
2414	110	129
2415	107	130
2416	107	129
2417	104	130
2418	105	129
2419	105	129
2420	107	130
2421	108	129
2422	111	130
2423	109	129
2424	111	129
2425	110	130
2426	109	129
2427	107	129
2428	108	129
2429	104	129
2430	105	129
2431	107	129
2432	108	129
2433	111	129
2434	113	129
2435	110	130
2436	110	129
2437	107	129
2438	105	129
2439	105	129
2440	105	129
2441	103	129
2442	108	129
2443	109	130
2444	110	129
2445	112	129
2446	111	129
2447	108	129
2448	109	129
2449	106	129
2450	105	129
2451	105	129
2452	106	129
2453	107	129
2454	111	129
2455	111	129
2456	111	129
2457	111	129
2458	110	129
2459	109	129
2460	109	129
2461	106	130
2462	106	129
2463	109	129
2464	110	129
2465	112	129
2466	114	129
2467	113	129
2468	112	129
2469	112	129
2470	109	129
2471	108	129
2472	108	129
2473	108	129
2474	108	130
2475	111	129
2476	110	129
2477	111	130
2478	111	129
2479	110	129
2480	109	129
2481	111	129
2482	109	129
2483	109	129
2484	109	129
2485	110	129
2486	110	129
2487	113	129
2488	112	130
2489	113	129
2490	113	129
2491	113	129
2492	111	129
2493	113	129
2494	111	130
2495	112	130
2496	111	129
2497	107	130
2498	106	129
2499	110	130
2500	111	129
2501	116	129
2502	119	130
2503	118	129
2504	116	129
2505	114	130
2506	107	129
2507	106	129
2508	105	130
2509	105	129
2510	107	130
2511	112	130
2512	112	129
2513	113	129
2514	108	129
2515	107	129
2516	109	129
2517	113	130
2518	114	129
2519	118	130
2520	116	130
2521	112	130
2522	110	129
2523	109	129
2524	106	130
2525	110	129
2526	110	130
2527	111	130
2528	113	129
2529	114	129
2530	113	129
2531	116	129
2532	116	129
2533	118	129
2534	125	129
2535	130	129
2536	133	129
2537	130	129
2538	118	129
2539	108	129
2540	102	130
2541	98	129
2542	98	129
2543	103	129
2544	107	129
2545	113	130
2546	118	129
2547	117	130
2548	113	130
2549	108	130
2550	103	129
2551	100	130
2552	102	130
2553	104	129
2554	112	130
2555	121	130
2556	127	129
2557	131	130
2558	134	130
2559	130	130
2560	126	130
2561	120	129
2562	112	129
2563	110	130
2564	111	129
2565	109	130
2566	109	130
2567	108	129
2568	106	129
2569	102	129
2570	105	129
2571	106	129
2572	109	129
2573	111	129
2574	111	129
2575	108	129
2576	106	130
2577	103	130
2578	108	130
2579	109	129
2580	112	129
2581	112	129
2582	114	130
2583	110	130
2584	112	129
2585	116	129
2586	120	130
2587	123	129
2588	126	129
2589	123	129
2590	125	129
2591	125	129
2592	123	129
2593	119	129
2594	115	129
2595	109	129
2596	110	129
2597	108	129
2598	107	129
2599	108	129
2600	109	129
2601	106	129
2602	111	129
2603	109	129
2604	108	129
2605	109	129
2606	108	129
2607	107	129
2608	109	129
2609	108	129
2610	107	129
2611	108	129
2612	108	129
2613	110	129
2614	118	130
2615	123	129
2616	103	129
2617	108	130
2618	117	129
2619	122	129
2620	121	129
2621	108	129
2622	101	129
2623	100	129
2624	100	130
2625	103	129
2626	107	129
2627	109	129
2628	109	130
2629	108	129
2630	106	129
2631	106	129
2632	107	129
2633	106	130
2634	109	129
2635	115	129
2636	113	129
2637	114	129
2638	113	129
2639	110	129
2640	109	129
2641	111	129
2642	109	130
2643	111	129
2644	112	129
2645	112	129
2646	111	129
2647	114	129
2648	112	130
2649	113	129
2650	114	129
2651	115	129
2652	117	130
2653	118	129
2654	114	129
2655	113	129
2656	111	129
2657	109	129
2658	108	130
2659	110	130
2660	108	129
2661	111	130
2662	113	130
2663	114	129
2664	113	130
2665	113	129
2666	107	129
2667	107	130
2668	105	129
2669	106	129
2670	108	130
2671	111	129
2672	110	129
2673	115	129
2674	115	129
2675	113	129
2676	111	129
2677	108	129
2678	104	129
2679	107	129
2680	106	129
2681	107	129
2682	110	130
2683	113	129
2684	113	129
2685	115	129
2686	112	129
2687	109	129
2688	108	129
2689	106	130
2690	106	129
2691	110	130
2692	110	129
2693	112	130
2694	115	129
2695	114	129
2696	113	130
2697	113	130
2698	107	129
2699	104	130
2700	103	130
2701	102	130
2702	105	129
2703	110	129
2704	112	129
2705	116	130
2706	118	129
2707	114	129
2708	111	129
2709	108	129
2710	103	129
2711	103	129
2712	105	129
2713	105	129
2714	109	129
2715	113	129
2716	115	129
2717	116	130
2718	116	129
2719	111	129
2720	109	129
2721	106	129
2722	104	129
2723	104	129
2724	106	130
2725	106	129
2726	109	129
2727	108	129
2728	102	129
2729	105	129
2730	109	129
2731	110	129
2732	115	129
2733	115	129
2734	113	129
2735	111	129
2736	108	129
2737	103	129
2738	104	129
2739	103	129
2740	105	129
2741	107	129
2742	110	129
2743	110	129
2744	113	129
2745	110	129
2746	109	129
2747	107	129
2748	105	129
2749	102	129
2750	106	129
2751	105	129
2752	107	129
2753	110	129
2754	111	130
2755	109	129
2756	111	129
2757	107	129
2758	106	129
2759	106	129
2760	105	129
2761	105	129
2762	109	129
2763	108	129
2764	110	129
2765	111	129
2766	110	129
2767	110	129
2768	111	129
2769	107	129
2770	107	129
2771	108	130
2772	108	129
2773	109	130
2774	112	129
2775	110	130
2776	109	129
2777	107	130
2778	106	129
2779	108	129
2780	111	129
2781	111	129
2782	114	129
2783	114	129
2784	111	129
2785	110	130
2786	109	129
2787	105	130
2788	108	129
2789	110	130
2790	110	129
2791	113	129
2792	114	130
2793	113	130
2794	115	130
2795	113	129
2796	111	129
2797	111	130
2798	109	130
2799	109	129
2800	111	129
2801	112	129
2802	111	129
2803	114	130
2804	113	129
2805	112	129
2806	113	129
2807	112	129
2808	111	130
2809	113	130
2810	112	129
2811	112	129
2812	112	129
2813	111	130
2814	109	129
2815	111	130
2816	109	130
2817	109	130
2818	107	129
2819	104	130
2820	105	129
2821	110	129
2822	113	130
2823	117	129
2824	119	129
2825	115	129
2826	107	129
2827	104	130
2828	102	130
2829	105	129
2830	109	129
2831	113	129
2832	117	130
2833	121	130
2834	117	129
2835	114	129
2836	110	130
2837	107	129
2838	108	130
2839	115	129
2840	120	130
2841	132	130
2842	139	129
2843	135	130
2844	124	130
2845	113	129
2846	101	130
2847	97	129
2848	95	130
2849	97	129
2850	101	129
2851	108	130
2852	112	129
2853	120	129
2854	120	129
2855	117	129
2856	113	130
2857	108	130
2858	103	129
2859	106	130
2860	109	129
2861	113	129
2862	120	129
2863	123	130
2864	119	129
2865	117	129
2866	114	129
2867	114	129
2868	119	130
2869	125	129
2870	127	130
2871	122	129
2872	114	129
2873	110	129
2874	109	129
2875	108	129
2876	110	129
2877	115	129
2878	113	129
2879	111	129
2880	111	129
2881	110	129
2882	111	129
2883	110	130
2884	106	129
2885	105	129
2886	108	129
2887	110	129
2888	112	129
2889	110	130
2890	107	129
2891	107	130
2892	109	129
2893	110	129
2894	109	129
2895	109	129
2896	109	129
2897	114	130
2898	120	130
2899	121	129
2900	125	129
2901	126	129
2902	123	129
2903	122	129
2904	122	130
2905	118	129
2906	117	129
2907	114	130
2908	111	129
2909	111	129
2910	111	129
2911	109	129
2912	110	129
2913	109	129
2914	109	130
2915	111	130
2916	111	129
2917	108	129
2918	109	129
2919	108	129
2920	108	129
2921	108	130
2922	109	129
2923	107	130
2924	108	129
2925	108	129
2926	109	129
2927	111	129
2928	117	130
2929	125	130
2930	136	129
2931	129	129
2932	115	130
2933	103	130
2934	96	129
2935	94	130
2936	101	130
2937	106	129
2938	109	129
2939	107	130
2940	103	129
2941	101	130
2942	105	129
2943	108	129
2944	110	130
2945	109	129
2946	107	129
2947	108	129
2948	112	130
2949	110	129
2950	112	129
2951	111	129
2952	110	129
2953	109	129
2954	111	129
2955	110	129
2956	113	130
2957	118	129
2958	119	130
2959	121	129
2960	122	130
2961	117	129
2962	112	130
2963	106	129
2964	105	130
2965	109	129
2966	113	129
2967	115	129
2968	118	129
2969	115	129
2970	111	129
2971	109	130
2972	107	130
2973	105	130
2974	108	129
2975	111	129
2976	111	130
2977	111	129
2978	109	129
2979	107	130
2980	108	130
2981	110	130
2982	110	130
2983	113	129
2984	112	129
2985	111	129
2986	112	130
2987	110	130
2988	107	129
2989	109	130
2990	107	129
2991	109	129
2992	112	130
2993	113	129
2994	112	129
2995	114	129
2996	112	129
2997	111	129
2998	110	129
2999	109	129
3000	107	129
3001	110	129
3002	110	129
3003	111	130
3004	111	129
3005	111	129
3006	110	130
3007	111	129
3008	109	129
3009	109	129
3010	108	129
3011	107	129
3012	107	129
3013	111	129
3014	111	130
3015	112	130
3016	112	129
3017	111	129
3018	109	129
3019	110	130
3020	107	129
3021	106	129
3022	106	129
3023	107	129
3024	107	129
3025	110	129
3026	109	129
3027	111	129
3028	112	129
3029	112	129
3030	112	129
3031	113	129
3032	109	129
3033	107	129
3034	107	129
3035	106	129
3036	107	129
3037	110	129
3038	110	129
3039	113	129
3040	113	129
3041	112	129
3042	111	130
3043	109	129
3044	105	129
3045	106	129
3046	106	129
3047	105	129
3048	107	129
3049	109	129
3050	109	129
3051	111	129
3052	112	129
3053	109	130
3054	108	130
3055	105	129
3056	103	129
3057	104	130
3058	105	129
3059	105	129
3060	108	129
3061	110	129
3062	111	129
3063	113	130
3064	111	129
3065	108	129
3066	108	130
3067	106	129
3068	105	129
3069	106	129
3070	107	129
3071	106	129
3072	109	129
3073	109	129
3074	109	129
3075	110	130
3076	110	129
3077	108	129
3078	109	130
3079	107	129
3080	107	129
3081	107	129
3082	107	129
3083	107	129
3084	109	129
3085	108	129
3086	109	129
3087	110	129
3088	109	129
3089	108	130
3090	110	129
3091	108	130
3092	108	130
3093	108	130
3094	109	130
3095	109	130
3096	112	129
3097	111	130
3098	112	129
3099	112	129
3100	111	129
3101	111	130
3102	111	129
3103	109	129
3104	109	130
3105	109	129
3106	108	129
3107	108	129
3108	111	129
3109	110	130
3110	112	130
3111	114	129
3112	114	129
3113	114	129
3114	115	129
3115	112	129
3116	113	130
3117	111	130
3118	110	129
3119	110	129
3120	110	129
3121	108	129
3122	111	129
3123	112	130
3124	111	129
3125	112	129
3126	112	129
3127	109	130
3128	111	130
3129	111	129
3130	110	129
3131	111	130
3132	111	129
3133	111	129
3134	114	129
3135	113	129
3136	112	129
3137	112	129
3138	110	129
3139	109	130
3140	110	130
3141	109	129
3142	109	130
3143	112	130
3144	109	129
3145	105	129
3146	108	130
3147	110	129
3148	113	129
3149	117	129
3150	118	129
3151	116	129
3152	113	129
3153	109	129
3154	106	129
3155	107	129
3156	107	129
3157	109	129
3158	111	129
3159	112	129
3160	115	129
3161	118	129
3162	115	129
3163	113	129
3164	110	129
3165	107	129
3166	107	129
3167	111	129
3168	116	129
3169	124	129
3170	132	129
3171	137	129
3172	133	129
3173	125	129
3174	112	129
3175	103	129
3176	99	129
3177	97	129
3178	100	129
3179	105	129
3180	109	129
3181	115	129
3182	118	129
3183	115	129
3184	110	129
3185	106	129
3186	100	129
3187	99	129
3188	101	129
3189	106	130
3190	114	129
3191	126	129
3192	133	129
3193	134	129
3194	127	129
3195	121	129
3196	118	129
3197	119	130
3198	119	129
3199	121	129
3200	117	129
3201	112	129
3202	109	129
3203	108	130
3204	107	130
3205	107	130
3206	109	130
3207	111	130
3208	113	129
3209	113	130
3210	110	129
3211	110	130
3212	110	129
3213	109	130
3214	108	130
3215	107	129
3216	108	130
3217	109	129
3218	110	129
3219	106	130
3220	107	129
3221	111	129
3222	113	130
3223	113	129
3224	113	129
3225	111	129
3226	113	129
3227	116	130
3228	119	130
3229	123	129
3230	127	129
3231	126	130
3232	127	129
3233	124	129
3234	119	130
3235	113	130
3236	110	130
3237	107	129
3238	106	129
3239	107	129
3240	108	129
3241	111	129
3242	113	129
3243	112	130
3244	112	130
3245	111	129
3246	108	129
3247	107	129
3248	107	130
3249	105	129
3250	108	129
3251	111	130
3252	113	129
3253	122	129
3254	131	129
3255	127	130
3256	117	129
3257	108	130
3258	101	129
3259	97	129
3260	96	129
3261	98	129
3262	103	129
3263	107	129
3264	105	129
3265	105	129
3266	109	129
3267	108	130
3268	107	130
3269	107	129
3270	107	129
3271	111	129
3272	112	130
3273	110	130
3274	109	129
3275	110	129
3276	108	129
3277	109	130
3278	109	130
3279	109	130
3280	110	129
3281	113	129
3282	115	130
3283	119	130
3284	121	129
3285	121	130
3286	121	129
3287	119	129
3288	114	129
3289	112	129
3290	110	129
3291	108	130
3292	109	129
3293	110	130
3294	110	129
3295	114	130
3296	115	129
3297	112	129
3298	109	129
3299	104	129
3300	102	130
3301	105	129
3302	107	130
3303	111	129
3304	116	129
3305	118	130
3306	117	129
3307	114	129
3308	109	129
3309	105	130
3310	104	130
3311	104	129
3312	106	130
3313	110	129
3314	112	130
3315	114	129
3316	116	130
3317	115	129
3318	113	130
3319	111	129
3320	108	129
3321	107	129
3322	108	129
3323	108	129
3324	110	130
3325	111	129
3326	111	129
3327	113	129
3328	113	129
3329	111	130
3330	109	129
3331	107	129
3332	105	129
3333	106	129
3334	107	129
3335	108	129
3336	110	129
3337	110	129
3338	111	129
3339	111	130
3340	110	129
3341	108	129
3342	108	129
3343	108	129
3344	107	129
3345	108	130
3346	108	129
3347	106	129
3348	108	129
3349	111	129
3350	113	130
3351	115	129
3352	116	129
3353	113	129
3354	111	129
3355	109	129
3356	107	130
3357	106	129
3358	106	129
3359	107	129
3360	110	130
3361	111	129
3362	112	129
3363	112	129
3364	110	129
3365	108	130
3366	108	130
3367	108	130
3368	107	130
3369	107	130
3370	108	130
3371	107	129
3372	109	129
3373	110	130
3374	109	129
3375	109	130
3376	108	130
3377	107	129
3378	107	130
3379	107	129
3380	107	129
3381	109	129
3382	109	129
3383	109	129
3384	110	129
3385	109	130
3386	107	129
3387	107	129
3388	107	129
3389	107	130
3390	108	130
3391	108	130
3392	108	129
3393	108	129
3394	108	129
3395	108	130
3396	108	129
3397	108	130
3398	107	130
3399	108	129
3400	108	130
3401	108	129
3402	108	129
3403	108	129
3404	108	129
3405	109	129
3406	109	130
3407	109	129
3408	108	130
3409	108	129
3410	108	129
3411	109	129
3412	109	129
3413	108	130
3414	109	129
3415	108	130
3416	107	129
3417	108	130
3418	109	130
3419	109	129
3420	110	130
3421	111	129
3422	111	129
3423	112	129
3424	112	129
3425	111	129
3426	110	129
3427	109	130
3428	109	129
3429	110	130
3430	110	130
3431	109	130
3432	110	130
3433	110	130
3434	110	129
3435	111	129
3436	111	129
3437	110	130
3438	110	129
3439	111	129
3440	110	129
3441	111	129
3442	112	129
3443	112	129
3444	112	129
3445	113	129
3446	112	129
3447	112	129
3448	111	129
3449	111	130
3450	111	129
3451	112	129
3452	112	129
3453	113	129
3454	112	129
3455	112	129
3456	111	129
3457	109	129
3458	107	130
3459	105	129
3460	106	130
3461	108	129
3462	113	129
3463	119	129
3464	120	130
3465	119	129
3466	116	129
3467	111	129
3468	106	129
3469	103	129
3470	101	129
3471	102	129
3472	106	129
3473	110	129
3474	115	129
3475	118	129
3476	116	129
3477	113	129
3478	111	129
3479	109	130
3480	110	129
3481	109	129
3482	109	129
3483	109	129
3484	110	129
3485	111	130
3486	114	130
3487	115	129
3488	116	130
3489	115	129
3490	115	129
3491	114	129
3492	115	129
3493	118	129
3494	124	130
3495	128	129
3496	128	129
3497	122	130
3498	113	129
3499	105	129
3500	100	130
3501	99	129
3502	101	130
3503	105	129
3504	111	130
3505	116	130
3506	116	130
3507	115	129
3508	112	129
3509	109	129
3510	106	129
3511	105	129
3512	105	130
3513	108	129
3514	111	129
3515	118	129
3516	123	129
3517	124	129
3518	122	130
3519	121	130
3520	123	129
3521	128	129
3522	129	129
3523	124	130
3524	118	130
3525	113	129
3526	107	129
3527	105	129
3528	104	129
3529	105	130
3530	108	130
3531	110	129
3532	112	130
3533	111	130
3534	110	129
3535	110	129
3536	107	129
3537	105	129
3538	107	129
3539	105	129
3540	106	129
3541	105	130
3542	109	129
3543	112	129
3544	113	129
3545	113	130
3546	112	129
3547	111	129
3548	111	129
3549	115	130
3550	121	129
3551	128	129
3552	129	129
3553	129	129
3554	125	129
3555	121	129
3556	116	129
3557	111	129
3558	108	130
3559	106	129
3560	106	130
3561	108	129
3562	111	129
3563	114	130
3564	116	130
3565	115	130
3566	111	129
3567	107	130
3568	105	130
3569	104	129
3570	105	130
3571	106	129
3572	110	129
3573	113	129
3574	120	130
3575	121	129
3576	102	129
3577	104	129
3578	112	129
3579	115	129
3580	116	129
3581	110	129
3582	105	129
3583	103	130
3584	106	129
3585	106	129
3586	107	130
3587	105	130
3588	106	130
3589	106	129
3590	108	129
3591	108	129
3592	112	129
3593	113	130
3594	110	129
3595	109	129
3596	112	129
3597	110	129
3598	112	129
3599	110	129
3600	109	129
3601	109	129
3602	110	129
3603	110	129
3604	113	129
3605	115	129
3606	117	129
3607	118	130
3608	117	130
3609	115	130
3610	114	130
3611	112	129
3612	110	130
3613	110	130
3614	110	129
3615	111	130
3616	113	129
3617	114	130
3618	112	129
3619	112	129
3620	110	129
3621	109	129
3622	108	129
3623	110	129
3624	109	129
3625	110	129
3626	109	130
3627	109	129
3628	108	129
3629	109	129
3630	107	129
3631	109	129
3632	111	129
3633	112	129
3634	113	130
3635	113	129
3636	111	130
3637	110	129
3638	110	129
3639	108	130
3640	108	129
3641	109	130
3642	110	129
3643	111	130
3644	114	129
3645	113	129
3646	111	129
3647	110	129
3648	109	129
3649	106	129
3650	108	129
3651	108	129
3652	110	129
3653	112	130
3654	114	129
3655	112	130
3656	112	129
3657	109	129
3658	106	129
3659	105	129
3660	106	129
3661	106	130
3662	110	129
3663	112	129
3664	113	129
3665	113	130
3666	111	129
3667	108	129
3668	108	129
3669	106	129
3670	104	129
3671	105	129
3672	107	129
3673	109	129
3674	113	129
3675	115	129
3676	114	129
3677	112	129
3678	110	129
3679	107	129
3680	105	129
3681	106	129
3682	106	129
3683	108	129
3684	110	130
3685	112	129
3686	112	129
3687	114	129
3688	112	129
3689	110	129
3690	107	129
3691	105	130
3692	104	129
3693	105	129
3694	106	129
3695	108	129
3696	111	129
3697	113	129
3698	113	130
3699	113	129
3700	111	129
3701	107	129
3702	105	129
3703	104	129
3704	104	129
3705	106	129
3706	108	130
3707	109	129
3708	111	129
3709	112	129
3710	110	129
3711	109	129
3712	107	129
3713	105	129
3714	105	129
3715	106	129
3716	107	130
3717	109	129
3718	109	129
3719	111	129
3720	111	129
3721	109	129
3722	108	129
3723	107	130
3724	106	129
3725	107	129
3726	107	129
3727	107	129
3728	109	129
3729	109	130
3730	110	129
3731	111	130
3732	109	129
3733	108	129
3734	107	129
3735	106	129
3736	106	130
3737	107	129
3738	108	129
3739	110	129
3740	112	130
3741	113	129
3742	113	129
3743	112	129
3744	109	130
3745	108	129
3746	107	130
3747	107	129
3748	108	129
3749	110	129
3750	113	129
3751	113	129
3752	113	129
3753	112	129
3754	109	129
3755	108	129
3756	107	129
3757	107	129
3758	109	129
3759	111	129
3760	112	129
3761	113	129
3762	113	130
3763	111	130
3764	111	129
3765	111	129
3766	110	130
3767	109	129
3768	110	129
3769	111	129
3770	113	129
3771	113	130
3772	113	129
3773	113	129
3774	111	130
3775	110	130
3776	110	130
3777	109	129
3778	109	129
3779	111	129
3780	112	129
3781	114	129
3782	115	130
3783	114	129
3784	113	129
3785	111	130
3786	109	129
3787	106	129
3788	105	129
3789	104	129
3790	107	129
3791	110	130
3792	110	129
3793	109	129
3794	112	130
3795	115	129
3796	119	129
3797	120	129
3798	117	129
3799	114	129
3800	109	129
3801	106	129
3802	105	129
3803	104	130
3804	105	130
3805	109	129
3806	112	129
3807	114	130
3808	115	130
3809	115	129
3810	119	129
3811	123	129
3812	126	129
3813	130	129
3814	130	129
3815	125	129
3816	119	129
3817	111	129
3818	105	130
3819	102	129
3820	102	129
3821	102	129
3822	106	129
3823	109	130
3824	111	130
3825	112	129
3826	110	129
3827	107	130
3828	105	129
3829	102	129
3830	101	130
3831	104	130
3832	110	130
3833	116	130
3834	122	130
3835	125	129
3836	128	130
3837	128	130
3838	127	129
3839	125	129
3840	123	129
3841	120	130
3842	119	130
3843	117	130
3844	113	129
3845	111	130
3846	111	130
3847	109	129
3848	109	130
3849	110	130
3850	111	129
3851	113	129
3852	115	130
3853	112	130
3854	112	129
3855	110	130
3856	109	129
3857	108	129
3858	105	129
3859	105	129
3860	107	129
3861	108	129
3862	109	129
3863	108	129
3864	106	129
3865	107	129
3866	110	129
3867	108	129
3868	111	129
3869	113	129
3870	116	129
3871	120	129
3872	122	129
3873	119	129
3874	120	129
3875	122	129
3876	123	129
3877	123	129
3878	123	129
3879	121	129
3880	119	129
3881	115	129
3882	112	129
3883	109	129
3884	108	129
3885	107	129
3886	108	129
3887	109	130
3888	111	129
3889	111	129
3890	111	129
3891	108	130
3892	103	129
3893	101	129
3894	99	129
3895	99	129
3896	104	129
3897	115	129
3898	128	130
3899	134	129
3900	120	129
3901	117	129
3902	114	129
3903	110	130
3904	105	129
3905	103	130
3906	103	129
3907	105	129
3908	107	130
3909	109	130
3910	108	129
3911	105	130
3912	103	129
3913	102	130
3914	105	129
3915	109	129
3916	111	130
3917	110	130
3918	110	129
3919	109	129
3920	110	129
3921	111	129
3922	114	130
3923	115	129
3924	113	130
3925	112	129
3926	111	129
3927	113	129
3928	114	129
3929	117	129
3930	119	129
3931	120	130
3932	118	130
3933	114	129
3934	110	129
3935	107	129
3936	106	130
3937	107	130
3938	109	130
3939	112	129
3940	114	129
3941	114	130
3942	114	129
3943	112	129
3944	110	130
3945	108	129
3946	106	129
3947	105	129
3948	104	130
3949	105	129
3950	108	129
3951	111	129
3952	114	129
3953	114	129
3954	113	130
3955	111	129
3956	108	129
3957	107	129
3958	108	129
3959	110	129
3960	112	130
3961	114	129
3962	114	129
3963	113	129
3964	111	129
3965	109	129
3966	109	129
3967	109	130
3968	109	130
3969	111	129
3970	112	129
3971	113	129
3972	113	129
3973	112	129
3974	111	129
3975	110	129
3976	108	130
3977	107	130
3978	107	130
3979	108	130
3980	110	129
3981	111	129
3982	113	129
3983	113	129
3984	112	129
3985	111	129
3986	109	130
3987	108	129
3988	106	130
3989	106	129
3990	107	129
3991	108	129
3992	109	129
3993	110	130
3994	111	130
3995	111	129
3996	110	129
3997	109	129
3998	108	129
3999	107	129
4000	107	130
4001	107	130
4002	109	129
4003	110	129
4004	112	129
4005	113	129
4006	113	129
4007	112	129
4008	110	129
4009	108	129
4010	107	130
4011	105	129
4012	106	130
4013	107	129
4014	109	129
4015	110	129
4016	111	129
4017	112	129
4018	112	129
4019	111	129
4020	109	129
4021	108	129
4022	107	129
4023	107	129
4024	108	129
4025	108	129
4026	109	129
4027	109	129
4028	109	129
4029	109	129
4030	108	129
4031	107	129
4032	106	129
4033	106	129
4034	107	129
4035	107	129
4036	108	130
4037	109	129
4038	109	130
4039	108	129
4040	108	129
4041	107	129
4042	107	129
4043	107	129
4044	107	129
4045	108	129
4046	109	129
4047	109	129
4048	109	130
4049	109	129
4050	109	129
4051	109	130
4052	108	129
4053	107	129
4054	107	129
4055	108	130
4056	108	129
4057	108	129
4058	109	129
4059	109	129
4060	108	130
4061	109	129
4062	108	129
4063	108	130
4064	108	129
4065	108	130
4066	109	130
4067	109	129
4068	109	129
4069	109	130
4070	110	129
4071	110	130
4072	111	130
4073	111	129
4074	112	130
4075	112	129
4076	111	130
4077	110	129
4078	110	130
4079	109	130
4080	109	129
4081	108	129
4082	108	129
4083	108	129
4084	109	130
4085	110	130
4086	111	130
4087	111	129
4088	111	129
4089	111	130
4090	111	129
4091	110	129
4092	111	129
4093	111	129
4094	111	130
4095	112	129
