
TIME STEP:
125 = 0.2ms

VOLTAGE STEP:
CH1:  32 = 0.15V
CH2:  32 = 5V
GND	58	128
N	CH1	CH2

0	119	129
1	121	129
2	121	129
3	119	129
4	118	129
5	116	129
6	113	129
7	113	129
8	112	130
9	112	129
10	115	129
11	117	129
12	118	129
13	119	129
14	118	129
15	115	129
16	115	130
17	114	129
18	113	129
19	113	130
20	114	130
21	115	129
22	117	130
23	117	130
24	116	130
25	116	129
26	114	129
27	113	129
28	114	129
29	113	130
30	114	130
31	116	129
32	117	129
33	117	129
34	117	129
35	115	129
36	114	129
37	113	129
38	111	130
39	112	129
40	113	129
41	113	129
42	116	129
43	118	129
44	117	129
45	116	129
46	115	130
47	113	130
48	114	129
49	114	129
50	114	129
51	115	130
52	115	129
53	116	129
54	116	129
55	115	129
56	113	130
57	114	129
58	113	129
59	113	130
60	114	129
61	114	129
62	113	130
63	115	129
64	115	129
65	115	130
66	116	130
67	115	130
68	115	129
69	116	130
70	117	130
71	119	129
72	120	130
73	119	129
74	119	130
75	119	129
76	117	130
77	119	130
78	121	129
79	122	130
80	123	130
81	122	130
82	119	130
83	117	130
84	115	130
85	115	129
86	116	130
87	118	130
88	118	130
89	120	129
90	120	129
91	119	129
92	119	129
93	118	129
94	116	129
95	117	129
96	117	129
97	118	130
98	120	129
99	121	129
100	119	129
101	120	129
102	118	130
103	117	129
104	115	129
105	114	129
106	114	130
107	116	129
108	116	129
109	116	129
110	116	130
111	113	129
112	110	130
113	112	129
114	116	130
115	121	129
116	125	129
117	125	129
118	119	129
119	116	130
120	114	129
121	116	129
122	117	130
123	115	129
124	115	129
125	119	129
126	121	129
127	125	129
128	125	129
129	122	129
130	118	129
131	114	129
132	110	130
133	111	130
134	114	129
135	119	129
136	124	129
137	126	130
138	124	129
139	124	129
140	120	129
141	117	129
142	115	130
143	113	129
144	113	130
145	117	129
146	118	129
147	121	130
148	123	130
149	124	129
150	122	129
151	120	129
152	113	129
153	113	129
154	114	129
155	117	129
156	121	130
157	126	129
158	124	129
159	121	129
160	118	130
161	116	129
162	116	129
163	118	130
164	118	129
165	120	129
166	121	129
167	121	130
168	121	130
169	120	129
170	116	129
171	117	130
172	117	129
173	120	129
174	127	129
175	136	130
176	142	130
177	142	129
178	125	129
179	110	129
180	102	129
181	99	130
182	101	129
183	109	129
184	113	129
185	114	129
186	114	129
187	112	130
188	112	129
189	115	130
190	115	130
191	118	130
192	118	130
193	117	129
194	117	130
195	119	129
196	119	129
197	119	129
198	117	129
199	116	129
200	117	130
201	121	129
202	122	130
203	127	130
204	128	129
205	127	129
206	125	129
207	122	129
208	117	129
209	118	129
210	119	130
211	121	130
212	124	129
213	126	129
214	122	129
215	120	129
216	111	130
217	107	130
218	106	130
219	108	130
220	110	129
221	114	129
222	114	129
223	117	130
224	114	129
225	113	129
226	116	130
227	120	129
228	117	129
229	117	130
230	117	129
231	116	129
232	116	130
233	117	130
234	115	129
235	116	129
236	116	130
237	116	129
238	117	129
239	116	129
240	116	130
241	122	129
242	123	130
243	120	129
244	118	129
245	115	129
246	112	129
247	113	129
248	113	130
249	113	129
250	115	129
251	116	130
252	115	130
253	117	130
254	115	129
255	116	129
256	117	130
257	115	129
258	116	129
259	117	129
260	116	130
261	117	129
262	117	130
263	117	129
264	118	130
265	119	130
266	117	129
267	117	130
268	118	129
269	117	129
270	117	130
271	116	129
272	114	129
273	115	129
274	116	129
275	117	129
276	118	129
277	119	129
278	117	129
279	118	129
280	117	129
281	115	129
282	114	129
283	114	130
284	113	130
285	115	129
286	115	129
287	115	129
288	117	129
289	117	129
290	117	130
291	117	129
292	115	129
293	114	129
294	115	129
295	115	129
296	116	129
297	117	130
298	117	129
299	116	129
300	116	129
301	115	129
302	114	129
303	114	130
304	113	129
305	113	129
306	114	130
307	114	129
308	114	129
309	114	129
310	113	129
311	114	129
312	114	129
313	114	130
314	115	129
315	116	129
316	116	129
317	116	129
318	116	129
319	115	129
320	115	129
321	114	130
322	115	129
323	115	129
324	116	129
325	115	129
326	116	130
327	116	129
328	116	130
329	116	129
330	116	129
331	114	130
332	114	129
333	114	130
334	114	130
335	114	129
336	114	129
337	113	130
338	114	130
339	115	130
340	116	130
341	117	130
342	117	129
343	117	129
344	117	130
345	117	130
346	119	129
347	120	130
348	121	129
349	121	130
350	122	129
351	121	129
352	119	130
353	117	129
354	116	129
355	115	129
356	116	130
357	117	129
358	118	130
359	119	130
360	120	130
361	120	129
362	120	129
363	117	129
364	117	130
365	117	130
366	117	129
367	117	130
368	119	129
369	118	130
370	119	129
371	119	130
372	119	130
373	119	129
374	119	129
375	117	130
376	118	130
377	116	130
378	116	129
379	116	129
380	115	130
381	115	130
382	118	129
383	119	130
384	119	130
385	117	129
386	115	129
387	113	129
388	115	130
389	117	130
390	112	130
391	112	130
392	115	129
393	118	130
394	124	129
395	125	130
396	123	129
397	121	130
398	120	130
399	118	129
400	119	130
401	116	130
402	116	130
403	117	130
404	119	130
405	120	130
406	121	129
407	119	130
408	117	130
409	116	130
410	117	130
411	120	130
412	122	130
413	122	129
414	122	130
415	120	129
416	117	129
417	115	129
418	114	129
419	112	129
420	114	129
421	117	130
422	121	129
423	123	129
424	125	129
425	123	129
426	121	129
427	117	130
428	115	129
429	115	129
430	116	129
431	118	130
432	121	130
433	122	129
434	121	130
435	121	129
436	119	129
437	117	129
438	117	129
439	116	130
440	117	130
441	119	130
442	121	129
443	124	130
444	128	129
445	130	129
446	134	130
447	136	130
448	133	129
449	127	130
450	116	129
451	107	129
452	105	130
453	108	129
454	110	129
455	115	130
456	116	130
457	116	130
458	114	130
459	111	130
460	111	130
461	112	130
462	114	129
463	115	129
464	118	130
465	119	129
466	117	130
467	118	129
468	118	129
469	117	129
470	118	129
471	118	129
472	120	130
473	124	129
474	128	129
475	131	129
476	132	130
477	129	129
478	122	130
479	117	130
480	111	129
481	111	130
482	114	129
483	118	129
484	122	129
485	124	130
486	122	129
487	120	130
488	118	129
489	116	129
490	115	129
491	116	129
492	116	129
493	116	130
494	117	130
495	117	129
496	117	129
497	119	129
498	118	129
499	117	129
500	114	130
501	112	129
502	111	130
503	113	129
504	114	129
505	118	130
506	120	130
507	121	129
508	120	130
509	119	130
510	115	129
511	114	130
512	114	129
513	114	130
514	115	129
515	116	130
516	116	130
517	118	129
518	117	130
519	117	129
520	116	130
521	116	129
522	115	130
523	116	129
524	115	129
525	115	129
526	115	129
527	115	129
528	115	129
529	116	130
530	115	130
531	115	130
532	115	130
533	115	130
534	117	130
535	119	130
536	118	130
537	118	130
538	119	130
539	117	130
540	117	130
541	118	129
542	117	130
543	117	129
544	117	129
545	116	130
546	116	130
547	117	130
548	116	129
549	118	130
550	118	130
551	117	130
552	117	129
553	117	130
554	116	130
555	117	129
556	117	129
557	117	130
558	116	129
559	115	129
560	114	129
561	115	129
562	115	129
563	114	129
564	115	129
565	115	130
566	115	129
567	116	130
568	115	129
569	115	130
570	115	130
571	114	129
572	115	129
573	116	129
574	115	129
575	115	129
576	116	130
577	116	130
578	115	130
579	116	129
580	114	129
581	114	129
582	114	129
583	114	130
584	114	130
585	115	130
586	114	130
587	115	129
588	115	129
589	114	130
590	113	129
591	113	129
592	112	130
593	114	130
594	116	129
595	116	130
596	116	129
597	116	130
598	114	129
599	114	130
600	113	129
601	113	129
602	114	130
603	115	129
604	115	129
605	117	130
606	116	130
607	115	129
608	115	129
609	115	130
610	115	129
611	116	130
612	115	129
613	114	129
614	114	130
615	113	129
616	113	130
617	113	129
618	114	129
619	115	130
620	117	129
621	118	130
622	118	130
623	118	130
624	117	130
625	117	130
626	119	130
627	120	129
628	121	129
629	122	130
630	121	130
631	120	129
632	120	129
633	118	129
634	116	130
635	115	130
636	115	130
637	116	129
638	118	130
639	118	129
640	119	130
641	119	129
642	119	129
643	119	129
644	119	129
645	117	130
646	118	130
647	119	129
648	119	129
649	120	129
650	121	130
651	119	129
652	119	130
653	118	129
654	117	129
655	116	129
656	116	130
657	115	130
658	112	129
659	108	130
660	108	130
661	112	130
662	118	129
663	125	129
664	131	130
665	125	129
666	115	130
667	110	129
668	109	129
669	109	130
670	113	130
671	117	129
672	122	129
673	126	130
674	128	129
675	124	129
676	118	130
677	113	129
678	112	130
679	114	129
680	116	130
681	119	130
682	122	129
683	121	129
684	120	129
685	120	129
686	119	129
687	117	129
688	117	129
689	115	129
690	116	129
691	117	129
692	119	129
693	120	129
694	121	129
695	120	129
696	121	129
697	120	129
698	118	129
699	116	129
700	115	129
701	113	129
702	116	130
703	118	130
704	119	129
705	121	129
706	122	129
707	121	129
708	121	129
709	119	129
710	117	129
711	117	129
712	117	129
713	117	129
714	120	130
715	120	129
716	120	130
717	121	129
718	120	129
719	119	130
720	120	129
721	119	130
722	120	129
723	124	129
724	131	129
725	140	129
726	147	129
727	139	130
728	123	129
729	110	129
730	102	129
731	101	129
732	105	129
733	110	129
734	114	129
735	113	129
736	110	129
737	108	129
738	108	129
739	109	129
740	113	130
741	116	130
742	116	129
743	115	129
744	115	130
745	117	129
746	120	129
747	121	129
748	123	130
749	125	129
750	125	130
751	125	130
752	125	129
753	124	129
754	123	130
755	123	130
756	121	129
757	119	130
758	119	130
759	118	130
760	117	130
761	116	129
762	116	129
763	116	130
764	119	129
765	122	129
766	124	130
767	123	129
768	119	130
769	113	129
770	107	129
771	103	129
772	104	129
773	108	129
774	110	130
775	110	129
776	112	130
777	115	130
778	115	129
779	118	130
780	119	129
781	120	130
782	119	130
783	118	129
784	119	129
785	119	129
786	118	129
787	119	129
788	118	129
789	118	130
790	119	129
791	119	129
792	118	129
793	118	130
794	117	130
795	117	130
796	117	130
797	118	130
798	116	130
799	115	129
800	113	130
801	113	129
802	114	129
803	114	129
804	113	130
805	116	130
806	116	130
807	117	130
808	119	130
809	118	129
810	116	129
811	116	130
812	116	129
813	116	129
814	116	130
815	116	129
816	116	130
817	117	130
818	117	129
819	117	129
820	117	130
821	116	129
822	115	129
823	116	129
824	115	129
825	116	130
826	118	129
827	118	129
828	118	129
829	118	129
830	116	129
831	114	130
832	113	130
833	113	129
834	113	130
835	115	130
836	115	129
837	117	129
838	118	129
839	118	129
840	117	129
841	116	129
842	113	129
843	113	129
844	113	129
845	114	129
846	115	129
847	116	129
848	116	129
849	116	129
850	116	129
851	114	129
852	114	129
853	113	129
854	113	129
855	113	130
856	114	129
857	113	129
858	115	129
859	115	129
860	115	130
861	117	129
862	117	130
863	116	129
864	116	129
865	116	129
866	115	129
867	115	130
868	115	130
869	114	130
870	113	129
871	112	129
872	111	129
873	113	129
874	114	129
875	116	129
876	118	129
877	119	129
878	119	130
879	117	129
880	114	129
881	111	130
882	110	130
883	110	129
884	111	129
885	113	129
886	115	129
887	116	129
888	118	130
889	117	129
890	116	129
891	115	130
892	115	129
893	117	129
894	120	129
895	121	129
896	121	129
897	122	129
898	121	129
899	119	129
900	119	130
901	117	130
902	117	130
903	118	130
904	119	129
905	120	129
906	121	129
907	119	130
908	119	130
909	117	129
910	115	130
911	115	130
912	116	129
913	116	129
914	120	129
915	122	130
916	123	129
917	123	129
918	121	129
919	118	129
920	117	129
921	116	129
922	115	130
923	116	129
924	117	130
925	118	130
926	120	129
927	119	130
928	118	130
929	117	129
930	116	129
931	114	130
932	111	129
933	105	130
934	103	129
935	108	130
936	119	130
937	127	130
938	127	130
939	127	130
940	128	130
941	125	130
942	120	129
943	115	130
944	112	129
945	110	129
946	112	130
947	115	130
948	119	130
949	124	129
950	126	129
951	124	129
952	122	129
953	118	129
954	114	129
955	111	130
956	111	130
957	111	129
958	114	130
959	116	130
960	119	129
961	122	129
962	125	129
963	125	129
964	123	129
965	120	129
966	116	129
967	113	129
968	113	130
969	113	129
970	117	129
971	121	129
972	123	129
973	124	130
974	124	129
975	121	129
976	118	129
977	115	130
978	113	129
979	114	129
980	115	129
981	118	129
982	121	129
983	123	129
984	123	129
985	122	129
986	119	129
987	117	129
988	117	129
989	117	129
990	120	130
991	127	129
992	133	130
993	139	129
994	141	129
995	137	129
996	126	129
997	118	130
998	111	129
999	108	130
1000	107	129
1001	108	129
1002	109	129
1003	110	129
1004	108	130
1005	107	130
1006	109	129
1007	114	129
1008	116	130
1009	119	129
1010	118	129
1011	116	129
1012	113	129
1013	110	129
1014	112	129
1015	115	129
1016	116	129
1017	118	129
1018	121	129
1019	125	129
1020	129	129
1021	132	129
1022	130	129
1023	127	129
1024	124	129
1025	122	129
1026	122	129
1027	121	129
1028	118	129
1029	119	129
1030	119	129
1031	119	129
1032	119	129
1033	119	130
1034	117	130
1035	115	129
1036	111	130
1037	109	129
1038	109	130
1039	112	129
1040	113	130
1041	116	130
1042	115	129
1043	115	129
1044	114	129
1045	115	129
1046	119	129
1047	122	129
1048	119	129
1049	113	129
1050	112	129
1051	114	129
1052	116	129
1053	116	129
1054	114	130
1055	114	130
1056	115	129
1057	115	129
1058	117	130
1059	119	129
1060	120	129
1061	120	130
1062	119	130
1063	114	130
1064	112	130
1065	113	129
1066	114	129
1067	117	130
1068	117	130
1069	117	129
1070	116	129
1071	115	130
1072	115	130
1073	116	129
1074	116	130
1075	115	129
1076	116	129
1077	115	129
1078	115	129
1079	116	130
1080	117	129
1081	117	130
1082	119	130
1083	119	130
1084	117	130
1085	116	130
1086	117	130
1087	117	130
1088	118	130
1089	117	129
1090	117	129
1091	117	129
1092	118	129
1093	117	129
1094	117	130
1095	117	130
1096	116	130
1097	116	130
1098	115	129
1099	115	130
1100	117	130
1101	118	130
1102	117	129
1103	117	129
1104	116	130
1105	114	130
1106	114	129
1107	115	129
1108	115	129
1109	115	130
1110	116	129
1111	116	130
1112	117	130
1113	116	130
1114	115	130
1115	115	129
1116	115	129
1117	115	130
1118	116	130
1119	115	129
1120	115	130
1121	115	129
1122	115	130
1123	115	130
1124	115	129
1125	114	130
1126	114	129
1127	113	129
1128	113	129
1129	113	129
1130	114	129
1131	113	129
1132	115	130
1133	116	130
1134	117	130
1135	117	130
1136	117	129
1137	114	129
1138	115	129
1139	115	129
1140	114	129
1141	114	129
1142	115	129
1143	114	129
1144	115	129
1145	116	130
1146	115	130
1147	115	129
1148	114	130
1149	113	129
1150	114	130
1151	114	129
1152	114	130
1153	115	129
1154	115	130
1155	114	129
1156	114	130
1157	113	129
1158	112	129
1159	115	129
1160	118	129
1161	120	129
1162	121	129
1163	122	129
1164	120	129
1165	118	129
1166	117	130
1167	116	129
1168	117	129
1169	119	130
1170	120	130
1171	122	130
1172	121	130
1173	119	129
1174	116	130
1175	114	129
1176	113	130
1177	115	130
1178	118	130
1179	121	130
1180	123	129
1181	123	130
1182	120	130
1183	118	129
1184	116	129
1185	115	129
1186	115	129
1187	116	129
1188	119	129
1189	121	130
1190	122	129
1191	121	129
1192	119	129
1193	113	129
1194	110	129
1195	111	129
1196	113	129
1197	117	129
1198	122	130
1199	125	129
1200	123	129
1201	120	130
1202	114	130
1203	110	129
1204	109	129
1205	111	129
1206	116	130
1207	123	129
1208	125	130
1209	126	130
1210	122	129
1211	119	129
1212	115	130
1213	113	129
1214	110	129
1215	111	130
1216	111	129
1217	114	129
1218	120	129
1219	125	129
1220	127	129
1221	125	130
1222	120	130
1223	116	130
1224	113	129
1225	113	130
1226	114	129
1227	117	130
1228	119	130
1229	120	129
1230	121	129
1231	120	129
1232	119	130
1233	118	130
1234	116	130
1235	117	129
1236	118	129
1237	120	129
1238	121	129
1239	121	129
1240	120	130
1241	119	129
1242	119	129
1243	117	129
1244	116	130
1245	116	129
1246	115	129
1247	117	130
1248	119	130
1249	121	130
1250	121	129
1251	121	129
1252	118	130
1253	117	130
1254	117	129
1255	118	130
1256	118	129
1257	120	129
1258	120	129
1259	121	130
1260	123	129
1261	124	129
1262	127	129
1263	130	130
1264	131	129
1265	129	129
1266	122	129
1267	114	129
1268	109	130
1269	106	129
1270	107	130
1271	112	130
1272	121	129
1273	130	129
1274	136	129
1275	132	129
1276	124	129
1277	115	130
1278	109	129
1279	105	129
1280	106	130
1281	109	129
1282	114	129
1283	121	129
1284	128	129
1285	130	129
1286	130	129
1287	128	129
1288	122	130
1289	115	129
1290	111	129
1291	109	130
1292	111	130
1293	112	130
1294	115	129
1295	119	129
1296	119	129
1297	117	130
1298	115	130
1299	115	129
1300	114	130
1301	115	129
1302	116	130
1303	117	130
1304	118	129
1305	118	130
1306	118	129
1307	118	129
1308	118	129
1309	118	130
1310	119	130
1311	119	129
1312	122	129
1313	124	129
1314	124	130
1315	123	130
1316	120	129
1317	117	129
1318	115	130
1319	115	129
1320	115	129
1321	116	129
1322	117	129
1323	116	130
1324	118	129
1325	118	129
1326	118	130
1327	117	129
1328	117	130
1329	115	130
1330	116	130
1331	115	129
1332	116	129
1333	116	129
1334	117	130
1335	117	129
1336	116	130
1337	115	130
1338	114	130
1339	114	129
1340	116	130
1341	117	129
1342	119	129
1343	119	129
1344	118	130
1345	118	130
1346	116	129
1347	114	130
1348	113	130
1349	112	130
1350	111	129
1351	113	129
1352	115	130
1353	118	130
1354	120	130
1355	119	130
1356	117	130
1357	116	130
1358	115	130
1359	115	129
1360	115	129
1361	117	130
1362	118	130
1363	120	129
1364	120	129
1365	119	130
1366	117	129
1367	114	129
1368	112	130
1369	113	129
1370	114	130
1371	117	129
1372	119	129
1373	121	130
1374	121	129
1375	119	129
1376	115	129
1377	113	130
1378	113	129
1379	113	129
1380	115	130
1381	118	129
1382	118	130
1383	119	130
1384	118	130
1385	117	129
1386	115	130
1387	115	129
1388	113	130
1389	113	130
1390	114	129
1391	114	130
1392	115	130
1393	115	130
1394	114	130
1395	115	129
1396	115	129
1397	115	129
1398	114	129
1399	114	129
1400	114	129
1401	115	130
1402	115	129
1403	115	129
1404	114	130
1405	114	129
1406	113	129
1407	115	129
1408	115	129
1409	115	130
1410	116	130
1411	117	130
1412	117	129
1413	117	130
1414	115	129
1415	114	129
1416	114	129
1417	114	130
1418	114	130
1419	115	130
1420	114	129
1421	115	129
1422	115	130
1423	115	129
1424	115	129
1425	115	129
1426	113	129
1427	114	129
1428	114	129
1429	114	129
1430	114	129
1431	114	130
1432	114	130
1433	115	130
1434	116	129
1435	116	130
1436	115	130
1437	114	129
1438	113	129
1439	115	130
1440	117	130
1441	118	129
1442	119	129
1443	119	129
1444	119	130
1445	120	129
1446	120	130
1447	119	130
1448	119	129
1449	118	129
1450	118	129
1451	119	130
1452	119	129
1453	118	130
1454	118	130
1455	119	129
1456	119	130
1457	119	129
1458	119	130
1459	117	129
1460	117	130
1461	118	130
1462	119	129
1463	119	129
1464	119	130
1465	119	129
1466	118	129
1467	117	129
1468	117	130
1469	118	129
1470	118	130
1471	118	130
1472	119	130
1473	117	130
1474	114	130
1475	113	129
1476	113	129
1477	113	129
1478	115	129
1479	118	130
1480	120	130
1481	122	129
1482	121	129
1483	119	130
1484	116	129
1485	110	130
1486	111	130
1487	115	129
1488	121	130
1489	125	129
1490	117	129
1491	114	130
1492	115	130
1493	118	130
1494	119	130
1495	119	129
1496	120	130
1497	120	129
1498	121	130
1499	121	130
1500	118	129
1501	114	129
1502	113	129
1503	113	129
1504	117	130
1505	121	130
1506	123	129
1507	122	129
1508	119	129
1509	114	130
1510	114	129
1511	116	129
1512	119	130
1513	122	130
1514	125	130
1515	123	130
1516	121	130
1517	116	130
1518	112	130
1519	112	130
1520	114	129
1521	117	130
1522	123	130
1523	127	130
1524	127	130
1525	126	130
1526	121	129
1527	117	130
1528	114	130
1529	112	129
1530	112	130
1531	115	130
1532	119	129
1533	123	129
1534	126	130
1535	127	129
1536	124	129
1537	120	130
1538	117	130
1539	115	129
1540	114	129
1541	115	130
1542	121	129
1543	128	130
1544	135	129
1545	140	129
1546	139	129
1547	130	130
1548	120	129
1549	113	130
1550	109	130
1551	109	129
1552	111	129
1553	113	129
1554	115	129
1555	115	129
1556	112	130
1557	110	129
1558	108	130
1559	110	130
1560	113	129
1561	115	130
1562	115	130
1563	117	129
1564	118	129
1565	119	129
1566	119	130
1567	119	129
1568	119	129
1569	123	129
1570	128	130
1571	132	130
1572	130	130
1573	123	129
1574	114	129
1575	113	129
1576	115	130
1577	118	130
1578	119	129
1579	120	130
1580	119	130
1581	119	130
1582	119	130
1583	118	130
1584	119	129
1585	119	130
1586	119	130
1587	120	130
1588	120	129
1589	119	129
1590	119	130
1591	117	129
1592	116	129
1593	117	129
1594	116	129
1595	117	130
1596	118	130
1597	119	130
1598	118	130
1599	118	130
1600	116	129
1601	115	130
1602	114	130
1603	113	129
1604	114	130
1605	117	130
1606	117	130
1607	117	129
1608	117	130
1609	116	130
1610	115	129
1611	116	129
1612	115	130
1613	116	130
1614	116	129
1615	115	129
1616	114	130
1617	114	130
1618	114	130
1619	116	130
1620	116	129
1621	116	129
1622	115	130
1623	116	130
1624	115	129
1625	116	129
1626	117	130
1627	118	130
1628	118	130
1629	117	129
1630	115	129
1631	114	129
1632	114	129
1633	115	129
1634	117	129
1635	119	130
1636	119	130
1637	120	130
1638	120	130
1639	118	129
1640	117	130
1641	115	130
1642	115	130
1643	115	129
1644	117	130
1645	117	130
1646	118	129
1647	118	130
1648	117	130
1649	116	130
1650	115	130
1651	115	130
1652	116	130
1653	116	129
1654	116	129
1655	116	130
1656	115	130
1657	114	129
1658	115	129
1659	115	130
1660	116	129
1661	116	129
1662	116	130
1663	115	130
1664	116	129
1665	115	130
1666	115	129
1667	115	130
1668	116	130
1669	116	129
1670	117	129
1671	116	130
1672	115	129
1673	115	130
1674	115	129
1675	115	129
1676	115	129
1677	113	130
1678	113	130
1679	114	129
1680	115	129
1681	115	129
1682	116	130
1683	115	129
1684	116	130
1685	115	130
1686	114	129
1687	114	129
1688	114	129
1689	113	129
1690	115	129
1691	116	129
1692	115	129
1693	115	129
1694	115	129
1695	113	130
1696	115	129
1697	116	129
1698	116	129
1699	115	129
1700	114	129
1701	113	129
1702	114	129
1703	115	130
1704	115	129
1705	115	129
1706	115	129
1707	114	129
1708	114	129
1709	113	129
1710	112	129
1711	113	130
1712	113	130
1713	114	130
1714	116	130
1715	116	129
1716	116	129
1717	117	129
1718	117	129
1719	118	129
1720	119	130
1721	120	129
1722	120	129
1723	122	129
1724	121	130
1725	121	130
1726	120	130
1727	118	129
1728	118	129
1729	118	129
1730	117	129
1731	117	130
1732	117	129
1733	117	129
1734	117	130
1735	117	129
1736	117	129
1737	117	129
1738	117	130
1739	118	129
1740	119	130
1741	119	130
1742	119	130
1743	119	129
1744	119	129
1745	118	130
1746	118	129
1747	118	130
1748	117	129
1749	117	129
1750	118	129
1751	119	130
1752	120	130
1753	121	129
1754	120	130
1755	118	129
1756	115	129
1757	113	129
1758	114	129
1759	116	130
1760	112	130
1761	109	130
1762	111	130
1763	119	129
1764	129	130
1765	134	130
1766	132	129
1767	124	130
1768	113	130
1769	105	130
1770	102	129
1771	103	129
1772	108	130
1773	118	130
1774	127	130
1775	131	130
1776	130	129
1777	123	129
1778	116	130
1779	112	130
1780	110	130
1781	110	130
1782	113	129
1783	119	129
1784	124	130
1785	129	129
1786	128	130
1787	125	129
1788	120	130
1789	115	129
1790	113	129
1791	114	129
1792	116	129
1793	120	129
1794	124	129
1795	122	129
1796	114	130
1797	115	130
1798	119	129
1799	123	130
1800	125	130
1801	124	130
1802	120	130
1803	115	129
1804	111	130
1805	112	129
1806	116	130
1807	120	130
1808	124	130
1809	126	130
1810	124	129
1811	119	130
1812	114	130
1813	112	129
1814	114	129
1815	119	130
1816	125	130
1817	131	129
1818	136	129
1819	136	129
1820	130	129
1821	121	129
1822	110	130
1823	103	129
1824	101	129
1825	103	130
1826	107	129
1827	111	129
1828	113	129
1829	114	130
1830	116	130
1831	118	130
1832	121	129
1833	122	130
1834	121	130
1835	119	130
1836	116	130
1837	114	130
1838	115	129
1839	115	129
1840	116	129
1841	118	130
1842	119	129
1843	119	129
1844	121	129
1845	122	129
1846	121	130
1847	122	129
1848	123	129
1849	125	129
1850	127	129
1851	125	129
1852	121	129
1853	117	130
1854	115	130
1855	114	129
1856	117	129
1857	120	129
1858	125	129
1859	126	129
1860	121	130
1861	117	130
1862	114	129
1863	108	130
1864	106	130
1865	105	129
1866	108	130
1867	110	130
1868	115	130
1869	117	130
1870	117	129
1871	116	129
1872	114	129
1873	115	129
1874	117	129
1875	115	130
1876	116	130
1877	119	129
1878	121	129
1879	124	129
1880	123	129
1881	119	129
1882	118	129
1883	119	130
1884	117	130
1885	117	130
1886	117	129
1887	117	130
1888	116	129
1889	115	130
1890	114	130
1891	113	129
1892	114	130
1893	114	130
1894	114	130
1895	113	130
1896	113	129
1897	115	129
1898	115	129
1899	116	129
1900	117	130
1901	117	129
1902	116	129
1903	116	129
1904	115	129
1905	114	130
1906	115	130
1907	117	130
1908	119	130
1909	121	129
1910	121	130
1911	119	130
1912	116	130
1913	114	130
1914	114	130
1915	115	130
1916	117	130
1917	119	130
1918	120	130
1919	119	129
1920	118	129
1921	118	129
1922	117	130
1923	115	130
1924	115	129
1925	115	130
1926	114	130
1927	116	130
1928	116	129
1929	117	130
1930	117	130
1931	116	130
1932	116	130
1933	115	129
1934	114	130
1935	114	129
1936	114	129
1937	115	129
1938	116	130
1939	118	129
1940	117	129
1941	116	130
1942	116	129
1943	115	130
1944	113	129
1945	109	130
1946	107	129
1947	110	130
1948	115	129
1949	120	130
1950	123	129
1951	124	129
1952	119	130
1953	116	129
1954	111	129
1955	108	130
1956	107	129
1957	109	130
1958	110	129
1959	115	129
1960	119	129
1961	120	130
1962	120	130
1963	119	129
1964	115	129
1965	114	129
1966	112	129
1967	112	129
1968	113	130
1969	115	129
1970	116	129
1971	118	130
1972	117	129
1973	115	129
1974	114	129
1975	113	130
1976	112	130
1977	113	129
1978	113	129
1979	113	130
1980	115	129
1981	115	130
1982	115	130
1983	116	130
1984	116	130
1985	116	130
1986	118	130
1987	118	130
1988	118	130
1989	118	130
1990	116	129
1991	117	130
1992	117	130
1993	117	129
1994	119	129
1995	121	129
1996	121	130
1997	121	130
1998	121	130
1999	118	129
2000	116	130
2001	116	129
2002	116	130
2003	117	130
2004	119	129
2005	120	129
2006	122	129
2007	121	130
2008	120	129
2009	118	129
2010	117	130
2011	115	129
2012	115	130
2013	117	130
2014	119	130
2015	121	130
2016	122	130
2017	120	130
2018	119	129
2019	117	130
2020	115	130
2021	113	129
2022	113	129
2023	112	130
2024	116	130
2025	119	129
2026	121	130
2027	117	129
2028	110	130
2029	107	130
2030	110	129
2031	113	129
2032	119	129
2033	125	129
2034	129	129
2035	126	130
2036	123	129
2037	116	129
2038	110	130
2039	108	130
2040	109	129
2041	113	130
2042	121	129
2043	125	130
2044	128	130
2045	127	130
2046	122	130
2047	117	129
2048	115	129
2049	111	130
2050	112	129
2051	115	129
2052	119	129
2053	123	129
2054	127	130
2055	125	130
2056	122	130
2057	118	129
2058	114	130
2059	112	130
2060	112	129
2061	112	129
2062	116	130
2063	120	130
2064	121	130
2065	121	129
2066	120	129
2067	118	130
2068	119	130
2069	119	129
2070	118	130
2071	118	130
2072	118	129
2073	113	130
2074	112	130
2075	116	129
2076	119	129
2077	124	130
2078	126	129
2079	125	130
2080	122	130
2081	118	129
2082	114	130
2083	113	129
2084	114	130
2085	116	130
2086	119	129
2087	123	130
2088	123	130
2089	125	130
2090	125	130
2091	125	129
2092	127	129
2093	131	129
2094	134	130
2095	137	129
2096	129	130
2097	119	130
2098	109	129
2099	104	130
2100	102	130
2101	107	129
2102	112	129
2103	115	129
2104	115	129
2105	113	130
2106	110	129
2107	112	129
2108	112	129
2109	111	129
2110	114	129
2111	117	129
2112	119	129
2113	119	129
2114	115	130
2115	113	129
2116	112	129
2117	113	129
2118	118	129
2119	126	129
2120	130	129
2121	131	129
2122	130	129
2123	127	129
2124	125	129
2125	126	129
2126	122	129
2127	121	129
2128	121	129
2129	121	129
2130	120	129
2131	121	129
2132	119	130
2133	118	129
2134	115	129
2135	111	130
2136	108	130
2137	109	130
2138	110	130
2139	113	130
2140	113	130
2141	112	130
2142	112	129
2143	113	129
2144	113	130
2145	118	129
2146	123	129
2147	122	129
2148	121	129
2149	117	129
2150	113	129
2151	113	130
2152	113	129
2153	114	129
2154	116	129
2155	117	129
2156	117	129
2157	119	130
2158	118	129
2159	117	129
2160	119	129
2161	119	129
2162	119	130
2163	118	129
2164	116	129
2165	112	129
2166	111	129
2167	111	130
2168	113	130
2169	116	129
2170	118	130
2171	117	130
2172	118	129
2173	117	129
2174	117	129
2175	117	130
2176	118	129
2177	118	130
2178	120	130
2179	119	130
2180	117	130
2181	115	130
2182	114	130
2183	114	129
2184	116	129
2185	116	129
2186	116	129
2187	117	129
2188	116	130
2189	115	130
2190	116	129
2191	114	129
2192	114	129
2193	115	129
2194	116	129
2195	117	130
2196	120	129
2197	118	129
2198	118	129
2199	117	130
2200	115	130
2201	115	130
2202	117	129
2203	115	130
2204	117	130
2205	118	129
2206	118	130
2207	117	129
2208	117	129
2209	113	130
2210	113	130
2211	114	130
2212	114	129
2213	116	130
2214	117	129
2215	116	129
2216	118	129
2217	118	129
2218	115	130
2219	114	129
2220	113	129
2221	111	130
2222	113	129
2223	114	129
2224	114	130
2225	115	129
2226	116	129
2227	115	129
2228	115	129
2229	115	129
2230	114	130
2231	114	129
2232	114	129
2233	114	130
2234	116	130
2235	116	130
2236	115	129
2237	117	130
2238	115	129
2239	115	130
2240	115	130
2241	113	129
2242	112	129
2243	114	130
2244	115	129
2245	115	129
2246	116	129
2247	116	129
2248	114	129
2249	114	129
2250	113	129
2251	113	129
2252	114	129
2253	114	129
2254	114	129
2255	117	129
2256	117	129
2257	116	129
2258	116	129
2259	114	129
2260	114	129
2261	117	129
2262	117	129
2263	118	129
2264	119	129
2265	119	130
2266	117	129
2267	120	129
2268	119	129
2269	120	129
2270	119	129
2271	119	129
2272	118	129
2273	119	129
2274	115	129
2275	114	129
2276	115	129
2277	115	129
2278	118	130
2279	122	129
2280	122	129
2281	123	130
2282	123	129
2283	120	129
2284	117	130
2285	116	129
2286	113	129
2287	114	129
2288	116	130
2289	118	129
2290	121	129
2291	122	129
2292	120	129
2293	121	129
2294	118	130
2295	115	129
2296	115	129
2297	114	129
2298	113	129
2299	117	130
2300	119	130
2301	119	129
2302	118	129
2303	114	130
2304	111	129
2305	115	129
2306	116	130
2307	119	130
2308	120	129
2309	119	129
2310	118	129
2311	119	130
2312	114	129
2313	111	130
2314	112	129
2315	115	130
2316	120	130
2317	127	129
2318	129	129
2319	128	129
2320	124	130
2321	118	129
2322	113	130
2323	111	129
2324	110	129
2325	112	129
2326	117	130
2327	121	129
2328	124	130
2329	125	129
2330	123	130
2331	121	130
2332	120	129
2333	114	130
2334	110	130
2335	110	130
2336	112	129
2337	118	130
2338	124	129
2339	121	129
2340	120	129
2341	121	130
2342	121	130
2343	121	130
2344	121	130
2345	118	130
2346	117	130
2347	116	130
2348	115	130
2349	117	129
2350	121	129
2351	121	130
2352	123	130
2353	123	129
2354	121	130
2355	119	130
2356	118	130
2357	113	130
2358	113	130
2359	113	129
2360	116	130
2361	122	129
2362	129	129
2363	130	130
2364	133	130
2365	130	129
2366	129	130
2367	128	129
2368	126	129
2369	122	129
2370	122	129
2371	115	130
2372	110	129
2373	107	130
2374	107	130
2375	109	129
2376	115	129
2377	116	129
2378	117	130
2379	117	129
2380	114	129
2381	111	129
2382	114	129
2383	113	129
2384	114	129
2385	115	129
2386	115	129
2387	115	130
2388	117	129
2389	114	129
2390	114	129
2391	116	129
2392	118	129
2393	123	129
2394	130	129
2395	134	130
2396	137	129
2397	134	129
2398	123	129
2399	116	129
2400	113	130
2401	111	129
2402	113	129
2403	116	129
2404	118	129
2405	121	129
2406	122	130
2407	122	130
2408	122	130
2409	122	130
2410	118	129
2411	117	130
2412	115	130
2413	114	130
2414	114	130
2415	117	130
2416	117	130
2417	119	129
2418	118	130
2419	116	129
2420	113	130
2421	113	129
2422	111	130
2423	115	129
2424	117	129
2425	119	129
2426	119	129
2427	119	129
2428	115	130
2429	116	130
2430	115	130
2431	117	130
2432	118	130
2433	120	130
2434	117	130
2435	117	129
2436	115	129
2437	114	129
2438	114	130
2439	115	129
2440	114	129
2441	119	130
2442	120	129
2443	120	130
2444	119	129
2445	116	130
2446	111	129
2447	114	129
2448	113	129
2449	115	130
2450	117	130
2451	119	129
2452	117	130
2453	119	130
2454	116	129
2455	115	130
2456	115	129
2457	115	129
2458	116	129
2459	120	129
2460	118	130
2461	117	129
2462	117	129
2463	116	130
2464	116	129
2465	118	130
2466	117	130
2467	118	129
2468	119	129
2469	117	129
2470	117	129
2471	118	129
2472	116	129
2473	116	129
2474	117	129
2475	117	130
2476	117	129
2477	117	129
2478	115	129
2479	115	129
2480	115	130
2481	114	129
2482	115	130
2483	115	129
2484	115	130
2485	116	129
2486	118	129
2487	115	129
2488	116	129
2489	115	129
2490	114	129
2491	114	130
2492	115	129
2493	114	129
2494	115	130
2495	115	130
2496	115	129
2497	115	130
2498	115	130
2499	113	130
2500	114	129
2501	113	129
2502	113	129
2503	113	129
2504	115	129
2505	112	129
2506	114	129
2507	114	129
2508	114	130
2509	115	130
2510	116	129
2511	114	130
2512	116	130
2513	116	129
2514	116	129
2515	116	130
2516	117	129
2517	115	130
2518	117	129
2519	116	129
2520	117	130
2521	117	130
2522	117	130
2523	114	129
2524	116	130
2525	114	130
2526	113	129
2527	113	130
2528	113	130
2529	113	129
2530	117	130
2531	116	129
2532	116	130
2533	115	129
2534	113	129
2535	111	130
2536	114	129
2537	113	129
2538	114	129
2539	116	129
2540	115	129
2541	115	129
2542	117	129
2543	115	129
2544	116	129
2545	118	129
2546	118	129
2547	120	129
2548	123	130
2549	121	130
2550	121	130
2551	121	129
2552	119	129
2553	119	129
2554	119	129
2555	118	130
2556	119	130
2557	120	130
2558	118	129
2559	118	130
2560	118	129
2561	117	129
2562	117	129
2563	118	130
2564	117	129
2565	118	129
2566	118	129
2567	118	129
2568	118	130
2569	119	129
2570	118	129
2571	118	129
2572	119	129
2573	119	129
2574	118	129
2575	118	129
2576	112	130
2577	112	130
2578	113	129
2579	117	129
2580	121	129
2581	123	129
2582	118	130
2583	114	129
2584	110	130
2585	109	129
2586	112	129
2587	120	129
2588	122	129
2589	127	130
2590	126	129
2591	121	130
2592	115	129
2593	113	129
2594	108	130
2595	111	130
2596	115	129
2597	120	130
2598	126	129
2599	128	130
2600	122	130
2601	121	130
2602	115	129
2603	111	129
2604	112	129
2605	114	129
2606	115	130
2607	122	130
2608	124	130
2609	125	129
2610	124	130
2611	119	129
2612	113	129
2613	112	129
2614	110	129
2615	113	129
2616	118	130
2617	124	129
2618	128	129
2619	131	130
2620	126	130
2621	121	130
2622	117	129
2623	112	129
2624	111	129
2625	113	130
2626	113	130
2627	117	130
2628	122	130
2629	124	129
2630	126	129
2631	123	129
2632	114	130
2633	110	130
2634	112	130
2635	115	129
2636	121	129
2637	126	129
2638	128	130
2639	127	129
2640	125	130
2641	117	130
2642	114	130
2643	111	129
2644	111	129
2645	115	130
2646	124	130
2647	131	130
2648	141	129
2649	146	129
2650	138	129
2651	123	130
2652	113	130
2653	104	130
2654	102	130
2655	104	130
2656	108	129
2657	112	129
2658	115	129
2659	113	129
2660	114	130
2661	113	130
2662	113	130
2663	113	130
2664	115	130
2665	114	129
2666	117	129
2667	116	129
2668	116	129
2669	115	129
2670	115	129
2671	113	129
2672	118	129
2673	121	129
2674	124	129
2675	129	129
2676	132	130
2677	131	129
2678	135	130
2679	132	130
2680	125	129
2681	119	129
2682	115	129
2683	112	129
2684	116	130
2685	117	130
2686	118	130
2687	119	130
2688	119	130
2689	117	130
2690	117	129
2691	115	129
2692	113	129
2693	114	130
2694	114	129
2695	115	129
2696	117	129
2697	115	129
2698	115	129
2699	116	129
2700	115	129
2701	115	130
2702	117	129
2703	114	129
2704	113	129
2705	116	130
2706	116	130
2707	116	130
2708	117	130
2709	116	129
2710	116	129
2711	118	130
2712	118	130
2713	118	130
2714	117	130
2715	116	129
2716	116	130
2717	118	129
2718	116	129
2719	115	129
2720	116	129
2721	116	129
2722	116	130
2723	117	130
2724	113	130
2725	113	129
2726	113	130
2727	114	130
2728	115	130
2729	118	129
2730	117	129
2731	119	130
2732	117	129
2733	117	130
2734	116	130
2735	119	129
2736	116	129
2737	119	130
2738	119	129
2739	118	129
2740	117	130
2741	118	129
2742	113	130
2743	114	130
2744	113	129
2745	114	130
2746	116	129
2747	118	130
2748	116	129
2749	119	129
2750	118	130
2751	117	129
2752	116	130
2753	116	130
2754	114	129
2755	118	129
2756	118	129
2757	119	130
2758	118	129
2759	117	129
2760	113	129
2761	115	129
2762	113	130
2763	112	129
2764	113	129
2765	114	129
2766	114	129
2767	118	129
2768	117	129
2769	118	130
2770	119	130
2771	117	129
2772	115	130
2773	116	129
2774	113	129
2775	112	129
2776	114	130
2777	115	129
2778	115	129
2779	118	129
2780	116	129
2781	115	130
2782	116	130
2783	114	129
2784	113	130
2785	114	129
2786	113	130
2787	113	130
2788	116	129
2789	115	129
2790	115	129
2791	116	129
2792	115	130
2793	115	130
2794	116	130
2795	114	129
2796	115	130
2797	115	129
2798	114	129
2799	114	130
2800	116	130
2801	115	129
2802	116	129
2803	116	130
2804	115	129
2805	115	130
2806	115	129
2807	112	129
2808	113	129
2809	113	129
2810	113	129
2811	115	129
2812	117	129
2813	115	129
2814	117	130
2815	117	129
2816	114	130
2817	114	129
2818	115	130
2819	112	129
2820	116	129
2821	117	129
2822	119	129
2823	120	130
2824	120	129
2825	116	129
2826	118	130
2827	116	130
2828	117	129
2829	119	130
2830	120	130
2831	120	129
2832	123	130
2833	122	129
2834	119	129
2835	118	129
2836	115	129
2837	112	130
2838	116	129
2839	116	129
2840	118	130
2841	120	130
2842	121	130
2843	121	130
2844	123	129
2845	119	129
2846	119	129
2847	118	130
2848	117	130
2849	116	130
2850	119	130
2851	117	129
2852	118	129
2853	120	129
2854	116	130
2855	112	130
2856	113	130
2857	114	129
2858	119	130
2859	124	129
2860	125	130
2861	125	130
2862	122	130
2863	115	129
2864	112	130
2865	109	130
2866	105	129
2867	106	130
2868	111	129
2869	118	130
2870	126	129
2871	126	129
2872	117	129
2873	114	129
2874	115	130
2875	117	129
2876	122	129
2877	125	130
2878	122	130
2879	118	130
2880	113	129
2881	112	129
2882	115	130
2883	116	129
2884	115	130
2885	121	129
2886	123	129
2887	124	129
2888	125	130
2889	124	130
2890	120	129
2891	119	129
2892	117	129
2893	115	129
2894	116	129
2895	117	129
2896	116	129
2897	119	129
2898	119	130
2899	119	129
2900	119	130
2901	118	129
2902	117	129
2903	120	130
2904	119	130
2905	119	129
2906	119	129
2907	119	130
2908	117	130
2909	120	130
2910	118	129
2911	118	130
2912	119	129
2913	118	130
2914	116	130
2915	119	130
2916	116	129
2917	118	130
2918	118	129
2919	119	129
2920	120	130
2921	123	130
2922	121	130
2923	123	129
2924	126	129
2925	129	129
2926	135	130
2927	140	130
2928	135	129
2929	129	129
2930	119	129
2931	111	130
2932	107	130
2933	107	130
2934	106	130
2935	110	130
2936	111	130
2937	112	129
2938	112	130
2939	111	130
2940	111	130
2941	115	129
2942	114	130
2943	112	130
2944	113	130
2945	113	130
2946	111	129
2947	115	129
2948	115	130
2949	116	129
2950	118	129
2951	118	129
2952	119	130
2953	127	130
2954	131	129
2955	136	130
2956	138	130
2957	134	129
2958	127	130
2959	121	130
2960	115	129
2961	112	130
2962	112	129
2963	113	129
2964	116	130
2965	120	129
2966	119	129
2967	118	129
2968	116	129
2969	114	129
2970	114	129
2971	115	129
2972	115	130
2973	115	129
2974	117	129
2975	116	129
2976	117	129
2977	117	129
2978	114	129
2979	114	130
2980	115	130
2981	113	129
2982	115	129
2983	116	129
2984	115	130
2985	115	130
2986	117	130
2987	116	130
2988	115	129
2989	113	129
2990	114	129
2991	116	129
2992	119	129
2993	117	129
2994	119	130
2995	120	130
2996	119	130
2997	118	129
2998	116	129
2999	111	130
3000	112	129
3001	112	130
3002	112	129
3003	115	130
3004	119	129
3005	118	130
3006	119	129
3007	118	130
3008	117	130
3009	117	129
3010	117	130
3011	114	130
3012	117	130
3013	117	129
3014	117	130
3015	118	130
3016	118	129
3017	115	130
3018	119	130
3019	117	130
3020	116	129
3021	117	130
3022	117	130
3023	117	130
3024	120	130
3025	119	129
3026	117	129
3027	116	130
3028	115	130
3029	113	130
3030	115	129
3031	115	129
3032	115	130
3033	117	130
3034	117	130
3035	117	129
3036	118	129
3037	115	129
3038	114	129
3039	115	130
3040	115	130
3041	116	129
3042	118	129
3043	117	130
3044	115	129
3045	116	129
3046	115	130
3047	114	130
3048	115	130
3049	114	129
3050	115	129
3051	117	129
3052	115	129
3053	115	129
3054	115	130
3055	113	130
3056	113	130
3057	115	129
3058	113	130
3059	113	130
3060	113	130
3061	113	129
3062	114	129
3063	116	130
3064	115	129
3065	116	129
3066	116	130
3067	116	130
3068	115	130
3069	116	130
3070	114	130
3071	115	129
3072	115	130
3073	114	130
3074	114	130
3075	116	129
3076	114	129
3077	116	129
3078	116	129
3079	115	130
3080	115	130
3081	116	129
3082	113	130
3083	114	129
3084	114	129
3085	114	130
3086	115	130
3087	117	129
3088	114	129
3089	116	130
3090	115	129
3091	114	130
3092	114	130
3093	114	130
3094	113	129
3095	118	129
3096	120	129
3097	120	130
3098	120	129
3099	119	129
3100	115	130
3101	117	130
3102	117	129
3103	117	129
3104	119	130
3105	120	129
3106	120	130
3107	121	129
3108	119	130
3109	116	129
3110	116	129
3111	115	129
3112	116	130
3113	119	129
3114	120	130
3115	120	130
3116	122	130
3117	121	130
3118	119	130
3119	120	130
3120	117	130
3121	115	130
3122	117	129
3123	117	129
3124	118	129
3125	120	130
3126	121	129
3127	120	129
3128	121	130
3129	119	129
3130	117	129
3131	116	130
3132	114	129
3133	115	130
3134	118	129
3135	117	129
3136	119	129
3137	117	129
3138	113	129
3139	111	129
3140	111	129
3141	108	129
3142	112	129
3143	119	129
3144	125	129
3145	125	129
3146	119	130
3147	110	129
3148	110	130
3149	113	129
3150	119	129
3151	126	129
3152	130	129
3153	121	130
3154	115	129
3155	113	129
3156	113	129
3157	117	129
3158	122	129
3159	123	129
3160	125	129
3161	124	129
3162	121	130
3163	117	130
3164	115	129
3165	112	129
3166	113	130
3167	115	129
3168	117	129
3169	120	129
3170	121	129
3171	117	129
3172	119	130
3173	120	129
3174	120	130
3175	120	129
3176	119	129
3177	116	129
3178	117	129
3179	116	129
3180	115	130
3181	117	129
3182	117	130
3183	119	130
3184	123	129
3185	123	129
3186	122	129
3187	121	130
3188	119	129
3189	117	129
3190	117	129
3191	115	129
3192	116	129
3193	120	129
3194	122	129
3195	124	129
3196	128	129
3197	128	129
3198	129	130
3199	130	130
3200	129	129
3201	125	130
3202	120	130
3203	113	130
3204	111	129
3205	113	129
3206	115	130
3207	120	130
3208	124	129
3209	123	130
3210	119	129
3211	113	129
3212	108	129
3213	107	129
3214	108	129
3215	110	130
3216	114	129
3217	118	129
3218	120	130
3219	124	129
3220	126	129
3221	126	129
3222	125	129
3223	125	130
3224	121	130
3225	117	130
3226	111	130
3227	109	130
3228	112	129
3229	116	129
3230	117	129
3231	121	129
3232	120	129
3233	119	129
3234	118	129
3235	119	129
3236	117	129
3237	119	130
3238	118	130
3239	116	129
3240	115	130
3241	116	129
3242	116	130
3243	120	130
3244	121	130
3245	121	129
3246	121	129
3247	120	129
3248	117	130
3249	120	129
3250	119	129
3251	118	129
3252	118	129
3253	117	129
3254	114	129
3255	116	129
3256	116	129
3257	116	130
3258	117	129
3259	117	129
3260	115	129
3261	116	129
3262	116	129
3263	115	129
3264	116	129
3265	116	130
3266	117	130
3267	119	130
3268	119	129
3269	117	129
3270	118	130
3271	116	130
3272	115	130
3273	117	130
3274	117	129
3275	116	129
3276	118	129
3277	117	129
3278	117	129
3279	117	129
3280	115	129
3281	113	130
3282	115	130
3283	116	130
3284	117	129
3285	118	130
3286	118	130
3287	117	130
3288	118	130
3289	116	130
3290	115	129
3291	115	130
3292	114	130
3293	112	130
3294	115	130
3295	115	129
3296	116	129
3297	119	130
3298	120	130
3299	118	129
3300	119	129
3301	118	130
3302	115	130
3303	114	130
3304	114	129
3305	113	129
3306	116	130
3307	118	130
3308	118	130
3309	119	130
3310	119	129
3311	117	130
3312	117	130
3313	115	130
3314	112	129
3315	113	129
3316	114	130
3317	116	130
3318	118	129
3319	119	130
3320	117	130
3321	117	129
3322	116	129
3323	115	130
3324	114	129
3325	114	130
3326	113	130
3327	114	129
3328	114	129
3329	115	130
3330	115	129
3331	115	130
3332	115	129
3333	116	130
3334	115	129
3335	114	129
3336	114	129
3337	113	129
3338	112	129
3339	114	130
3340	115	129
3341	114	129
3342	116	129
3343	115	129
3344	115	129
3345	116	129
3346	115	130
3347	115	129
3348	116	130
3349	116	129
3350	117	130
3351	118	129
3352	117	129
3353	115	129
3354	115	129
3355	113	130
3356	113	129
3357	114	129
3358	113	129
3359	113	130
3360	115	129
3361	115	129
3362	115	129
3363	116	129
3364	115	130
3365	113	130
3366	114	129
3367	113	129
3368	113	130
3369	114	130
3370	114	129
3371	115	129
3372	117	129
3373	117	129
3374	117	129
3375	117	129
3376	115	129
3377	118	129
3378	120	129
3379	120	129
3380	120	129
3381	120	129
3382	119	129
3383	118	129
3384	117	130
3385	115	129
3386	116	129
3387	117	129
3388	118	129
3389	120	129
3390	121	130
3391	120	129
3392	119	130
3393	118	129
3394	116	129
3395	117	129
3396	118	129
3397	118	129
3398	120	129
3399	121	130
3400	121	129
3401	121	130
3402	120	129
3403	117	130
3404	117	129
3405	117	129
3406	117	130
3407	118	130
3408	118	130
3409	119	129
3410	121	130
3411	120	129
3412	119	129
3413	116	130
3414	112	129
3415	107	130
3416	105	129
3417	108	130
3418	113	129
3419	122	129
3420	127	130
3421	124	130
3422	122	129
3423	122	129
3424	120	130
3425	119	129
3426	118	129
3427	116	129
3428	116	129
3429	116	129
3430	116	130
3431	118	129
3432	118	130
3433	117	130
3434	113	130
3435	113	130
3436	115	130
3437	122	130
3438	125	130
3439	126	129
3440	124	130
3441	119	129
3442	114	130
3443	113	130
3444	114	129
3445	116	129
3446	119	129
3447	122	129
3448	124	130
3449	124	129
3450	121	129
3451	118	129
3452	116	129
3453	113	130
3454	113	129
3455	116	129
3456	118	129
3457	121	129
3458	123	129
3459	122	129
3460	121	129
3461	121	129
3462	119	129
3463	117	130
3464	117	129
3465	117	129
3466	117	130
3467	118	129
3468	119	130
3469	120	129
3470	121	130
3471	121	130
3472	120	129
3473	121	130
3474	122	130
3475	124	130
3476	127	129
3477	131	130
3478	132	129
3479	130	130
3480	123	130
3481	115	130
3482	113	130
3483	113	129
3484	117	130
3485	122	129
3486	125	129
3487	121	130
3488	112	130
3489	107	130
3490	105	130
3491	110	130
3492	112	129
3493	111	130
3494	110	129
3495	111	129
3496	114	130
3497	118	130
3498	120	129
3499	121	129
3500	121	130
3501	122	129
3502	126	130
3503	134	130
3504	133	129
3505	125	129
3506	116	130
3507	113	130
3508	109	130
3509	111	130
3510	115	129
3511	118	129
3512	121	129
3513	126	130
3514	125	129
3515	122	129
3516	119	129
3517	117	130
3518	117	130
3519	118	129
3520	118	129
3521	119	129
3522	119	130
3523	119	129
3524	119	129
3525	117	130
3526	115	129
3527	115	129
3528	116	129
3529	116	130
3530	118	130
3531	118	130
3532	117	130
3533	117	129
3534	117	130
3535	116	129
3536	115	129
3537	115	130
3538	115	129
3539	115	130
3540	116	129
3541	115	129
3542	115	129
3543	115	129
3544	117	129
3545	118	129
3546	117	130
3547	115	129
3548	113	129
3549	114	129
3550	116	129
3551	118	129
3552	120	130
3553	117	130
3554	115	129
3555	114	129
3556	113	129
3557	113	129
3558	115	130
3559	117	130
3560	117	130
3561	118	129
3562	117	129
3563	116	130
3564	116	130
3565	116	130
3566	117	129
3567	117	130
3568	117	129
3569	117	129
3570	115	130
3571	116	130
3572	116	130
3573	116	129
3574	116	129
3575	117	129
3576	116	129
3577	118	130
3578	118	130
3579	119	130
3580	118	129
3581	118	129
3582	117	130
3583	117	129
3584	115	130
3585	115	130
3586	115	129
3587	115	130
3588	117	130
3589	117	129
3590	118	130
3591	117	129
3592	118	130
3593	116	129
3594	115	130
3595	114	129
3596	115	129
3597	114	129
3598	115	129
3599	116	129
3600	117	129
3601	118	130
3602	117	129
3603	116	129
3604	115	129
3605	115	130
3606	114	129
3607	115	129
3608	115	129
3609	116	130
3610	115	130
3611	115	130
3612	115	129
3613	115	130
3614	114	129
3615	114	129
3616	113	130
3617	113	129
3618	114	129
3619	115	129
3620	115	129
3621	116	130
3622	116	129
3623	116	130
3624	116	129
3625	115	129
3626	115	130
3627	114	129
3628	116	130
3629	115	130
3630	115	130
3631	115	129
3632	114	130
3633	113	129
3634	114	129
3635	113	129
3636	115	130
3637	115	129
3638	116	129
3639	116	130
3640	116	130
3641	113	130
3642	114	130
3643	113	130
3644	113	130
3645	114	129
3646	116	129
3647	115	129
3648	118	130
3649	118	129
3650	119	129
3651	118	129
3652	118	130
3653	116	130
3654	118	129
3655	118	130
3656	119	129
3657	120	129
3658	120	130
3659	118	130
3660	118	129
3661	116	129
3662	114	129
3663	114	130
3664	115	129
3665	116	129
3666	119	129
3667	120	129
3668	119	129
3669	120	129
3670	120	129
3671	120	129
3672	119	129
3673	119	130
3674	118	129
3675	118	130
3676	116	129
3677	117	129
3678	117	130
3679	119	129
3680	119	129
3681	121	130
3682	121	129
3683	120	129
3684	119	129
3685	118	130
3686	115	129
3687	115	130
3688	116	130
3689	116	130
3690	117	129
3691	120	130
3692	119	130
3693	120	130
3694	119	129
3695	116	130
3696	115	129
3697	115	130
3698	115	129
3699	114	130
3700	113	129
3701	111	129
3702	112	129
3703	117	130
3704	124	130
3705	128	129
3706	129	130
3707	122	130
3708	117	130
3709	113	130
3710	113	129
3711	112	130
3712	117	130
3713	119	129
3714	121	130
3715	121	129
3716	120	129
3717	117	129
3718	118	129
3719	117	129
3720	117	129
3721	119	129
3722	121	129
3723	122	129
3724	123	130
3725	122	129
3726	120	129
3727	119	129
3728	117	130
3729	115	130
3730	114	130
3731	112	129
3732	109	129
3733	112	130
3734	118	130
3735	126	129
3736	131	130
3737	133	130
3738	125	129
3739	119	130
3740	113	129
3741	110	130
3742	111	130
3743	115	129
3744	118	129
3745	123	130
3746	127	130
3747	121	129
3748	117	130
3749	117	129
3750	116	130
3751	118	129
3752	122	130
3753	126	129
3754	129	130
3755	134	129
3756	138	130
3757	134	130
3758	127	130
3759	118	130
3760	109	130
3761	104	129
3762	105	130
3763	106	130
3764	111	129
3765	115	129
3766	116	129
3767	115	129
3768	112	130
3769	110	130
3770	113	130
3771	115	129
3772	117	129
3773	118	130
3774	117	130
3775	116	129
3776	117	129
3777	120	129
3778	120	130
3779	121	129
3780	121	129
3781	122	129
3782	121	130
3783	122	130
3784	125	130
3785	130	129
3786	134	129
3787	133	129
3788	129	130
3789	123	130
3790	117	130
3791	112	130
3792	110	129
3793	110	129
3794	111	129
3795	117	129
3796	118	130
3797	117	129
3798	116	129
3799	117	130
3800	118	130
3801	118	130
3802	119	130
3803	119	130
3804	119	130
3805	118	129
3806	118	129
3807	118	130
3808	117	130
3809	116	129
3810	116	130
3811	115	129
3812	115	129
3813	116	129
3814	115	129
3815	116	129
3816	116	129
3817	116	129
3818	116	130
3819	117	130
3820	116	130
3821	116	129
3822	117	130
3823	117	129
3824	117	130
3825	118	130
3826	118	129
3827	118	129
3828	117	129
3829	116	129
3830	115	129
3831	115	129
3832	116	130
3833	117	130
3834	117	129
3835	117	129
3836	116	130
3837	115	130
3838	114	130
3839	116	129
3840	118	129
3841	119	129
3842	119	130
3843	119	130
3844	117	130
3845	116	129
3846	115	130
3847	115	129
3848	116	130
3849	118	130
3850	118	129
3851	119	129
3852	117	130
3853	115	129
3854	117	129
3855	117	129
3856	118	129
3857	118	129
3858	118	130
3859	118	130
3860	118	129
3861	117	130
3862	116	130
3863	115	129
3864	115	130
3865	115	130
3866	116	130
3867	117	130
3868	117	130
3869	117	130
3870	117	129
3871	117	129
3872	116	130
3873	114	129
3874	114	129
3875	111	130
3876	109	130
3877	112	129
3878	115	130
3879	119	130
3880	121	129
3881	121	130
3882	119	130
3883	115	130
3884	111	130
3885	109	129
3886	107	129
3887	107	129
3888	110	130
3889	115	129
3890	119	129
3891	123	129
3892	123	130
3893	119	129
3894	115	129
3895	111	130
3896	108	129
3897	107	130
3898	109	129
3899	111	130
3900	116	130
3901	119	129
3902	121	130
3903	122	130
3904	119	129
3905	115	130
3906	113	129
3907	111	130
3908	112	129
3909	114	130
3910	116	130
3911	118	130
3912	119	130
3913	118	129
3914	115	130
3915	113	129
3916	112	130
3917	113	129
3918	115	130
3919	116	129
3920	117	129
3921	117	130
3922	115	129
3923	115	130
3924	114	130
3925	113	129
3926	112	130
3927	112	129
3928	112	130
3929	114	129
3930	115	130
3931	116	130
3932	116	129
3933	115	130
3934	116	130
3935	117	129
3936	118	129
3937	119	130
3938	121	129
3939	121	129
3940	121	129
3941	119	129
3942	118	129
3943	117	129
3944	117	129
3945	117	130
3946	118	129
3947	119	130
3948	118	130
3949	118	130
3950	118	129
3951	117	129
3952	117	129
3953	117	129
3954	118	130
3955	118	130
3956	119	129
3957	119	130
3958	119	129
3959	118	130
3960	118	129
3961	118	129
3962	117	130
3963	118	129
3964	118	129
3965	119	130
3966	119	130
3967	119	129
3968	119	129
3969	119	129
3970	119	130
3971	118	129
3972	118	129
3973	118	129
3974	117	130
3975	112	129
3976	107	130
3977	109	129
3978	114	130
3979	121	129
3980	127	129
3981	126	129
3982	118	129
3983	112	130
3984	111	129
3985	112	129
3986	116	129
3987	120	129
3988	122	129
3989	117	129
3990	116	129
3991	117	129
3992	118	130
3993	118	130
3994	119	129
3995	119	129
3996	119	129
3997	118	129
3998	117	129
3999	117	129
4000	118	130
4001	120	129
4002	121	129
4003	122	129
4004	121	130
4005	118	130
4006	116	129
4007	115	129
4008	115	129
4009	117	129
4010	119	129
4011	121	129
4012	121	129
4013	121	130
4014	119	129
4015	118	130
4016	116	130
4017	116	130
4018	117	129
4019	118	129
4020	119	129
4021	120	129
4022	120	129
4023	119	129
4024	117	129
4025	116	129
4026	116	129
4027	117	129
4028	119	129
4029	121	130
4030	122	129
4031	123	129
4032	122	129
4033	122	129
4034	121	130
4035	123	129
4036	126	129
4037	132	129
4038	137	129
4039	138	129
4040	133	130
4041	124	129
4042	116	129
4043	111	130
4044	110	129
4045	111	129
4046	112	129
4047	116	129
4048	117	130
4049	114	130
4050	110	130
4051	108	129
4052	110	130
4053	112	130
4054	113	130
4055	114	130
4056	114	130
4057	115	130
4058	115	129
4059	115	129
4060	117	130
4061	116	130
4062	115	129
4063	116	129
4064	120	129
4065	127	129
4066	136	129
4067	140	130
4068	139	130
4069	133	129
4070	123	130
4071	114	129
4072	109	129
4073	109	130
4074	112	130
4075	117	130
4076	122	130
4077	125	130
4078	124	130
4079	120	129
4080	116	129
4081	112	129
4082	111	129
4083	111	130
4084	113	129
4085	116	129
4086	118	130
4087	118	129
4088	117	129
4089	117	129
4090	116	130
4091	115	129
4092	113	130
4093	111	129
4094	111	130
4095	111	130
