
TIME STEP:
125 = 0.2ms

VOLTAGE STEP:
CH1:  32 = 0.15V
CH2:  32 = 5V
GND	58	128
N	CH1	CH2

0	123	129
1	124	129
2	126	129
3	123	129
4	120	130
5	120	129
6	124	129
7	126	130
8	129	129
9	131	130
10	132	129
11	130	129
12	127	129
13	124	129
14	125	129
15	126	129
16	126	129
17	126	129
18	126	130
19	124	129
20	125	130
21	126	129
22	126	130
23	127	129
24	126	129
25	124	129
26	123	129
27	122	129
28	123	129
29	125	129
30	125	129
31	124	129
32	125	129
33	125	129
34	125	129
35	125	129
36	126	129
37	127	129
38	128	129
39	127	129
40	126	129
41	126	129
42	126	129
43	126	130
44	126	129
45	125	129
46	125	130
47	126	129
48	127	129
49	127	129
50	128	130
51	126	130
52	125	130
53	125	130
54	124	129
55	124	129
56	125	129
57	125	129
58	125	129
59	127	129
60	127	130
61	127	130
62	127	130
63	125	130
64	125	130
65	125	130
66	123	129
67	123	130
68	123	129
69	122	130
70	123	129
71	124	129
72	124	129
73	125	130
74	124	129
75	123	129
76	123	129
77	121	129
78	119	129
79	117	130
80	119	129
81	122	129
82	126	129
83	127	129
84	127	129
85	125	129
86	123	129
87	121	130
88	120	129
89	119	130
90	121	129
91	121	130
92	123	129
93	123	129
94	124	129
95	123	129
96	122	130
97	123	129
98	123	130
99	123	130
100	123	129
101	124	129
102	124	129
103	125	129
104	125	129
105	125	130
106	124	129
107	125	129
108	125	129
109	126	129
110	126	130
111	126	129
112	126	129
113	125	129
114	124	129
115	125	129
116	125	129
117	125	129
118	122	129
119	120	129
120	121	129
121	124	129
122	127	129
123	129	129
124	128	129
125	126	129
126	122	129
127	120	129
128	120	129
129	122	129
130	126	129
131	130	129
132	131	129
133	128	129
134	125	129
135	123	129
136	122	129
137	123	129
138	127	130
139	129	129
140	132	129
141	132	129
142	130	130
143	127	129
144	124	130
145	123	130
146	123	130
147	124	129
148	126	129
149	129	129
150	131	129
151	131	129
152	131	130
153	129	130
154	125	130
155	122	130
156	121	130
157	121	129
158	120	130
159	123	130
160	127	130
161	132	129
162	134	129
163	133	130
164	129	130
165	125	130
166	119	129
167	115	130
168	117	130
169	123	129
170	129	130
171	134	129
172	137	129
173	134	130
174	128	130
175	122	129
176	120	129
177	120	129
178	124	130
179	130	130
180	137	129
181	139	129
182	133	129
183	125	129
184	118	130
185	114	130
186	115	129
187	118	129
188	117	129
189	113	129
190	110	130
191	112	129
192	115	129
193	115	129
194	118	130
195	121	130
196	125	130
197	125	130
198	124	130
199	129	130
200	133	129
201	137	129
202	142	130
203	141	130
204	134	129
205	127	130
206	121	130
207	119	129
208	119	130
209	123	130
210	126	129
211	126	129
212	128	129
213	127	130
214	126	129
215	125	129
216	126	129
217	127	130
218	127	129
219	128	129
220	129	130
221	129	129
222	127	130
223	127	129
224	128	129
225	128	130
226	127	129
227	126	130
228	127	130
229	125	129
230	124	130
231	125	129
232	125	129
233	123	129
234	123	130
235	122	129
236	121	129
237	122	130
238	124	129
239	125	130
240	125	129
241	122	129
242	120	130
243	121	130
244	122	129
245	122	129
246	123	129
247	124	129
248	124	129
249	122	130
250	121	129
251	121	130
252	123	130
253	124	129
254	125	129
255	128	129
256	128	129
257	128	129
258	127	129
259	127	130
260	124	129
261	122	129
262	122	129
263	123	129
264	124	130
265	127	129
266	128	129
267	126	129
268	123	130
269	122	129
270	121	129
271	121	129
272	122	129
273	127	130
274	129	129
275	128	129
276	127	130
277	126	129
278	124	130
279	123	130
280	125	129
281	124	129
282	124	129
283	125	130
284	126	129
285	128	130
286	127	129
287	126	129
288	127	129
289	125	130
290	125	130
291	124	129
292	124	129
293	124	129
294	125	129
295	125	129
296	125	129
297	123	129
298	123	129
299	122	129
300	121	129
301	121	129
302	122	129
303	122	129
304	123	129
305	122	129
306	124	129
307	123	129
308	123	129
309	123	129
310	123	129
311	121	130
312	122	129
313	122	129
314	122	129
315	121	129
316	121	129
317	122	129
318	123	129
319	122	129
320	123	129
321	124	129
322	123	129
323	122	129
324	123	130
325	123	129
326	124	129
327	125	130
328	127	129
329	127	130
330	127	129
331	127	129
332	125	130
333	123	129
334	123	129
335	124	130
336	125	130
337	126	129
338	128	130
339	127	130
340	126	129
341	124	130
342	123	129
343	122	130
344	124	129
345	126	129
346	127	129
347	129	129
348	129	130
349	129	129
350	126	130
351	123	129
352	122	129
353	123	129
354	125	129
355	128	130
356	131	130
357	129	129
358	127	130
359	125	129
360	123	129
361	123	129
362	123	129
363	123	129
364	127	129
365	129	129
366	131	130
367	131	130
368	129	130
369	128	130
370	126	130
371	123	129
372	123	130
373	122	129
374	124	129
375	124	129
376	127	129
377	127	129
378	126	130
379	124	130
380	124	130
381	127	129
382	127	129
383	129	129
384	129	129
385	129	129
386	127	130
387	126	129
388	127	130
389	127	129
390	127	129
391	127	129
392	128	129
393	127	129
394	126	129
395	125	129
396	122	130
397	115	129
398	118	130
399	125	129
400	132	129
401	139	129
402	139	129
403	132	129
404	125	129
405	119	129
406	117	129
407	119	129
408	124	129
409	129	129
410	133	129
411	135	129
412	134	129
413	131	130
414	125	130
415	125	129
416	127	129
417	133	129
418	142	129
419	146	129
420	142	129
421	128	129
422	117	129
423	112	129
424	113	129
425	119	130
426	127	130
427	136	129
428	137	129
429	134	130
430	129	129
431	124	129
432	123	129
433	122	129
434	127	129
435	135	129
436	149	129
437	164	129
438	168	130
439	141	130
440	120	129
441	117	129
442	122	129
443	126	129
444	128	129
445	128	129
446	126	129
447	122	129
448	120	129
449	121	129
450	121	129
451	122	129
452	125	129
453	124	129
454	122	129
455	125	129
456	129	129
457	127	129
458	123	130
459	121	130
460	122	129
461	125	130
462	130	129
463	131	129
464	131	129
465	135	130
466	138	129
467	139	129
468	141	129
469	145	129
470	146	129
471	146	129
472	142	130
473	134	129
474	124	130
475	118	129
476	116	129
477	120	129
478	124	129
479	132	129
480	135	129
481	131	129
482	125	130
483	121	130
484	119	129
485	122	129
486	125	129
487	129	129
488	128	129
489	126	129
490	124	129
491	125	129
492	126	130
493	128	130
494	125	129
495	121	129
496	120	130
497	124	130
498	125	129
499	125	130
500	125	130
501	124	129
502	123	129
503	124	129
504	125	129
505	126	129
506	125	129
507	127	129
508	126	130
509	124	129
510	124	130
511	126	130
512	125	129
513	127	130
514	128	129
515	129	129
516	126	129
517	124	129
518	123	129
519	124	130
520	125	130
521	128	129
522	131	129
523	132	129
524	128	129
525	127	129
526	125	130
527	124	129
528	122	129
529	122	129
530	124	129
531	126	129
532	127	129
533	128	129
534	129	129
535	128	129
536	126	129
537	124	130
538	120	129
539	120	130
540	121	129
541	124	130
542	126	129
543	126	130
544	126	129
545	126	129
546	125	129
547	124	129
548	123	130
549	122	130
550	123	130
551	127	129
552	129	129
553	131	129
554	130	130
555	128	130
556	125	129
557	123	129
558	122	129
559	122	129
560	123	129
561	125	129
562	127	130
563	128	129
564	128	129
565	128	129
566	127	130
567	126	129
568	125	130
569	125	129
570	124	129
571	125	129
572	126	130
573	128	129
574	127	129
575	125	129
576	123	129
577	123	129
578	122	129
579	123	129
580	124	129
581	125	129
582	125	129
583	125	130
584	123	130
585	121	129
586	120	129
587	121	129
588	123	129
589	124	129
590	125	129
591	125	129
592	123	129
593	122	129
594	121	129
595	121	130
596	120	129
597	121	129
598	123	129
599	123	129
600	123	129
601	122	130
602	121	129
603	121	129
604	120	130
605	121	129
606	121	129
607	121	129
608	123	130
609	125	129
610	125	129
611	125	129
612	125	129
613	123	129
614	122	129
615	122	130
616	123	130
617	125	129
618	125	130
619	127	130
620	128	129
621	126	129
622	124	129
623	123	130
624	122	129
625	123	130
626	125	130
627	127	129
628	128	129
629	127	130
630	127	129
631	126	130
632	125	130
633	124	129
634	125	129
635	126	130
636	126	129
637	128	129
638	128	129
639	127	129
640	127	129
641	127	129
642	126	130
643	126	130
644	127	129
645	128	129
646	128	129
647	127	130
648	126	129
649	125	129
650	124	129
651	126	130
652	127	130
653	126	129
654	126	130
655	126	129
656	125	130
657	122	129
658	120	129
659	122	130
660	128	130
661	133	129
662	137	130
663	135	129
664	129	129
665	121	129
666	118	130
667	117	129
668	120	129
669	125	130
670	130	129
671	133	130
672	133	130
673	130	129
674	127	130
675	123	129
676	122	130
677	123	129
678	124	129
679	126	129
680	128	130
681	129	130
682	124	130
683	122	129
684	123	129
685	124	129
686	123	130
687	121	129
688	126	129
689	131	129
690	134	129
691	135	129
692	133	129
693	129	130
694	128	130
695	127	130
696	127	129
697	128	130
698	129	130
699	127	129
700	123	130
701	118	130
702	116	130
703	116	129
704	114	129
705	111	129
706	111	130
707	113	130
708	116	129
709	117	130
710	118	129
711	118	130
712	123	129
713	127	129
714	127	130
715	132	130
716	137	130
717	140	130
718	141	130
719	135	129
720	129	130
721	123	129
722	118	129
723	121	129
724	125	129
725	128	129
726	130	129
727	127	129
728	121	129
729	121	130
730	123	129
731	125	129
732	128	129
733	127	130
734	125	129
735	125	130
736	125	129
737	127	129
738	129	130
739	129	129
740	129	130
741	130	130
742	128	129
743	126	130
744	125	130
745	123	129
746	121	130
747	122	129
748	123	130
749	124	130
750	123	129
751	123	130
752	124	130
753	124	130
754	122	129
755	121	129
756	123	130
757	124	130
758	125	129
759	126	130
760	125	129
761	125	129
762	125	130
763	125	129
764	124	129
765	125	129
766	121	129
767	119	129
768	118	129
769	121	129
770	125	129
771	126	129
772	127	130
773	129	129
774	127	129
775	125	129
776	126	130
777	125	129
778	123	129
779	124	130
780	122	129
781	120	130
782	119	129
783	121	130
784	123	130
785	128	129
786	130	129
787	130	129
788	126	129
789	123	130
790	122	129
791	124	129
792	124	129
793	126	130
794	127	129
795	126	129
796	125	129
797	125	129
798	123	129
799	124	129
800	126	129
801	129	129
802	128	129
803	128	129
804	125	129
805	124	129
806	123	130
807	123	129
808	123	129
809	124	130
810	123	129
811	125	130
812	126	130
813	125	129
814	123	129
815	123	129
816	119	129
817	120	129
818	120	129
819	121	129
820	122	129
821	123	130
822	123	129
823	124	129
824	122	130
825	119	129
826	119	129
827	118	129
828	119	129
829	124	130
830	125	129
831	127	129
832	128	129
833	125	129
834	121	129
835	119	130
836	117	129
837	119	129
838	122	130
839	126	129
840	129	129
841	130	129
842	126	129
843	125	130
844	122	129
845	120	129
846	121	129
847	124	130
848	126	129
849	130	129
850	131	129
851	129	129
852	126	129
853	123	130
854	121	129
855	123	129
856	124	130
857	127	129
858	130	129
859	130	129
860	129	129
861	129	129
862	124	129
863	122	129
864	122	130
865	124	129
866	127	129
867	130	130
868	130	129
869	132	129
870	130	129
871	126	129
872	124	129
873	122	129
874	121	129
875	125	129
876	128	129
877	128	129
878	127	130
879	126	129
880	124	129
881	125	129
882	123	129
883	123	129
884	122	130
885	123	129
886	127	130
887	131	129
888	131	130
889	128	130
890	124	129
891	116	130
892	113	129
893	118	130
894	122	129
895	132	130
896	139	129
897	140	130
898	135	129
899	126	130
900	118	130
901	118	129
902	118	129
903	121	129
904	128	129
905	132	130
906	130	130
907	132	129
908	130	129
909	127	130
910	125	129
911	124	129
912	124	129
913	126	129
914	128	129
915	130	129
916	132	129
917	131	129
918	129	130
919	128	129
920	123	129
921	123	129
922	123	130
923	119	129
924	121	129
925	129	129
926	136	130
927	143	129
928	145	129
929	142	130
930	137	129
931	131	129
932	125	130
933	122	129
934	118	130
935	117	129
936	120	130
937	124	129
938	127	130
939	128	129
940	126	130
941	126	130
942	128	129
943	130	130
944	132	129
945	133	129
946	132	129
947	134	130
948	135	130
949	140	129
950	154	129
951	155	129
952	141	129
953	130	129
954	127	130
955	127	130
956	129	130
957	132	129
958	129	130
959	125	130
960	121	129
961	121	129
962	125	130
963	121	129
964	117	130
965	116	129
966	119	129
967	125	130
968	126	130
969	123	129
970	126	129
971	129	130
972	125	129
973	127	130
974	129	129
975	126	129
976	129	130
977	133	129
978	133	129
979	137	129
980	138	129
981	140	129
982	143	130
983	140	129
984	135	129
985	133	130
986	130	129
987	131	129
988	135	130
989	138	129
990	137	130
991	129	129
992	118	130
993	113	129
994	113	129
995	115	129
996	120	129
997	123	129
998	123	129
999	124	129
1000	126	130
1001	125	129
1002	127	129
1003	127	130
1004	125	129
1005	127	130
1006	127	129
1007	128	129
1008	129	130
1009	127	130
1010	127	129
1011	127	129
1012	125	129
1013	123	130
1014	126	129
1015	125	130
1016	125	129
1017	126	129
1018	125	130
1019	125	129
1020	125	129
1021	124	129
1022	125	129
1023	126	130
1024	125	130
1025	125	129
1026	125	129
1027	121	129
1028	122	129
1029	125	129
1030	127	129
1031	129	130
1032	127	130
1033	125	129
1034	127	130
1035	129	129
1036	127	129
1037	126	129
1038	124	129
1039	121	129
1040	122	129
1041	122	129
1042	122	129
1043	124	129
1044	126	130
1045	127	130
1046	129	130
1047	128	129
1048	127	129
1049	127	130
1050	125	130
1051	124	130
1052	124	130
1053	123	129
1054	122	129
1055	124	130
1056	125	130
1057	127	130
1058	127	129
1059	125	130
1060	124	130
1061	126	130
1062	125	130
1063	126	129
1064	126	130
1065	125	129
1066	124	129
1067	125	129
1068	125	129
1069	126	129
1070	126	130
1071	126	129
1072	127	130
1073	127	129
1074	125	130
1075	125	129
1076	124	129
1077	123	129
1078	124	130
1079	123	129
1080	123	129
1081	126	129
1082	128	129
1083	129	129
1084	129	130
1085	127	129
1086	126	130
1087	125	129
1088	124	129
1089	123	129
1090	123	129
1091	122	129
1092	123	129
1093	125	129
1094	125	129
1095	124	130
1096	125	129
1097	123	129
1098	123	129
1099	123	129
1100	121	129
1101	122	130
1102	122	129
1103	122	130
1104	123	129
1105	123	129
1106	121	129
1107	121	130
1108	118	129
1109	117	129
1110	121	129
1111	125	129
1112	127	130
1113	129	130
1114	127	129
1115	125	129
1116	121	130
1117	119	129
1118	117	130
1119	119	129
1120	120	130
1121	123	129
1122	126	129
1123	126	130
1124	126	129
1125	126	130
1126	123	130
1127	121	129
1128	120	130
1129	120	130
1130	122	129
1131	125	129
1132	126	129
1133	127	129
1134	126	129
1135	125	129
1136	126	129
1137	124	130
1138	122	129
1139	123	129
1140	124	129
1141	125	129
1142	128	129
1143	127	129
1144	126	129
1145	126	129
1146	126	129
1147	126	129
1148	126	129
1149	125	129
1150	126	130
1151	127	130
1152	127	129
1153	128	129
1154	128	130
1155	126	129
1156	128	130
1157	129	129
1158	128	129
1159	128	129
1160	126	130
1161	123	129
1162	123	130
1163	122	129
1164	123	130
1165	126	129
1166	128	130
1167	130	129
1168	132	129
1169	129	130
1170	127	129
1171	126	129
1172	125	129
1173	125	130
1174	126	129
1175	125	129
1176	126	129
1177	123	130
1178	119	129
1179	119	129
1180	123	129
1181	126	129
1182	133	129
1183	135	129
1184	134	129
1185	131	129
1186	127	129
1187	122	130
1188	121	130
1189	119	130
1190	121	129
1191	122	129
1192	121	129
1193	125	129
1194	128	129
1195	126	130
1196	130	130
1197	133	129
1198	134	129
1199	131	130
1200	128	129
1201	122	129
1202	122	130
1203	122	129
1204	125	129
1205	129	130
1206	133	129
1207	134	130
1208	136	129
1209	132	130
1210	129	130
1211	125	130
1212	119	130
1213	113	129
1214	115	129
1215	115	130
1216	115	130
1217	114	129
1218	114	130
1219	115	129
1220	117	129
1221	118	130
1222	120	129
1223	126	129
1224	127	129
1225	126	129
1226	123	130
1227	122	130
1228	127	129
1229	129	129
1230	132	130
1231	138	129
1232	138	129
1233	133	129
1234	128	129
1235	122	129
1236	121	130
1237	123	129
1238	123	129
1239	126	130
1240	127	130
1241	124	130
1242	123	130
1243	124	129
1244	125	129
1245	126	129
1246	126	129
1247	124	129
1248	126	130
1249	128	130
1250	129	129
1251	131	130
1252	130	130
1253	129	129
1254	130	129
1255	128	129
1256	126	130
1257	126	129
1258	123	129
1259	122	130
1260	123	129
1261	123	129
1262	123	129
1263	123	129
1264	121	130
1265	122	129
1266	124	129
1267	125	129
1268	125	130
1269	123	129
1270	120	129
1271	121	130
1272	121	129
1273	122	129
1274	124	129
1275	125	130
1276	123	129
1277	125	130
1278	124	129
1279	123	129
1280	124	129
1281	123	130
1282	123	129
1283	125	129
1284	125	129
1285	125	129
1286	125	129
1287	124	129
1288	121	129
1289	123	129
1290	123	129
1291	124	129
1292	128	129
1293	129	129
1294	129	129
1295	128	129
1296	123	129
1297	122	129
1298	122	129
1299	120	129
1300	121	129
1301	123	130
1302	123	129
1303	127	130
1304	129	129
1305	127	129
1306	127	129
1307	124	129
1308	122	130
1309	123	129
1310	125	130
1311	127	130
1312	131	129
1313	131	129
1314	130	129
1315	129	130
1316	124	130
1317	120	129
1318	121	129
1319	121	129
1320	123	129
1321	126	130
1322	127	129
1323	126	130
1324	127	129
1325	124	130
1326	122	129
1327	121	129
1328	120	129
1329	121	129
1330	124	129
1331	123	129
1332	124	129
1333	124	129
1334	122	130
1335	121	130
1336	122	130
1337	120	130
1338	121	129
1339	121	129
1340	121	130
1341	121	129
1342	122	130
1343	122	129
1344	124	129
1345	124	129
1346	124	129
1347	124	130
1348	123	130
1349	121	129
1350	123	129
1351	123	129
1352	123	130
1353	124	130
1354	123	129
1355	121	129
1356	123	129
1357	123	129
1358	123	130
1359	124	130
1360	125	129
1361	126	129
1362	128	130
1363	127	130
1364	127	129
1365	125	129
1366	123	129
1367	123	130
1368	125	129
1369	125	129
1370	127	129
1371	129	129
1372	128	129
1373	127	129
1374	127	129
1375	125	129
1376	124	129
1377	124	129
1378	125	130
1379	126	129
1380	129	130
1381	127	129
1382	128	130
1383	127	129
1384	125	130
1385	125	129
1386	126	129
1387	124	129
1388	126	129
1389	127	130
1390	128	129
1391	128	129
1392	129	129
1393	127	130
1394	127	129
1395	126	130
1396	125	129
1397	126	129
1398	127	130
1399	125	129
1400	127	129
1401	123	129
1402	122	129
1403	122	130
1404	123	130
1405	123	129
1406	129	129
1407	130	129
1408	130	129
1409	128	129
1410	124	129
1411	118	129
1412	118	129
1413	119	129
1414	123	130
1415	126	130
1416	128	130
1417	129	129
1418	130	129
1419	127	129
1420	131	130
1421	132	130
1422	130	129
1423	128	129
1424	126	129
1425	121	129
1426	121	130
1427	123	130
1428	126	129
1429	129	130
1430	133	130
1431	132	129
1432	133	130
1433	129	129
1434	125	129
1435	124	130
1436	123	130
1437	124	130
1438	133	130
1439	141	130
1440	148	129
1441	150	130
1442	125	129
1443	116	129
1444	118	130
1445	119	129
1446	125	129
1447	130	130
1448	132	130
1449	130	129
1450	128	130
1451	123	129
1452	122	129
1453	124	129
1454	126	129
1455	129	129
1456	134	130
1457	135	130
1458	141	129
1459	154	130
1460	163	129
1461	149	129
1462	133	129
1463	120	129
1464	120	129
1465	125	130
1466	127	129
1467	127	129
1468	124	129
1469	120	130
1470	120	130
1471	124	130
1472	125	129
1473	124	129
1474	119	129
1475	118	129
1476	120	130
1477	122	130
1478	123	129
1479	127	130
1480	122	129
1481	119	130
1482	125	130
1483	132	130
1484	134	130
1485	135	130
1486	133	129
1487	135	129
1488	139	129
1489	137	130
1490	136	130
1491	141	129
1492	142	129
1493	142	130
1494	139	130
1495	135	129
1496	131	130
1497	129	129
1498	127	129
1499	124	130
1500	123	129
1501	122	129
1502	122	129
1503	124	129
1504	122	130
1505	122	130
1506	122	130
1507	120	130
1508	122	129
1509	126	129
1510	125	130
1511	123	130
1512	123	129
1513	125	130
1514	127	129
1515	130	129
1516	128	130
1517	128	130
1518	126	130
1519	123	129
1520	122	130
1521	125	129
1522	125	130
1523	126	130
1524	124	129
1525	124	129
1526	127	129
1527	130	130
1528	128	130
1529	128	129
1530	123	129
1531	120	129
1532	122	129
1533	124	130
1534	123	129
1535	128	129
1536	127	130
1537	125	129
1538	126	130
1539	127	129
1540	127	129
1541	130	130
1542	127	129
1543	125	130
1544	123	129
1545	123	129
1546	122	129
1547	126	129
1548	125	129
1549	125	130
1550	124	129
1551	123	129
1552	123	130
1553	125	129
1554	125	129
1555	127	129
1556	128	129
1557	127	129
1558	126	129
1559	127	130
1560	124	130
1561	126	129
1562	128	130
1563	128	129
1564	126	129
1565	124	130
1566	119	129
1567	120	129
1568	122	129
1569	124	129
1570	128	129
1571	131	130
1572	128	129
1573	128	129
1574	125	130
1575	122	130
1576	122	130
1577	122	130
1578	121	129
1579	127	129
1580	129	129
1581	129	130
1582	129	129
1583	126	129
1584	123	130
1585	124	130
1586	123	129
1587	123	129
1588	125	129
1589	126	129
1590	127	129
1591	129	130
1592	126	130
1593	125	129
1594	124	129
1595	122	129
1596	123	129
1597	126	129
1598	125	129
1599	125	129
1600	126	129
1601	124	129
1602	121	129
1603	120	129
1604	118	129
1605	120	129
1606	123	129
1607	125	129
1608	127	129
1609	127	130
1610	123	129
1611	122	130
1612	116	129
1613	114	129
1614	118	130
1615	124	130
1616	127	129
1617	131	129
1618	129	130
1619	123	129
1620	119	129
1621	116	129
1622	114	129
1623	117	129
1624	121	130
1625	125	130
1626	130	130
1627	130	129
1628	128	130
1629	126	129
1630	120	129
1631	117	129
1632	119	130
1633	120	130
1634	124	129
1635	128	129
1636	130	129
1637	129	129
1638	128	130
1639	124	129
1640	121	129
1641	120	130
1642	120	129
1643	123	129
1644	128	129
1645	130	130
1646	132	129
1647	131	130
1648	126	129
1649	123	130
1650	122	129
1651	120	129
1652	123	129
1653	126	130
1654	129	129
1655	130	130
1656	130	129
1657	125	130
1658	124	130
1659	123	129
1660	123	130
1661	125	130
1662	127	130
1663	128	130
1664	131	130
1665	130	129
1666	129	130
1667	128	130
1668	126	130
1669	123	129
1670	123	130
1671	124	130
1672	125	130
1673	127	129
1674	129	130
1675	128	130
1676	130	129
1677	127	130
1678	127	129
1679	125	129
1680	122	130
1681	118	130
1682	121	129
1683	124	129
1684	130	129
1685	134	129
1686	134	130
1687	130	130
1688	125	130
1689	117	129
1690	116	129
1691	118	130
1692	123	129
1693	130	129
1694	133	130
1695	127	129
1696	125	130
1697	122	129
1698	123	129
1699	127	129
1700	132	130
1701	131	130
1702	132	129
1703	129	130
1704	124	129
1705	121	129
1706	122	129
1707	122	130
1708	128	130
1709	131	129
1710	133	129
1711	133	130
1712	131	130
1713	126	130
1714	127	129
1715	124	129
1716	125	129
1717	128	129
1718	131	129
1719	132	129
1720	133	130
1721	127	129
1722	122	129
1723	116	129
1724	112	130
1725	113	130
1726	119	129
1727	119	130
1728	117	130
1729	116	129
1730	115	129
1731	111	130
1732	117	129
1733	119	129
1734	123	129
1735	124	130
1736	125	129
1737	134	129
1738	143	129
1739	137	129
1740	135	130
1741	130	129
1742	126	129
1743	125	129
1744	125	130
1745	123	130
1746	125	129
1747	124	129
1748	124	129
1749	125	130
1750	125	129
1751	124	130
1752	126	130
1753	123	129
1754	124	129
1755	126	129
1756	127	129
1757	127	129
1758	131	130
1759	128	130
1760	128	130
1761	128	129
1762	126	129
1763	125	129
1764	126	129
1765	122	129
1766	124	130
1767	125	130
1768	126	129
1769	127	130
1770	128	129
1771	124	129
1772	124	129
1773	123	130
1774	123	130
1775	123	130
1776	124	129
1777	121	130
1778	123	130
1779	123	130
1780	125	129
1781	127	129
1782	127	130
1783	122	130
1784	123	129
1785	119	129
1786	118	130
1787	117	129
1788	116	129
1789	116	130
1790	123	129
1791	125	130
1792	130	130
1793	130	129
1794	127	129
1795	124	130
1796	127	130
1797	127	129
1798	129	129
1799	127	130
1800	123	129
1801	122	130
1802	126	130
1803	125	129
1804	127	130
1805	127	130
1806	125	129
1807	124	129
1808	124	129
1809	123	129
1810	126	129
1811	124	129
1812	123	129
1813	123	129
1814	123	129
1815	122	129
1816	127	130
1817	127	129
1818	126	130
1819	125	129
1820	123	130
1821	121	129
1822	125	129
1823	125	129
1824	125	129
1825	126	130
1826	126	130
1827	126	130
1828	129	129
1829	126	129
1830	126	130
1831	125	129
1832	123	129
1833	123	129
1834	125	130
1835	122	129
1836	123	129
1837	125	129
1838	125	129
1839	125	129
1840	125	129
1841	120	130
1842	121	129
1843	120	129
1844	120	129
1845	122	129
1846	124	129
1847	123	129
1848	126	129
1849	124	129
1850	121	130
1851	120	129
1852	119	129
1853	118	129
1854	121	129
1855	121	130
1856	122	129
1857	124	130
1858	125	130
1859	124	130
1860	125	129
1861	121	129
1862	121	130
1863	123	130
1864	124	129
1865	126	129
1866	130	130
1867	127	129
1868	127	130
1869	125	129
1870	124	129
1871	124	130
1872	126	129
1873	125	129
1874	128	129
1875	127	130
1876	126	130
1877	125	130
1878	123	129
1879	121	130
1880	125	129
1881	126	129
1882	126	130
1883	127	129
1884	127	129
1885	124	129
1886	126	129
1887	125	129
1888	126	130
1889	128	129
1890	129	130
1891	128	129
1892	129	129
1893	125	130
1894	123	129
1895	124	130
1896	125	129
1897	127	129
1898	131	129
1899	129	130
1900	129	129
1901	129	130
1902	126	130
1903	125	129
1904	126	130
1905	124	130
1906	127	129
1907	127	130
1908	128	129
1909	128	130
1910	127	129
1911	124	129
1912	125	130
1913	124	129
1914	121	130
1915	118	129
1916	118	129
1917	121	130
1918	130	130
1919	135	130
1920	135	129
1921	132	129
1922	125	129
1923	118	130
1924	119	129
1925	119	130
1926	123	129
1927	130	130
1928	133	129
1929	135	130
1930	134	130
1931	127	130
1932	123	129
1933	121	130
1934	119	129
1935	121	130
1936	126	130
1937	128	129
1938	133	130
1939	134	130
1940	133	129
1941	131	130
1942	128	129
1943	123	129
1944	124	129
1945	126	130
1946	128	129
1947	134	130
1948	141	129
1949	145	129
1950	147	130
1951	139	129
1952	126	129
1953	117	129
1954	113	129
1955	112	129
1956	117	130
1957	121	130
1958	125	129
1959	123	130
1960	127	130
1961	134	129
1962	141	129
1963	138	129
1964	135	129
1965	133	129
1966	131	129
1967	135	129
1968	144	129
1969	148	129
1970	146	129
1971	142	130
1972	133	129
1973	128	130
1974	127	130
1975	129	130
1976	135	129
1977	134	130
1978	129	129
1979	131	129
1980	127	129
1981	121	129
1982	119	130
1983	119	129
1984	119	129
1985	118	129
1986	123	129
1987	120	129
1988	124	129
1989	126	129
1990	122	129
1991	121	129
1992	121	129
1993	130	129
1994	133	129
1995	133	129
1996	131	129
1997	129	129
1998	130	129
1999	131	130
2000	135	129
2001	137	129
2002	140	130
2003	141	129
2004	141	129
2005	144	130
2006	145	129
2007	140	129
2008	132	130
2009	125	129
2010	118	130
2011	117	130
2012	119	130
2013	122	129
2014	127	130
2015	130	129
2016	126	129
2017	124	129
2018	122	129
2019	121	130
2020	124	130
2021	128	129
2022	130	130
2023	132	130
2024	128	129
2025	127	129
2026	127	129
2027	127	130
2028	127	129
2029	129	129
2030	125	129
2031	123	129
2032	123	130
2033	124	130
2034	124	130
2035	127	129
2036	126	130
2037	125	130
2038	122	129
2039	121	130
2040	122	130
2041	127	129
2042	127	130
2043	126	130
2044	125	130
2045	125	129
2046	127	129
2047	128	129
2048	126	129
2049	126	129
2050	125	129
2051	125	130
2052	125	129
2053	126	130
2054	125	130
2055	126	129
2056	126	129
2057	127	129
2058	128	129
2059	128	130
2060	124	130
2061	125	129
2062	125	130
2063	125	130
2064	127	130
2065	130	129
2066	128	129
2067	127	129
2068	125	130
2069	124	129
2070	123	129
2071	125	130
2072	124	129
2073	125	130
2074	123	130
2075	124	130
2076	124	129
2077	124	129
2078	125	129
2079	129	130
2080	127	129
2081	126	129
2082	124	130
2083	121	129
2084	121	130
2085	126	130
2086	126	130
2087	127	129
2088	126	130
2089	126	129
2090	125	129
2091	127	129
2092	125	129
2093	127	129
2094	127	130
2095	127	129
2096	127	129
2097	127	130
2098	124	130
2099	126	129
2100	126	129
2101	126	130
2102	126	129
2103	127	129
2104	125	130
2105	127	129
2106	126	130
2107	127	129
2108	127	129
2109	126	130
2110	123	129
2111	125	129
2112	122	129
2113	123	129
2114	123	129
2115	123	129
2116	122	129
2117	125	129
2118	124	129
2119	125	129
2120	124	129
2121	123	129
2122	121	129
2123	123	129
2124	121	129
2125	122	129
2126	122	129
2127	123	129
2128	123	129
2129	125	129
2130	121	130
2131	123	129
2132	123	129
2133	123	130
2134	123	129
2135	124	130
2136	122	129
2137	123	130
2138	121	129
2139	121	129
2140	121	129
2141	121	130
2142	121	130
2143	125	129
2144	124	129
2145	124	130
2146	124	129
2147	122	130
2148	119	130
2149	121	129
2150	120	130
2151	121	129
2152	123	130
2153	125	129
2154	125	129
2155	127	129
2156	124	129
2157	124	130
2158	123	129
2159	123	130
2160	123	129
2161	127	130
2162	126	129
2163	127	130
2164	128	129
2165	127	129
2166	125	129
2167	126	130
2168	123	130
2169	125	130
2170	127	129
2171	129	130
2172	131	129
2173	131	130
2174	128	129
2175	127	129
2176	124	129
2177	121	130
2178	121	129
2179	123	129
2180	123	130
2181	129	130
2182	130	129
2183	130	129
2184	128	129
2185	126	130
2186	122	129
2187	124	130
2188	124	130
2189	126	130
2190	129	129
2191	130	129
2192	130	130
2193	130	130
2194	121	129
2195	115	129
2196	116	129
2197	120	130
2198	129	129
2199	138	129
2200	138	130
2201	135	130
2202	127	129
2203	118	130
2204	113	130
2205	115	129
2206	119	130
2207	129	130
2208	137	130
2209	140	129
2210	138	129
2211	131	129
2212	121	129
2213	118	129
2214	116	129
2215	117	130
2216	121	130
2217	122	130
2218	124	129
2219	133	129
2220	138	130
2221	136	130
2222	128	130
2223	119	129
2224	117	130
2225	121	129
2226	124	130
2227	131	130
2228	137	130
2229	138	129
2230	135	129
2231	132	129
2232	124	130
2233	121	129
2234	123	130
2235	125	129
2236	128	129
2237	129	130
2238	122	129
2239	115	129
2240	111	130
2241	110	129
2242	114	130
2243	120	129
2244	119	130
2245	116	129
2246	117	129
2247	122	129
2248	125	130
2249	125	129
2250	126	129
2251	131	129
2252	133	129
2253	131	130
2254	133	129
2255	132	129
2256	128	129
2257	125	129
2258	123	129
2259	121	129
2260	123	129
2261	125	129
2262	127	129
2263	127	129
2264	126	130
2265	122	129
2266	122	129
2267	120	129
2268	122	130
2269	125	129
2270	128	130
2271	127	129
2272	125	129
2273	123	129
2274	124	130
2275	125	129
2276	127	129
2277	130	130
2278	132	129
2279	129	129
2280	127	129
2281	125	129
2282	123	129
2283	124	129
2284	127	129
2285	127	130
2286	127	129
2287	127	129
2288	125	129
2289	123	129
2290	122	129
2291	121	129
2292	124	129
2293	125	129
2294	127	129
2295	127	130
2296	126	129
2297	122	130
2298	122	130
2299	121	129
2300	120	129
2301	121	129
2302	124	129
2303	124	129
2304	126	129
2305	125	130
2306	124	130
2307	125	129
2308	125	129
2309	124	130
2310	124	130
2311	123	129
2312	124	130
2313	125	130
2314	123	130
2315	121	130
2316	122	129
2317	122	130
2318	124	130
2319	127	129
2320	127	129
2321	125	129
2322	125	129
2323	122	130
2324	121	129
2325	121	129
2326	121	129
2327	122	130
2328	125	130
2329	126	129
2330	129	129
2331	128	130
2332	126	129
2333	123	129
2334	123	129
2335	120	130
2336	122	130
2337	123	130
2338	125	130
2339	127	130
2340	128	130
2341	124	130
2342	124	129
2343	123	130
2344	122	129
2345	123	130
2346	124	129
2347	125	130
2348	128	129
2349	129	129
2350	128	129
2351	126	129
2352	123	129
2353	120	129
2354	122	129
2355	121	130
2356	122	130
2357	122	129
2358	122	130
2359	122	129
2360	125	129
2361	123	129
2362	121	129
2363	121	130
2364	120	129
2365	121	130
2366	125	130
2367	124	130
2368	124	129
2369	124	129
2370	122	130
2371	121	129
2372	122	130
2373	119	129
2374	120	129
2375	122	130
2376	123	129
2377	124	129
2378	126	129
2379	125	130
2380	126	129
2381	126	130
2382	125	130
2383	124	129
2384	124	130
2385	123	130
2386	127	130
2387	127	130
2388	126	130
2389	126	129
2390	126	130
2391	124	130
2392	126	130
2393	126	130
2394	126	129
2395	127	129
2396	128	129
2397	129	130
2398	131	130
2399	129	129
2400	127	129
2401	125	129
2402	123	130
2403	121	129
2404	123	130
2405	124	129
2406	126	129
2407	130	129
2408	130	130
2409	129	130
2410	129	129
2411	125	129
2412	124	130
2413	125	129
2414	125	129
2415	127	129
2416	128	129
2417	129	129
2418	130	130
2419	130	129
2420	127	129
2421	124	129
2422	123	129
2423	121	129
2424	122	129
2425	120	129
2426	118	129
2427	124	129
2428	131	130
2429	135	130
2430	134	129
2431	127	129
2432	122	129
2433	121	130
2434	121	130
2435	124	129
2436	129	129
2437	132	130
2438	132	129
2439	132	129
2440	128	129
2441	124	129
2442	121	129
2443	118	129
2444	118	129
2445	122	129
2446	124	129
2447	127	129
2448	133	130
2449	136	129
2450	136	130
2451	132	130
2452	123	130
2453	118	130
2454	119	130
2455	122	130
2456	128	130
2457	135	129
2458	136	129
2459	135	130
2460	130	129
2461	125	129
2462	121	129
2463	122	129
2464	124	129
2465	130	129
2466	139	130
2467	148	130
2468	152	130
2469	129	129
2470	118	130
2471	117	130
2472	119	130
2473	123	130
2474	127	129
2475	131	130
2476	129	130
2477	127	130
2478	123	130
2479	120	129
2480	121	129
2481	126	130
2482	131	130
2483	137	130
2484	139	130
2485	137	130
2486	133	130
2487	130	129
2488	130	129
2489	142	130
2490	154	129
2491	153	129
2492	147	129
2493	139	130
2494	130	129
2495	127	130
2496	129	130
2497	131	130
2498	129	129
2499	127	130
2500	126	129
2501	126	129
2502	123	129
2503	119	129
2504	119	129
2505	120	130
2506	122	130
2507	123	130
2508	120	129
2509	121	129
2510	126	130
2511	127	130
2512	125	130
2513	131	129
2514	130	130
2515	128	130
2516	129	129
2517	132	129
2518	137	130
2519	142	130
2520	141	129
2521	144	130
2522	147	129
2523	146	130
2524	139	129
2525	129	129
2526	120	129
2527	118	130
2528	119	129
2529	123	129
2530	130	130
2531	136	129
2532	137	129
2533	135	130
2534	127	129
2535	121	130
2536	119	129
2537	119	129
2538	121	129
2539	125	129
2540	125	129
2541	126	129
2542	127	130
2543	128	130
2544	128	130
2545	128	130
2546	123	130
2547	123	130
2548	125	129
2549	125	130
2550	125	130
2551	126	129
2552	126	129
2553	126	130
2554	124	129
2555	120	129
2556	121	130
2557	123	129
2558	125	129
2559	132	130
2560	133	129
2561	128	130
2562	126	129
2563	124	129
2564	119	129
2565	121	130
2566	123	129
2567	126	130
2568	128	129
2569	130	129
2570	129	129
2571	126	130
2572	124	129
2573	123	129
2574	126	129
2575	127	130
2576	126	129
2577	128	129
2578	127	129
2579	125	129
2580	127	130
2581	128	129
2582	127	129
2583	128	129
2584	126	130
2585	123	129
2586	123	130
2587	123	129
2588	123	129
2589	125	130
2590	127	130
2591	129	130
2592	128	130
2593	125	130
2594	122	130
2595	121	129
2596	120	130
2597	122	130
2598	126	129
2599	127	129
2600	128	130
2601	128	130
2602	125	129
2603	123	129
2604	123	129
2605	122	129
2606	123	129
2607	125	130
2608	127	129
2609	128	129
2610	129	130
2611	127	129
2612	128	129
2613	128	130
2614	126	130
2615	125	130
2616	124	129
2617	122	129
2618	123	130
2619	125	129
2620	126	129
2621	127	129
2622	128	129
2623	126	129
2624	127	129
2625	125	129
2626	124	129
2627	124	129
2628	125	130
2629	125	130
2630	128	129
2631	127	129
2632	126	129
2633	125	129
2634	124	130
2635	122	129
2636	124	130
2637	123	129
2638	124	130
2639	124	129
2640	123	130
2641	123	129
2642	125	130
2643	124	130
2644	124	130
2645	124	130
2646	123	129
2647	123	129
2648	124	130
2649	122	130
2650	122	129
2651	123	130
2652	122	129
2653	122	130
2654	123	130
2655	121	130
2656	121	130
2657	122	129
2658	123	130
2659	124	130
2660	124	129
2661	122	130
2662	122	130
2663	121	130
2664	121	130
2665	121	130
2666	121	129
2667	120	129
2668	122	129
2669	123	129
2670	124	130
2671	125	130
2672	125	129
2673	124	129
2674	124	130
2675	124	129
2676	124	130
2677	125	130
2678	125	130
2679	125	129
2680	126	130
2681	124	130
2682	123	130
2683	123	129
2684	123	129
2685	125	129
2686	128	130
2687	127	129
2688	127	129
2689	128	130
2690	127	129
2691	126	129
2692	127	130
2693	125	129
2694	126	129
2695	127	130
2696	127	129
2697	128	130
2698	127	130
2699	124	129
2700	124	130
2701	125	129
2702	125	129
2703	127	129
2704	129	129
2705	128	130
2706	129	129
2707	129	130
2708	127	129
2709	125	130
2710	123	129
2711	123	129
2712	124	129
2713	126	129
2714	127	129
2715	129	129
2716	129	130
2717	128	129
2718	126	129
2719	123	130
2720	122	130
2721	125	129
2722	128	129
2723	130	130
2724	132	130
2725	131	129
2726	127	129
2727	124	129
2728	121	129
2729	119	130
2730	114	129
2731	115	130
2732	121	129
2733	133	130
2734	141	129
2735	143	129
2736	137	130
2737	128	129
2738	118	129
2739	114	129
2740	113	129
2741	116	130
2742	123	130
2743	131	130
2744	137	129
2745	140	130
2746	131	130
2747	123	129
2748	121	130
2749	122	130
2750	128	129
2751	137	130
2752	141	130
2753	134	129
2754	122	129
2755	113	130
2756	111	130
2757	112	130
2758	113	129
2759	114	130
2760	113	130
2761	112	129
2762	115	129
2763	117	130
2764	118	129
2765	121	130
2766	123	130
2767	122	130
2768	125	130
2769	130	129
2770	133	129
2771	139	129
2772	144	130
2773	142	130
2774	137	129
2775	129	130
2776	123	129
2777	121	129
2778	122	130
2779	123	129
2780	123	129
2781	125	130
2782	124	130
2783	125	130
2784	125	130
2785	124	130
2786	125	130
2787	125	129
2788	125	130
2789	128	130
2790	128	129
2791	129	129
2792	131	130
2793	129	130
2794	126	129
2795	127	129
2796	125	129
2797	125	129
2798	125	130
2799	125	130
2800	126	129
2801	127	129
2802	126	129
2803	125	129
2804	125	130
2805	124	129
2806	125	130
2807	124	129
2808	122	130
2809	122	130
2810	123	129
2811	122	129
2812	123	130
2813	124	129
2814	123	129
2815	123	129
2816	124	130
2817	123	130
2818	121	130
2819	120	129
2820	119	129
2821	122	129
2822	124	130
2823	124	130
2824	125	129
2825	126	129
2826	126	129
2827	127	129
2828	126	129
2829	125	130
2830	126	130
2831	126	129
2832	126	129
2833	127	129
2834	126	129
2835	124	129
2836	123	129
2837	122	130
2838	122	130
2839	122	129
2840	124	129
2841	124	129
2842	126	130
2843	127	129
2844	127	129
2845	125	129
2846	123	129
2847	122	129
2848	123	129
2849	124	129
2850	125	130
2851	127	130
2852	127	129
2853	125	129
2854	125	129
2855	124	130
2856	123	129
2857	124	129
2858	125	130
2859	127	129
2860	129	129
2861	128	129
2862	127	129
2863	125	129
2864	123	129
2865	121	129
2866	122	130
2867	121	130
2868	123	129
2869	124	129
2870	125	129
2871	124	129
2872	124	130
2873	122	129
2874	121	129
2875	121	130
2876	122	130
2877	123	129
2878	123	130
2879	123	129
2880	123	130
2881	122	129
2882	121	130
2883	120	130
2884	120	129
2885	120	129
2886	122	129
2887	124	130
2888	125	130
2889	124	130
2890	123	130
2891	120	130
2892	120	130
2893	120	129
2894	121	130
2895	123	130
2896	126	130
2897	128	130
2898	129	129
2899	128	130
2900	126	130
2901	125	130
2902	123	129
2903	124	130
2904	126	130
2905	127	130
2906	127	129
2907	128	129
2908	127	129
2909	125	130
2910	125	129
2911	124	129
2912	125	130
2913	126	130
2914	126	129
2915	126	130
2916	125	130
2917	123	130
2918	124	129
2919	125	129
2920	125	130
2921	127	129
2922	129	129
2923	129	130
2924	130	129
2925	130	129
2926	128	130
2927	127	129
2928	126	129
2929	124	130
2930	125	129
2931	126	129
2932	127	130
2933	128	129
2934	129	130
2935	128	129
2936	128	130
2937	126	129
2938	124	130
2939	123	130
2940	124	130
2941	125	129
2942	128	130
2943	129	129
2944	128	129
2945	125	130
2946	123	130
2947	121	130
2948	121	129
2949	121	130
2950	123	130
2951	126	130
2952	128	130
2953	129	129
2954	128	129
2955	126	129
2956	125	129
2957	126	129
2958	125	129
2959	123	129
2960	123	129
2961	125	129
2962	129	129
2963	133	129
2964	133	129
2965	131	129
2966	127	129
2967	124	129
2968	122	129
2969	123	129
2970	124	129
2971	127	129
2972	131	129
2973	133	130
2974	133	129
2975	131	129
2976	125	129
2977	122	129
2978	120	130
2979	120	129
2980	121	129
2981	124	129
2982	128	130
2983	136	130
2984	143	130
2985	147	130
2986	146	130
2987	138	130
2988	125	129
2989	116	129
2990	112	130
2991	113	129
2992	117	130
2993	122	130
2994	126	130
2995	129	130
2996	130	130
2997	129	130
2998	127	130
2999	126	130
3000	126	129
3001	132	129
3002	140	129
3003	155	130
3004	168	130
3005	158	130
3006	135	130
3007	121	130
3008	116	130
3009	121	130
3010	129	129
3011	129	130
3012	128	130
3013	123	130
3014	119	130
3015	123	130
3016	126	129
3017	122	130
3018	117	130
3019	120	130
3020	121	130
3021	128	129
3022	130	129
3023	123	129
3024	120	130
3025	124	129
3026	126	129
3027	128	130
3028	128	129
3029	129	129
3030	134	129
3031	139	130
3032	138	130
3033	138	129
3034	139	129
3035	139	130
3036	137	129
3037	137	129
3038	137	129
3039	138	130
3040	135	130
3041	127	130
3042	121	129
3043	119	130
3044	119	130
3045	122	130
3046	124	129
3047	124	130
3048	125	129
3049	124	129
3050	124	130
3051	127	129
3052	129	129
3053	127	129
3054	124	130
3055	123	129
3056	123	130
3057	124	129
3058	125	129
3059	125	129
3060	127	129
3061	127	129
3062	128	129
3063	127	129
3064	125	129
3065	121	129
3066	121	129
3067	120	129
3068	121	130
3069	125	130
3070	126	130
3071	126	130
3072	125	130
3073	127	129
3074	128	129
3075	125	130
3076	124	129
3077	123	129
3078	125	129
3079	124	130
3080	123	129
3081	125	129
3082	126	129
3083	127	129
3084	128	129
3085	127	129
3086	128	129
3087	131	129
3088	128	129
3089	125	130
3090	123	129
3091	120	129
3092	121	129
3093	124	130
3094	127	130
3095	129	129
3096	130	130
3097	127	129
3098	126	129
3099	124	129
3100	124	129
3101	125	129
3102	125	129
3103	123	129
3104	125	129
3105	125	129
3106	125	129
3107	125	130
3108	124	129
3109	120	129
3110	121	130
3111	122	130
3112	125	129
3113	127	130
3114	128	130
3115	127	129
3116	128	129
3117	126	130
3118	125	130
3119	125	130
3120	125	129
3121	125	129
3122	126	129
3123	126	129
3124	125	130
3125	126	129
3126	126	130
3127	125	130
3128	125	129
3129	124	129
3130	124	130
3131	125	130
3132	126	129
3133	127	130
3134	127	130
3135	127	129
3136	127	130
3137	127	130
3138	124	129
3139	123	130
3140	121	129
3141	120	129
3142	122	129
3143	124	130
3144	125	129
3145	126	129
3146	126	129
3147	125	130
3148	123	129
3149	121	129
3150	120	130
3151	121	129
3152	121	129
3153	123	130
3154	124	130
3155	125	129
3156	124	130
3157	123	130
3158	122	130
3159	121	129
3160	121	130
3161	122	129
3162	123	129
3163	124	130
3164	125	130
3165	124	130
3166	123	130
3167	122	129
3168	120	129
3169	120	130
3170	121	129
3171	122	129
3172	123	130
3173	124	129
3174	124	129
3175	125	130
3176	124	129
3177	123	130
3178	122	130
3179	122	130
3180	122	130
3181	125	129
3182	127	129
3183	127	130
3184	127	129
3185	126	129
3186	123	129
3187	123	129
3188	123	130
3189	124	129
3190	125	130
3191	127	130
3192	128	129
3193	129	130
3194	127	130
3195	126	129
3196	125	130
3197	125	130
3198	125	130
3199	126	130
3200	125	129
3201	125	129
3202	125	129
3203	126	130
3204	125	130
3205	125	129
3206	124	129
3207	126	129
3208	127	129
3209	129	129
3210	129	130
3211	129	130
3212	126	129
3213	127	130
3214	126	130
3215	125	129
3216	125	130
3217	126	130
3218	126	129
3219	129	129
3220	131	130
3221	131	129
3222	129	129
3223	127	130
3224	123	129
3225	119	129
3226	117	129
3227	119	129
3228	123	130
3229	125	130
3230	129	130
3231	135	129
3232	135	129
3233	130	130
3234	126	129
3235	122	129
3236	120	129
3237	121	129
3238	124	129
3239	126	130
3240	130	129
3241	132	129
3242	131	129
3243	128	130
3244	125	129
3245	123	129
3246	123	130
3247	124	130
3248	127	129
3249	128	129
3250	125	129
3251	123	130
3252	114	129
3253	118	130
3254	127	129
3255	137	129
3256	143	129
3257	142	129
3258	136	129
3259	128	129
3260	122	129
3261	121	130
3262	125	130
3263	129	130
3264	131	129
3265	126	130
3266	121	130
3267	116	129
3268	115	130
3269	116	130
3270	115	129
3271	112	129
3272	113	129
3273	114	130
3274	114	129
3275	117	129
3276	121	129
3277	121	129
3278	121	130
3279	124	129
3280	126	130
3281	130	130
3282	132	130
3283	137	129
3284	144	129
3285	146	129
3286	137	130
3287	128	129
3288	121	130
3289	117	129
3290	119	129
3291	122	129
3292	126	129
3293	130	129
3294	130	129
3295	128	129
3296	127	130
3297	125	129
3298	124	129
3299	125	130
3300	125	129
3301	125	130
3302	128	130
3303	127	129
3304	128	130
3305	128	130
3306	128	129
3307	127	129
3308	126	129
3309	124	129
3310	122	129
3311	122	129
3312	123	130
3313	125	130
3314	128	129
3315	128	130
3316	125	130
3317	123	130
3318	122	130
3319	122	130
3320	121	130
3321	120	129
3322	119	130
3323	120	130
3324	122	130
3325	124	130
3326	126	130
3327	125	130
3328	124	129
3329	122	130
3330	122	130
3331	123	130
3332	126	129
3333	128	130
3334	129	130
3335	127	130
3336	123	130
3337	121	130
3338	120	130
3339	119	129
3340	123	130
3341	127	130
3342	130	129
3343	130	130
3344	128	130
3345	124	129
3346	121	129
3347	121	129
3348	121	129
3349	124	129
3350	128	130
3351	128	130
3352	128	129
3353	127	130
3354	125	129
3355	124	130
3356	123	129
3357	124	130
3358	125	130
3359	125	129
3360	125	130
3361	127	130
3362	127	129
3363	126	129
3364	125	130
3365	125	129
3366	124	129
3367	126	130
3368	126	129
3369	125	130
3370	125	130
3371	125	129
3372	124	129
3373	126	129
3374	125	129
3375	124	129
3376	123	129
3377	123	129
3378	123	129
3379	125	130
3380	123	129
3381	123	129
3382	124	129
3383	124	129
3384	123	129
3385	123	129
3386	122	129
3387	121	129
3388	121	130
3389	122	129
3390	121	129
3391	122	129
3392	121	129
3393	122	129
3394	122	129
3395	122	129
3396	122	129
3397	122	129
3398	120	129
3399	120	129
3400	120	129
3401	121	129
3402	120	129
3403	121	129
3404	122	130
3405	125	129
3406	126	129
3407	126	129
3408	125	129
3409	124	129
3410	123	129
3411	123	129
3412	123	129
3413	123	130
3414	125	130
3415	125	130
3416	125	129
3417	125	129
3418	125	130
3419	125	129
3420	126	129
3421	127	129
3422	128	129
3423	129	130
3424	128	129
3425	126	129
3426	125	130
3427	124	130
3428	125	130
3429	127	129
3430	128	129
3431	129	129
3432	129	129
3433	129	129
3434	128	130
3435	128	130
3436	127	129
3437	127	130
3438	128	130
3439	128	129
3440	126	129
3441	125	130
3442	123	129
3443	123	130
3444	124	129
3445	125	130
3446	126	129
3447	127	130
3448	127	129
3449	127	129
3450	127	130
3451	125	130
3452	122	130
3453	121	130
3454	123	130
3455	126	129
3456	129	130
3457	131	129
3458	132	130
3459	131	130
3460	127	129
3461	121	129
3462	120	129
3463	119	129
3464	122	129
3465	127	129
3466	132	130
3467	135	130
3468	135	130
3469	129	129
3470	123	130
3471	117	129
3472	112	130
3473	113	130
3474	122	129
3475	132	130
3476	143	129
3477	146	129
3478	139	129
3479	127	129
3480	117	130
3481	111	129
3482	112	129
3483	117	129
3484	126	130
3485	136	130
3486	143	129
3487	142	129
3488	135	129
3489	125	130
3490	118	130
3491	116	129
3492	119	129
3493	127	130
3494	141	130
3495	153	129
3496	157	129
3497	148	130
3498	131	130
3499	117	129
3500	111	129
3501	109	130
3502	113	129
3503	121	129
3504	129	130
3505	132	129
3506	130	130
3507	125	130
3508	124	130
3509	125	130
3510	129	129
3511	136	130
3512	141	129
3513	142	129
3514	145	130
3515	153	129
3516	155	129
3517	145	129
3518	136	129
3519	125	130
3520	120	129
3521	121	130
3522	126	130
3523	128	129
3524	129	129
3525	127	129
3526	122	129
3527	122	129
3528	121	129
3529	125	129
3530	121	129
3531	120	129
3532	121	129
3533	122	129
3534	127	129
3535	128	129
3536	125	129
3537	120	130
3538	123	129
3539	128	129
3540	129	130
3541	131	129
3542	131	129
3543	133	129
3544	139	130
3545	141	130
3546	141	129
3547	140	129
3548	137	129
3549	135	130
3550	133	129
3551	133	130
3552	133	129
3553	135	130
3554	136	130
3555	135	129
3556	130	130
3557	123	129
3558	119	129
3559	119	129
3560	119	130
3561	119	130
3562	122	130
3563	124	129
3564	123	129
3565	123	129
3566	121	129
3567	120	129
3568	123	130
3569	127	129
3570	130	129
3571	131	130
3572	127	130
3573	127	129
3574	127	130
3575	125	129
3576	124	130
3577	127	129
3578	126	130
3579	129	129
3580	127	130
3581	125	130
3582	123	129
3583	123	129
3584	125	129
3585	126	129
3586	127	129
3587	126	129
3588	126	129
3589	125	129
3590	123	129
3591	123	130
3592	125	129
3593	128	130
3594	129	129
3595	129	129
3596	125	129
3597	123	130
3598	123	129
3599	123	129
3600	124	129
3601	125	129
3602	124	129
3603	124	129
3604	125	129
3605	124	130
3606	126	129
3607	128	129
3608	129	130
3609	129	129
3610	128	129
3611	126	130
3612	127	129
3613	126	129
3614	124	129
3615	123	129
3616	122	129
3617	121	129
3618	123	129
3619	126	129
3620	127	129
3621	125	129
3622	121	129
3623	120	130
3624	122	129
3625	125	129
3626	129	129
3627	131	130
3628	130	129
3629	127	130
3630	126	129
3631	124	129
3632	123	129
3633	123	130
3634	123	129
3635	124	129
3636	127	130
3637	127	129
3638	128	129
3639	128	129
3640	127	129
3641	125	129
3642	125	130
3643	123	130
3644	123	130
3645	125	129
3646	126	129
3647	128	130
3648	129	130
3649	126	130
3650	124	130
3651	123	129
3652	123	130
3653	124	129
3654	126	129
3655	127	129
3656	128	129
3657	127	129
3658	125	129
3659	122	129
3660	120	129
3661	119	129
3662	121	129
3663	124	129
3664	125	129
3665	126	129
3666	125	129
3667	123	129
3668	122	130
3669	121	129
3670	119	129
3671	119	129
3672	120	129
3673	119	129
3674	120	129
3675	123	130
3676	127	129
3677	129	130
3678	129	129
3679	126	129
3680	123	129
3681	118	129
3682	116	129
3683	117	129
3684	120	129
3685	123	129
3686	127	129
3687	128	130
3688	126	129
3689	123	129
3690	120	130
3691	119	129
3692	119	130
3693	122	129
3694	125	129
3695	129	129
3696	130	129
3697	129	129
3698	127	129
3699	123	129
3700	121	129
3701	122	130
3702	123	130
3703	125	130
3704	127	129
3705	127	129
3706	127	130
3707	126	129
3708	124	129
3709	124	130
3710	124	130
3711	125	129
3712	126	129
3713	127	130
3714	127	130
3715	127	129
3716	126	129
3717	125	129
3718	125	129
3719	125	130
3720	123	130
3721	124	129
3722	125	129
3723	127	129
3724	128	130
3725	130	130
3726	130	130
3727	130	130
3728	128	130
3729	126	129
3730	124	130
3731	123	129
3732	122	129
3733	125	130
3734	127	129
3735	128	129
3736	130	129
3737	129	130
3738	127	129
3739	126	129
3740	124	129
3741	122	129
3742	121	130
3743	123	130
3744	124	130
3745	130	129
3746	133	130
3747	133	130
3748	129	130
3749	122	130
3750	117	130
3751	117	130
3752	120	130
3753	125	129
3754	132	130
3755	137	129
3756	137	130
3757	134	130
3758	127	130
3759	121	130
3760	119	129
3761	118	130
3762	118	130
3763	119	130
3764	124	129
3765	132	130
3766	135	130
3767	133	129
3768	130	130
3769	123	130
3770	120	130
3771	122	130
3772	126	130
3773	130	130
3774	134	130
3775	137	130
3776	136	129
3777	135	129
3778	132	129
3779	124	129
3780	119	129
3781	116	129
3782	115	130
3783	115	129
3784	114	129
3785	113	129
3786	112	129
3787	114	130
3788	115	129
3789	113	129
3790	115	130
3791	119	130
3792	123	129
3793	122	129
3794	122	130
3795	129	129
3796	135	129
3797	135	130
3798	138	129
3799	143	129
3800	140	129
3801	130	129
3802	121	129
3803	117	129
3804	119	130
3805	122	129
3806	127	130
3807	130	129
3808	131	130
3809	127	129
3810	125	129
3811	122	130
3812	122	129
3813	125	129
3814	127	129
3815	128	129
3816	130	130
3817	130	129
3818	129	129
3819	128	129
3820	128	129
3821	128	130
3822	127	130
3823	125	129
3824	123	129
3825	122	130
3826	122	130
3827	122	129
3828	125	129
3829	125	130
3830	125	129
3831	125	129
3832	124	130
3833	123	130
3834	124	129
3835	122	129
3836	122	130
3837	122	129
3838	122	129
3839	123	129
3840	124	130
3841	121	129
3842	122	129
3843	123	130
3844	122	129
3845	120	129
3846	122	129
3847	124	129
3848	128	129
3849	129	129
3850	127	129
3851	127	129
3852	125	129
3853	122	129
3854	123	130
3855	125	129
3856	126	129
3857	125	129
3858	125	129
3859	124	129
3860	125	130
3861	124	129
3862	123	129
3863	123	129
3864	123	129
3865	123	130
3866	125	129
3867	125	130
3868	125	129
3869	126	130
3870	125	130
3871	123	129
3872	124	130
3873	124	129
3874	125	130
3875	126	129
3876	128	130
3877	128	129
3878	128	130
3879	126	130
3880	124	130
3881	124	130
3882	124	130
3883	124	129
3884	126	130
3885	125	130
3886	125	130
3887	126	129
3888	125	130
3889	124	130
3890	123	129
3891	123	130
3892	122	130
3893	123	129
3894	123	130
3895	123	129
3896	123	129
3897	123	130
3898	122	129
3899	122	130
3900	121	130
3901	121	130
3902	120	130
3903	120	130
3904	121	129
3905	123	130
3906	123	129
3907	123	129
3908	123	129
3909	122	130
3910	122	129
3911	123	129
3912	122	130
3913	121	129
3914	122	129
3915	122	129
3916	123	130
3917	124	130
3918	123	130
3919	124	129
3920	123	129
3921	122	129
3922	123	129
3923	125	130
3924	125	129
3925	128	129
3926	129	129
3927	127	129
3928	125	129
3929	123	129
3930	121	129
3931	122	130
3932	124	129
3933	126	130
3934	128	129
3935	129	129
3936	127	130
3937	127	129
3938	125	129
3939	125	129
3940	125	129
3941	125	129
3942	126	129
3943	127	129
3944	128	129
3945	128	129
3946	129	129
3947	130	129
3948	128	129
3949	128	129
3950	126	129
3951	125	129
3952	126	130
3953	127	130
3954	127	129
3955	127	130
3956	127	129
3957	126	129
3958	125	129
3959	124	129
3960	122	130
3961	120	129
3962	120	129
3963	123	129
3964	130	129
3965	134	129
3966	135	129
3967	128	129
3968	118	129
3969	115	129
3970	118	129
3971	123	130
3972	130	130
3973	135	129
3974	131	130
3975	125	130
3976	121	130
3977	120	130
3978	121	130
3979	125	129
3980	128	129
3981	130	129
3982	131	129
3983	129	130
3984	129	129
3985	128	130
3986	126	130
3987	125	129
3988	125	130
3989	124	130
3990	125	130
3991	126	129
3992	128	129
3993	129	130
3994	129	130
3995	128	130
3996	128	130
3997	126	129
3998	123	129
3999	121	129
4000	121	129
4001	122	130
4002	130	130
4003	135	129
4004	138	130
4005	138	129
4006	137	129
4007	136	130
4008	139	130
4009	139	129
4010	136	130
4011	129	129
4012	122	129
4013	118	129
4014	119	130
4015	121	129
4016	125	129
4017	131	129
4018	133	130
4019	131	130
4020	128	129
4021	123	129
4022	121	130
4023	123	130
4024	128	129
4025	136	129
4026	147	130
4027	156	129
4028	162	129
4029	156	129
4030	142	129
4031	130	130
4032	123	130
4033	121	130
4034	127	130
4035	131	129
4036	129	130
4037	125	129
4038	126	130
4039	121	130
4040	121	130
4041	119	129
4042	120	130
4043	125	130
4044	125	130
4045	123	129
4046	119	129
4047	120	129
4048	125	130
4049	125	130
4050	124	130
4051	126	129
4052	126	130
4053	125	129
4054	127	129
4055	132	129
4056	134	130
4057	133	129
4058	132	129
4059	132	129
4060	134	130
4061	140	129
4062	143	129
4063	143	130
4064	141	129
4065	136	129
4066	130	129
4067	127	129
4068	125	129
4069	126	130
4070	130	130
4071	134	129
4072	133	130
4073	129	129
4074	123	130
4075	118	130
4076	116	129
4077	117	130
4078	118	130
4079	122	129
4080	123	130
4081	122	129
4082	126	130
4083	130	129
4084	131	129
4085	131	129
4086	125	130
4087	123	129
4088	125	129
4089	128	130
4090	129	129
4091	127	129
4092	124	129
4093	124	130
4094	124	129
4095	125	129
