
TIME STEP:
125 = 0.2ms

VOLTAGE STEP:
CH1:  32 = 0.15V
CH2:  32 = 5V
GND	58	128
N	CH1	CH2

0	63	129
1	63	130
2	63	130
3	66	130
4	67	129
5	87	130
6	73	130
7	68	130
8	66	130
9	64	130
10	64	130
11	63	130
12	63	129
13	63	130
14	63	129
15	63	130
16	62	130
17	66	129
18	95	130
19	75	130
20	72	130
21	73	130
22	73	130
23	72	130
24	71	130
25	70	129
26	69	130
27	69	130
28	69	130
29	70	130
30	69	130
31	68	129
32	68	129
33	68	130
34	66	130
35	67	130
36	67	130
37	66	130
38	66	130
39	66	130
40	66	129
41	65	130
42	66	129
43	67	130
44	67	130
45	67	130
46	70	130
47	73	130
48	74	130
49	76	130
50	76	130
51	75	130
52	73	130
53	69	130
54	68	130
55	65	130
56	65	130
57	64	130
58	64	129
59	62	129
60	64	129
61	64	129
62	63	130
63	63	130
64	63	130
65	63	130
66	62	130
67	63	130
68	62	129
69	63	130
70	63	130
71	63	130
72	63	129
73	66	130
74	67	129
75	70	130
76	71	129
77	71	130
78	69	130
79	68	130
80	67	130
81	68	130
82	66	130
83	66	130
84	69	130
85	87	130
86	72	130
87	67	130
88	67	129
89	69	129
90	77	130
91	83	130
92	71	129
93	64	130
94	64	129
95	63	130
96	64	130
97	63	130
98	65	130
99	63	130
100	64	130
101	65	130
102	66	130
103	69	130
104	73	130
105	73	130
106	75	129
107	79	130
108	73	130
109	66	130
110	65	130
111	63	130
112	64	129
113	63	130
114	62	129
115	63	129
116	64	129
117	68	130
118	65	129
119	63	129
120	63	130
121	62	130
122	62	130
123	62	129
124	63	130
125	62	129
126	66	130
127	65	130
128	64	130
129	63	130
130	62	130
131	63	130
132	63	129
133	63	130
134	64	130
135	68	130
136	67	130
137	64	130
138	65	130
139	65	130
140	69	130
141	84	130
142	69	130
143	67	130
144	66	130
145	67	130
146	66	130
147	65	130
148	65	130
149	63	130
150	65	130
151	66	130
152	68	129
153	73	130
154	76	130
155	80	130
156	89	130
157	72	130
158	67	130
159	65	130
160	64	130
161	64	130
162	65	130
163	67	130
164	69	129
165	65	130
166	64	130
167	63	130
168	63	130
169	63	130
170	62	130
171	64	130
172	69	130
173	66	130
174	65	130
175	64	129
176	65	130
177	64	130
178	64	130
179	66	129
180	77	130
181	68	130
182	67	130
183	67	129
184	66	130
185	66	130
186	69	130
187	71	130
188	74	130
189	76	130
190	74	130
191	70	130
192	67	130
193	65	130
194	63	130
195	62	130
196	62	129
197	62	130
198	63	129
199	62	129
200	63	130
201	62	130
202	62	130
203	61	130
204	62	130
205	61	129
206	61	130
207	62	130
208	63	130
209	62	130
210	61	130
211	61	130
212	61	129
213	61	130
214	62	130
215	62	130
216	62	130
217	61	130
218	62	130
219	61	130
220	61	130
221	61	130
222	62	130
223	61	130
224	62	130
225	61	130
226	62	130
227	61	130
228	61	130
229	61	130
230	62	130
231	62	130
232	63	129
233	62	130
234	62	130
235	61	130
236	62	130
237	61	130
238	62	130
239	61	130
240	62	130
241	62	130
242	62	130
243	62	130
244	63	130
245	90	129
246	64	130
247	64	130
248	64	130
249	63	129
250	64	130
251	66	130
252	79	129
253	76	130
254	79	130
255	86	130
256	90	130
257	89	129
258	84	130
259	78	130
260	72	130
261	69	130
262	67	129
263	66	130
264	66	130
265	65	129
266	64	130
267	63	130
268	63	130
269	63	130
270	62	130
271	62	130
272	62	130
273	63	130
274	63	130
275	62	130
276	62	130
277	61	130
278	61	130
279	62	130
280	63	129
281	63	129
282	64	129
283	67	130
284	83	130
285	83	130
286	83	130
287	81	130
288	77	130
289	73	130
290	71	130
291	69	130
292	66	130
293	65	130
294	64	129
295	64	130
296	64	130
297	64	130
298	63	130
299	63	130
300	63	130
301	62	129
302	62	130
303	61	130
304	62	130
305	63	130
306	63	129
307	63	130
308	63	130
309	62	130
310	64	130
311	69	130
312	79	129
313	80	129
314	79	129
315	77	130
316	74	130
317	72	130
318	69	130
319	68	129
320	67	130
321	66	129
322	66	129
323	66	130
324	64	130
325	63	130
326	64	130
327	63	130
328	64	129
329	64	130
330	63	130
331	64	129
332	63	129
333	64	130
334	65	130
335	64	130
336	66	130
337	70	130
338	73	130
339	73	130
340	73	130
341	72	130
342	71	130
343	71	130
344	69	130
345	69	129
346	67	130
347	67	130
348	67	130
349	65	130
350	64	129
351	65	130
352	64	130
353	64	130
354	65	130
355	65	130
356	64	130
357	64	130
358	64	130
359	64	130
360	65	130
361	65	130
362	67	130
363	69	130
364	71	130
365	72	130
366	73	129
367	71	130
368	72	130
369	72	130
370	70	130
371	69	130
372	69	130
373	67	129
374	66	130
375	66	130
376	65	130
377	65	130
378	65	129
379	65	130
380	66	130
381	64	130
382	64	130
383	65	130
384	64	130
385	65	129
386	66	130
387	66	130
388	68	130
389	69	130
390	71	130
391	72	130
392	72	129
393	72	130
394	73	130
395	72	130
396	70	130
397	69	130
398	68	130
399	66	130
400	66	130
401	66	130
402	65	130
403	65	130
404	65	130
405	64	130
406	64	129
407	63	130
408	63	130
409	64	130
410	64	129
411	65	130
412	66	130
413	65	130
414	66	130
415	69	130
416	72	129
417	73	129
418	75	129
419	74	130
420	73	129
421	72	129
422	70	130
423	69	129
424	67	129
425	65	129
426	67	130
427	66	130
428	64	129
429	65	130
430	64	130
431	62	129
432	63	130
433	63	130
434	63	130
435	64	130
436	64	130
437	65	130
438	67	130
439	70	130
440	77	129
441	72	130
442	67	129
443	66	130
444	66	130
445	64	129
446	63	130
447	64	130
448	64	130
449	64	130
450	65	130
451	65	129
452	67	130
453	69	130
454	73	130
455	74	129
456	76	130
457	75	130
458	76	130
459	74	130
460	72	129
461	70	130
462	68	130
463	65	130
464	66	130
465	66	130
466	65	130
467	64	130
468	64	130
469	63	130
470	63	130
471	63	130
472	63	130
473	63	130
474	63	130
475	63	130
476	65	130
477	64	130
478	64	130
479	66	130
480	69	130
481	73	129
482	76	130
483	75	130
484	74	130
485	73	130
486	70	130
487	67	129
488	66	130
489	64	129
490	65	130
491	65	130
492	64	130
493	63	130
494	63	130
495	62	130
496	64	129
497	66	130
498	69	130
499	79	130
500	69	130
501	65	129
502	64	130
503	64	130
504	63	130
505	64	130
506	64	130
507	64	130
508	66	130
509	65	130
510	66	130
511	71	130
512	75	130
513	77	130
514	79	130
515	78	130
516	75	130
517	73	130
518	71	130
519	68	130
520	68	130
521	66	129
522	65	130
523	65	129
524	64	130
525	63	130
526	63	130
527	61	130
528	62	130
529	64	129
530	63	130
531	63	129
532	64	130
533	63	130
534	67	130
535	75	130
536	67	129
537	65	130
538	64	130
539	63	130
540	64	130
541	64	130
542	63	130
543	64	130
544	64	130
545	65	129
546	68	129
547	70	130
548	76	130
549	79	130
550	80	130
551	80	130
552	79	130
553	73	130
554	69	130
555	67	130
556	66	130
557	65	130
558	64	130
559	62	130
560	63	130
561	64	129
562	63	129
563	63	130
564	63	130
565	61	130
566	62	130
567	63	130
568	62	130
569	63	130
570	63	130
571	63	130
572	64	130
573	65	130
574	69	130
575	77	130
576	79	129
577	80	130
578	80	129
579	77	130
580	73	130
581	71	130
582	69	130
583	68	130
584	69	130
585	67	130
586	66	130
587	66	130
588	65	129
589	65	130
590	65	129
591	62	129
592	64	129
593	65	130
594	63	130
595	64	130
596	64	130
597	63	130
598	64	130
599	64	129
600	64	130
601	65	130
602	65	130
603	65	130
604	68	130
605	67	130
606	67	130
607	68	130
608	68	130
609	68	130
610	70	130
611	69	130
612	69	129
613	69	129
614	70	129
615	70	130
616	71	130
617	70	129
618	70	130
619	70	130
620	69	130
621	68	130
622	67	130
623	65	130
624	66	130
625	67	130
626	66	130
627	67	130
628	69	130
629	72	129
630	74	130
631	66	130
632	64	130
633	64	130
634	63	130
635	63	130
636	65	130
637	63	130
638	63	129
639	66	129
640	81	130
641	79	130
642	68	130
643	65	130
644	65	130
645	65	129
646	66	130
647	67	130
648	69	130
649	70	130
650	73	130
651	73	130
652	72	130
653	71	130
654	70	130
655	67	130
656	68	130
657	67	130
658	66	130
659	66	130
660	65	130
661	64	130
662	65	130
663	63	130
664	63	130
665	64	130
666	64	130
667	64	130
668	66	129
669	63	130
670	64	129
671	65	130
672	66	129
673	69	130
674	74	130
675	77	130
676	82	130
677	86	130
678	69	130
679	65	130
680	63	129
681	62	130
682	64	129
683	63	130
684	62	130
685	62	130
686	62	130
687	61	130
688	62	129
689	61	130
690	62	130
691	62	130
692	62	130
693	63	129
694	63	130
695	61	130
696	61	130
697	62	129
698	61	130
699	63	130
700	63	130
701	61	130
702	62	130
703	62	130
704	61	130
705	62	130
706	61	130
707	61	129
708	63	130
709	61	130
710	61	130
711	62	129
712	60	130
713	60	130
714	62	130
715	62	130
716	61	130
717	62	130
718	61	130
719	61	130
720	62	130
721	61	130
722	61	130
723	62	129
724	61	130
725	63	130
726	62	130
727	61	130
728	62	130
729	62	130
730	62	130
731	63	130
732	66	129
733	82	129
734	67	130
735	68	130
736	79	129
737	71	130
738	66	130
739	68	130
740	72	130
741	66	129
742	65	130
743	65	130
744	63	130
745	64	130
746	71	130
747	86	129
748	75	130
749	71	130
750	69	130
751	66	130
752	67	130
753	66	130
754	69	130
755	83	130
756	77	130
757	69	130
758	69	129
759	65	130
760	65	130
761	65	129
762	65	130
763	67	130
764	71	130
765	78	130
766	84	130
767	75	130
768	67	130
769	65	130
770	65	130
771	63	130
772	64	130
773	63	130
774	63	129
775	64	129
776	68	130
777	65	129
778	65	130
779	63	130
780	63	130
781	63	129
782	62	130
783	61	130
784	63	130
785	64	130
786	66	130
787	64	130
788	63	130
789	63	130
790	63	130
791	62	129
792	62	130
793	63	130
794	65	129
795	67	130
796	67	130
797	63	129
798	63	129
799	63	130
800	62	130
801	63	130
802	65	130
803	69	130
804	66	129
805	64	130
806	63	130
807	63	130
808	63	130
809	61	130
810	65	129
811	74	129
812	67	130
813	65	130
814	64	130
815	63	130
816	66	130
817	72	130
818	88	130
819	102	130
820	88	129
821	79	130
822	76	130
823	71	130
824	69	130
825	67	130
826	66	130
827	65	130
828	66	130
829	63	129
830	63	129
831	63	129
832	63	129
833	63	130
834	64	130
835	62	130
836	63	130
837	63	130
838	62	130
839	62	129
840	63	130
841	61	130
842	64	130
843	64	130
844	65	130
845	70	130
846	77	130
847	77	130
848	79	130
849	77	130
850	74	129
851	72	130
852	70	130
853	68	129
854	68	130
855	66	130
856	65	130
857	65	130
858	65	130
859	65	130
860	66	130
861	63	130
862	63	130
863	64	130
864	64	129
865	65	130
866	67	130
867	66	130
868	69	129
869	70	130
870	71	130
871	71	130
872	70	130
873	68	130
874	70	130
875	68	130
876	67	130
877	66	130
878	65	130
879	64	129
880	65	130
881	63	130
882	64	130
883	64	130
884	63	130
885	64	130
886	64	129
887	63	129
888	64	130
889	65	129
890	65	130
891	68	130
892	71	130
893	72	130
894	74	130
895	74	130
896	74	130
897	73	130
898	72	130
899	70	130
900	71	130
901	69	129
902	68	130
903	68	129
904	65	130
905	66	129
906	67	130
907	66	130
908	66	130
909	66	129
910	65	130
911	67	130
912	66	130
913	66	130
914	67	130
915	68	130
916	68	130
917	71	130
918	70	130
919	69	130
920	69	130
921	69	130
922	68	129
923	68	130
924	66	130
925	66	130
926	66	130
927	65	129
928	64	130
929	64	130
930	62	130
931	64	130
932	64	130
933	63	130
934	63	130
935	63	130
936	62	130
937	64	130
938	63	130
939	63	129
940	64	130
941	64	130
942	65	130
943	68	130
944	67	130
945	68	130
946	70	129
947	73	130
948	80	129
949	96	130
950	77	130
951	75	129
952	72	129
953	67	130
954	66	130
955	66	130
956	66	129
957	71	129
958	73	130
959	67	130
960	66	130
961	65	129
962	63	130
963	65	129
964	65	130
965	65	130
966	65	130
967	65	129
968	65	129
969	67	130
970	66	130
971	68	130
972	76	130
973	79	130
974	68	130
975	67	129
976	63	130
977	63	129
978	63	129
979	62	130
980	63	129
981	63	130
982	62	130
983	63	129
984	64	130
985	67	129
986	66	130
987	63	130
988	62	129
989	64	129
990	63	130
991	62	130
992	62	130
993	62	130
994	63	129
995	69	129
996	65	130
997	64	130
998	64	130
999	63	130
1000	63	130
1001	63	130
1002	62	130
1003	65	130
1004	92	130
1005	71	129
1006	69	130
1007	67	130
1008	64	130
1009	64	129
1010	64	130
1011	64	130
1012	65	129
1013	70	130
1014	84	130
1015	95	130
1016	82	130
1017	71	129
1018	68	130
1019	66	130
1020	65	130
1021	66	130
1022	65	130
1023	65	129
1024	65	130
1025	64	129
1026	63	130
1027	65	130
1028	64	130
1029	65	130
1030	66	130
1031	66	130
1032	67	130
1033	68	129
1034	67	130
1035	68	129
1036	69	130
1037	68	130
1038	68	130
1039	69	130
1040	67	130
1041	67	130
1042	67	130
1043	67	130
1044	69	130
1045	80	130
1046	85	130
1047	67	130
1048	65	130
1049	64	130
1050	64	130
1051	63	130
1052	63	130
1053	70	130
1054	81	130
1055	70	130
1056	65	130
1057	64	130
1058	62	130
1059	64	130
1060	63	130
1061	63	130
1062	63	130
1063	64	130
1064	65	130
1065	68	130
1066	72	130
1067	73	130
1068	70	130
1069	67	130
1070	67	130
1071	75	130
1072	68	129
1073	65	130
1074	64	130
1075	63	129
1076	63	129
1077	64	130
1078	63	129
1079	65	129
1080	67	130
1081	64	130
1082	63	130
1083	63	130
1084	61	130
1085	64	130
1086	64	129
1087	67	130
1088	77	130
1089	67	130
1090	63	130
1091	65	130
1092	66	130
1093	70	130
1094	70	130
1095	65	130
1096	63	129
1097	65	130
1098	64	130
1099	66	130
1100	72	130
1101	76	130
1102	68	130
1103	68	130
1104	64	130
1105	65	129
1106	66	129
1107	71	130
1108	73	130
1109	69	130
1110	64	130
1111	64	130
1112	64	129
1113	63	130
1114	63	130
1115	64	130
1116	63	129
1117	74	130
1118	67	130
1119	64	129
1120	63	130
1121	63	130
1122	61	130
1123	63	129
1124	63	129
1125	65	129
1126	69	129
1127	65	129
1128	62	130
1129	63	130
1130	63	129
1131	62	129
1132	63	129
1133	64	129
1134	70	130
1135	67	130
1136	64	130
1137	63	130
1138	64	130
1139	64	129
1140	65	130
1141	77	130
1142	95	130
1143	80	130
1144	69	130
1145	67	130
1146	66	130
1147	67	130
1148	65	130
1149	66	130
1150	66	130
1151	65	130
1152	65	130
1153	65	129
1154	64	130
1155	65	130
1156	66	130
1157	65	130
1158	66	130
1159	66	129
1160	65	130
1161	67	130
1162	68	129
1163	67	130
1164	69	129
1165	69	130
1166	71	130
1167	73	130
1168	77	130
1169	79	130
1170	69	130
1171	65	130
1172	64	130
1173	65	130
1174	63	130
1175	61	130
1176	63	129
1177	62	129
1178	62	129
1179	63	130
1180	63	130
1181	62	130
1182	63	130
1183	62	130
1184	62	129
1185	62	130
1186	61	130
1187	61	130
1188	63	129
1189	61	129
1190	61	130
1191	61	130
1192	60	130
1193	61	130
1194	62	130
1195	61	130
1196	61	129
1197	61	130
1198	61	130
1199	61	130
1200	62	129
1201	61	130
1202	62	130
1203	62	129
1204	61	130
1205	62	130
1206	63	130
1207	60	130
1208	62	130
1209	62	130
1210	61	130
1211	62	130
1212	63	130
1213	61	130
1214	62	129
1215	62	130
1216	61	130
1217	62	130
1218	62	130
1219	61	130
1220	62	130
1221	62	130
1222	62	130
1223	62	130
1224	71	130
1225	65	130
1226	65	130
1227	64	130
1228	63	130
1229	64	130
1230	66	130
1231	105	130
1232	95	130
1233	99	130
1234	89	130
1235	81	129
1236	75	130
1237	69	130
1238	69	130
1239	66	129
1240	65	130
1241	65	130
1242	63	130
1243	63	130
1244	65	130
1245	62	130
1246	62	130
1247	63	130
1248	62	130
1249	62	130
1250	64	130
1251	62	130
1252	63	129
1253	63	130
1254	63	130
1255	63	129
1256	66	129
1257	68	130
1258	79	130
1259	77	129
1260	69	130
1261	68	130
1262	67	130
1263	65	130
1264	66	129
1265	67	130
1266	65	130
1267	66	129
1268	66	130
1269	64	129
1270	67	130
1271	67	130
1272	67	129
1273	69	130
1274	71	130
1275	74	130
1276	80	130
1277	81	130
1278	75	130
1279	68	130
1280	66	130
1281	65	130
1282	67	130
1283	65	130
1284	64	130
1285	65	130
1286	65	130
1287	65	130
1288	67	130
1289	65	130
1290	67	130
1291	68	130
1292	68	130
1293	68	129
1294	68	130
1295	66	130
1296	68	130
1297	69	130
1298	69	130
1299	76	130
1300	76	130
1301	65	130
1302	64	130
1303	64	129
1304	62	130
1305	63	130
1306	62	130
1307	62	130
1308	63	129
1309	62	130
1310	61	130
1311	64	130
1312	69	129
1313	67	130
1314	68	130
1315	70	130
1316	82	130
1317	67	130
1318	64	130
1319	64	130
1320	65	130
1321	64	130
1322	63	129
1323	66	129
1324	70	130
1325	80	129
1326	67	130
1327	64	129
1328	63	130
1329	65	130
1330	63	130
1331	63	130
1332	63	130
1333	62	130
1334	64	130
1335	69	130
1336	85	130
1337	100	130
1338	76	130
1339	67	130
1340	64	130
1341	64	130
1342	63	130
1343	63	130
1344	63	130
1345	64	130
1346	68	129
1347	71	129
1348	64	130
1349	64	129
1350	63	129
1351	62	130
1352	63	130
1353	64	130
1354	61	130
1355	63	129
1356	64	130
1357	69	129
1358	67	129
1359	65	130
1360	63	129
1361	64	130
1362	63	130
1363	63	130
1364	63	130
1365	62	130
1366	62	130
1367	75	130
1368	69	130
1369	67	130
1370	67	130
1371	68	130
1372	69	129
1373	77	130
1374	78	130
1375	78	129
1376	72	129
1377	67	130
1378	65	130
1379	66	130
1380	64	129
1381	64	130
1382	64	130
1383	63	130
1384	63	130
1385	65	129
1386	62	129
1387	63	129
1388	63	130
1389	62	130
1390	63	129
1391	65	130
1392	63	130
1393	64	129
1394	65	129
1395	66	129
1396	69	130
1397	74	130
1398	73	130
1399	77	130
1400	79	130
1401	83	130
1402	76	130
1403	68	130
1404	64	130
1405	66	130
1406	64	129
1407	63	129
1408	64	129
1409	63	130
1410	61	130
1411	64	130
1412	62	130
1413	63	130
1414	64	130
1415	66	130
1416	78	129
1417	77	130
1418	69	130
1419	67	130
1420	67	130
1421	67	130
1422	67	130
1423	68	130
1424	65	130
1425	66	130
1426	66	129
1427	66	130
1428	67	130
1429	69	130
1430	69	130
1431	74	130
1432	76	130
1433	76	130
1434	76	130
1435	70	130
1436	64	129
1437	66	130
1438	65	130
1439	64	130
1440	64	130
1441	64	130
1442	62	130
1443	65	130
1444	63	130
1445	63	130
1446	64	130
1447	64	130
1448	65	130
1449	77	130
1450	79	130
1451	67	129
1452	65	130
1453	64	130
1454	64	129
1455	66	130
1456	63	130
1457	63	130
1458	63	130
1459	63	129
1460	65	130
1461	71	130
1462	71	130
1463	67	130
1464	66	129
1465	65	129
1466	65	130
1467	65	130
1468	63	130
1469	66	130
1470	66	129
1471	66	130
1472	69	130
1473	71	130
1474	72	130
1475	76	130
1476	77	130
1477	76	130
1478	69	130
1479	67	130
1480	65	130
1481	67	130
1482	64	129
1483	64	130
1484	65	129
1485	65	130
1486	65	130
1487	68	130
1488	66	130
1489	67	130
1490	68	130
1491	67	130
1492	67	130
1493	69	130
1494	66	130
1495	67	130
1496	67	130
1497	65	130
1498	65	129
1499	65	129
1500	62	130
1501	65	130
1502	66	130
1503	68	130
1504	86	130
1505	69	129
1506	63	129
1507	65	130
1508	63	130
1509	62	130
1510	63	130
1511	63	130
1512	62	129
1513	65	130
1514	66	130
1515	77	130
1516	68	130
1517	66	129
1518	65	130
1519	67	130
1520	65	130
1521	65	130
1522	67	130
1523	67	130
1524	69	129
1525	75	130
1526	75	130
1527	78	130
1528	80	130
1529	76	130
1530	69	130
1531	67	130
1532	63	130
1533	65	130
1534	65	130
1535	63	130
1536	63	130
1537	63	130
1538	61	130
1539	63	130
1540	63	130
1541	62	130
1542	63	129
1543	63	130
1544	62	130
1545	65	129
1546	65	130
1547	68	129
1548	76	129
1549	68	129
1550	66	130
1551	68	130
1552	65	129
1553	65	130
1554	66	130
1555	66	129
1556	66	130
1557	69	130
1558	68	130
1559	69	129
1560	70	130
1561	69	130
1562	69	130
1563	70	130
1564	68	130
1565	69	129
1566	70	130
1567	68	130
1568	69	130
1569	69	130
1570	67	130
1571	69	130
1572	70	130
1573	69	130
1574	71	130
1575	71	130
1576	70	130
1577	70	130
1578	69	130
1579	67	129
1580	68	130
1581	67	130
1582	66	130
1583	67	130
1584	65	130
1585	64	130
1586	65	130
1587	64	130
1588	64	129
1589	65	130
1590	63	130
1591	63	130
1592	65	130
1593	64	130
1594	67	129
1595	88	130
1596	67	130
1597	65	130
1598	65	129
1599	63	130
1600	64	129
1601	65	130
1602	64	130
1603	78	130
1604	75	129
1605	65	130
1606	65	130
1607	64	130
1608	63	130
1609	64	129
1610	64	130
1611	63	130
1612	67	130
1613	73	129
1614	75	129
1615	71	130
1616	66	129
1617	63	130
1618	65	130
1619	63	130
1620	64	129
1621	65	130
1622	64	130
1623	64	130
1624	66	130
1625	66	130
1626	74	130
1627	92	130
1628	90	130
1629	69	130
1630	67	130
1631	64	130
1632	64	130
1633	64	130
1634	63	130
1635	66	129
1636	74	130
1637	79	130
1638	68	130
1639	65	130
1640	63	130
1641	64	129
1642	63	130
1643	62	130
1644	64	129
1645	63	130
1646	64	130
1647	67	130
1648	68	130
1649	79	130
1650	85	129
1651	69	130
1652	66	130
1653	66	130
1654	64	130
1655	63	130
1656	64	130
1657	62	130
1658	63	130
1659	63	130
1660	62	130
1661	63	130
1662	69	130
1663	66	130
1664	64	130
1665	63	130
1666	61	130
1667	62	130
1668	63	130
1669	61	130
1670	63	130
1671	62	130
1672	61	130
1673	62	130
1674	62	130
1675	61	130
1676	62	130
1677	61	130
1678	61	129
1679	63	130
1680	62	129
1681	60	130
1682	62	130
1683	61	129
1684	62	130
1685	63	130
1686	62	130
1687	61	130
1688	63	130
1689	61	130
1690	61	130
1691	62	130
1692	61	129
1693	61	129
1694	63	130
1695	61	129
1696	62	130
1697	61	130
1698	60	130
1699	61	130
1700	62	129
1701	61	130
1702	62	130
1703	61	130
1704	61	130
1705	61	130
1706	62	130
1707	60	129
1708	62	130
1709	63	130
1710	73	129
1711	67	130
1712	65	130
1713	62	130
1714	64	130
1715	63	130
1716	64	130
1717	70	130
1718	73	130
1719	76	130
1720	67	130
1721	64	130
1722	64	130
1723	65	130
1724	68	129
1725	69	130
1726	67	130
1727	64	129
1728	66	130
1729	95	130
1730	74	130
1731	69	130
1732	69	130
1733	67	130
1734	67	130
1735	67	130
1736	77	130
1737	70	130
1738	67	130
1739	64	130
1740	64	130
1741	63	130
1742	63	130
1743	63	130
1744	64	130
1745	64	130
1746	70	130
1747	66	130
1748	64	130
1749	65	130
1750	65	130
1751	63	130
1752	65	130
1753	75	130
1754	69	130
1755	68	130
1756	67	130
1757	66	130
1758	68	130
1759	67	129
1760	69	130
1761	73	130
1762	77	130
1763	81	130
1764	78	129
1765	69	130
1766	67	130
1767	66	130
1768	65	130
1769	64	129
1770	65	130
1771	63	130
1772	64	130
1773	63	130
1774	64	130
1775	63	130
1776	65	130
1777	63	130
1778	66	130
1779	69	130
1780	77	129
1781	68	130
1782	67	130
1783	64	130
1784	65	130
1785	64	130
1786	64	130
1787	64	130
1788	65	130
1789	63	130
1790	65	130
1791	65	129
1792	66	130
1793	69	130
1794	75	130
1795	75	130
1796	78	129
1797	77	129
1798	76	130
1799	73	130
1800	70	130
1801	66	129
1802	67	130
1803	65	130
1804	65	130
1805	65	129
1806	65	130
1807	64	130
1808	66	130
1809	63	130
1810	65	130
1811	66	129
1812	67	130
1813	68	130
1814	71	130
1815	69	130
1816	70	130
1817	70	129
1818	69	129
1819	69	130
1820	69	130
1821	66	129
1822	67	130
1823	65	130
1824	65	129
1825	64	130
1826	64	130
1827	62	130
1828	65	130
1829	63	129
1830	63	130
1831	63	130
1832	63	130
1833	61	130
1834	65	130
1835	65	130
1836	79	130
1837	71	130
1838	65	130
1839	63	130
1840	65	130
1841	63	130
1842	64	130
1843	68	130
1844	88	130
1845	69	130
1846	67	130
1847	64	130
1848	64	130
1849	64	129
1850	64	130
1851	65	130
1852	69	130
1853	71	129
1854	77	129
1855	78	130
1856	67	129
1857	65	130
1858	65	130
1859	63	130
1860	65	130
1861	65	130
1862	65	130
1863	71	130
1864	77	130
1865	65	130
1866	66	130
1867	64	130
1868	63	130
1869	63	129
1870	63	130
1871	61	130
1872	64	130
1873	62	130
1874	63	130
1875	68	130
1876	70	130
1877	65	130
1878	67	130
1879	64	130
1880	68	130
1881	85	130
1882	70	130
1883	65	130
1884	66	130
1885	63	130
1886	64	130
1887	64	130
1888	64	130
1889	65	130
1890	69	130
1891	77	130
1892	81	130
1893	78	130
1894	70	130
1895	72	130
1896	67	130
1897	63	130
1898	65	129
1899	64	129
1900	63	130
1901	64	130
1902	66	130
1903	64	130
1904	65	130
1905	63	129
1906	62	129
1907	63	129
1908	63	129
1909	65	130
1910	66	130
1911	63	130
1912	62	130
1913	63	130
1914	62	129
1915	63	129
1916	67	130
1917	66	130
1918	64	129
1919	64	130
1920	63	130
1921	64	130
1922	66	130
1923	67	130
1924	87	130
1925	73	129
1926	70	130
1927	70	130
1928	70	130
1929	69	130
1930	70	130
1931	71	129
1932	70	130
1933	71	130
1934	72	130
1935	73	129
1936	71	130
1937	67	130
1938	64	130
1939	64	130
1940	64	130
1941	63	130
1942	64	130
1943	63	130
1944	62	130
1945	64	130
1946	64	130
1947	65	129
1948	69	130
1949	76	130
1950	71	130
1951	69	130
1952	68	130
1953	69	130
1954	69	130
1955	68	130
1956	68	130
1957	70	129
1958	72	130
1959	74	130
1960	75	130
1961	73	130
1962	68	130
1963	67	129
1964	65	130
1965	65	130
1966	64	130
1967	63	130
1968	63	130
1969	64	130
1970	63	130
1971	63	130
1972	63	130
1973	63	130
1974	64	130
1975	65	130
1976	64	130
1977	66	130
1978	67	130
1979	68	130
1980	71	130
1981	73	130
1982	75	130
1983	83	129
1984	71	130
1985	67	130
1986	65	130
1987	65	130
1988	63	130
1989	64	130
1990	63	129
1991	62	130
1992	63	130
1993	63	130
1994	63	130
1995	66	130
1996	80	130
1997	68	130
1998	66	130
1999	64	129
2000	63	130
2001	65	130
2002	65	129
2003	65	129
2004	66	130
2005	68	130
2006	71	130
2007	76	130
2008	77	130
2009	78	130
2010	78	130
2011	75	130
2012	72	129
2013	70	130
2014	67	129
2015	67	130
2016	66	130
2017	65	130
2018	65	130
2019	65	129
2020	63	130
2021	64	130
2022	63	130
2023	63	130
2024	63	130
2025	63	129
2026	62	129
2027	63	130
2028	63	130
2029	63	129
2030	63	129
2031	64	130
2032	63	130
2033	67	130
2034	71	130
2035	77	130
2036	83	130
2037	75	130
2038	66	130
2039	66	130
2040	65	129
2041	64	130
2042	64	130
2043	63	130
2044	63	130
2045	65	130
2046	63	130
2047	64	130
2048	65	130
2049	68	130
2050	78	130
2051	82	130
2052	71	130
2053	67	130
2054	66	130
2055	65	130
2056	64	130
2057	66	130
2058	63	130
2059	63	130
2060	64	130
2061	63	129
2062	63	129
2063	64	129
2064	62	130
2065	64	130
2066	65	129
2067	66	130
2068	72	130
2069	77	130
2070	77	130
2071	72	129
2072	70	130
2073	67	130
2074	67	130
2075	66	130
2076	65	130
2077	66	129
2078	65	129
2079	65	130
2080	65	130
2081	65	130
2082	64	129
2083	66	130
2084	64	129
2085	64	130
2086	65	129
2087	66	130
2088	67	129
2089	69	129
2090	69	130
2091	70	130
2092	72	130
2093	72	130
2094	73	130
2095	73	129
2096	72	130
2097	71	130
2098	71	130
2099	69	130
2100	68	130
2101	68	130
2102	66	130
2103	66	129
2104	67	130
2105	65	130
2106	65	130
2107	65	130
2108	63	129
2109	64	129
2110	65	130
2111	64	130
2112	64	130
2113	65	130
2114	65	130
2115	66	130
2116	67	130
2117	67	129
2118	68	130
2119	69	129
2120	69	130
2121	69	130
2122	68	129
2123	67	130
2124	67	129
2125	66	130
2126	66	130
2127	66	130
2128	65	130
2129	65	130
2130	65	130
2131	65	130
2132	65	130
2133	65	130
2134	65	130
2135	66	130
2136	69	130
2137	72	130
2138	79	130
2139	86	130
2140	69	129
2141	65	130
2142	66	130
2143	64	130
2144	64	130
2145	63	129
2146	63	130
2147	63	130
2148	64	130
2149	63	130
2150	64	130
2151	64	130
2152	64	130
2153	67	130
2154	70	130
2155	68	130
2156	67	130
2157	65	130
2158	64	129
2159	64	130
2160	64	130
2161	62	130
2162	63	130
2163	63	130
2164	62	129
2165	62	130
2166	62	130
2167	61	130
2168	63	130
2169	62	130
2170	61	130
2171	62	130
2172	61	130
2173	60	129
2174	62	130
2175	61	130
2176	61	130
2177	62	130
2178	61	130
2179	60	129
2180	62	130
2181	61	129
2182	61	129
2183	62	130
2184	62	129
2185	61	130
2186	62	130
2187	61	129
2188	61	129
2189	62	129
2190	61	130
2191	62	130
2192	63	130
2193	61	130
2194	61	130
2195	62	130
2196	61	129
2197	62	130
2198	63	130
2199	61	129
2200	62	130
2201	62	130
2202	61	129
2203	62	130
2204	62	129
2205	60	130
2206	63	129
2207	65	130
2208	98	130
2209	65	130
2210	65	130
2211	63	130
2212	71	130
2213	90	130
2214	108	130
2215	109	130
2216	90	130
2217	75	130
2218	71	130
2219	67	129
2220	65	130
2221	65	130
2222	64	130
2223	63	130
2224	65	129
2225	62	130
2226	62	130
2227	63	130
2228	62	130
2229	62	130
2230	64	130
2231	61	129
2232	62	130
2233	62	130
2234	62	129
2235	62	130
2236	63	130
2237	61	130
2238	63	129
2239	65	130
2240	68	130
2241	83	130
2242	73	130
2243	69	130
2244	70	130
2245	70	130
2246	69	130
2247	69	130
2248	68	130
2249	66	130
2250	68	130
2251	67	130
2252	66	129
2253	66	130
2254	66	130
2255	65	130
2256	66	130
2257	65	129
2258	64	130
2259	65	130
2260	65	130
2261	65	129
2262	67	130
2263	67	130
2264	67	130
2265	69	130
2266	71	130
2267	73	130
2268	76	129
2269	77	130
2270	70	130
2271	67	130
2272	65	130
2273	65	130
2274	64	129
2275	63	130
2276	63	130
2277	64	130
2278	63	130
2279	63	130
2280	63	130
2281	62	129
2282	63	129
2283	65	130
2284	65	130
2285	68	130
2286	74	130
2287	75	130
2288	74	130
2289	69	130
2290	67	130
2291	67	130
2292	66	130
2293	66	130
2294	67	130
2295	66	130
2296	65	130
2297	66	130
2298	66	130
2299	66	130
2300	67	130
2301	67	129
2302	66	130
2303	67	129
2304	68	129
2305	68	130
2306	69	130
2307	69	130
2308	68	130
2309	69	130
2310	69	130
2311	68	129
2312	68	130
2313	67	130
2314	66	130
2315	68	130
2316	67	130
2317	67	130
2318	67	130
2319	66	130
2320	65	130
2321	67	130
2322	66	129
2323	67	129
2324	67	130
2325	67	129
2326	67	130
2327	69	130
2328	67	129
2329	68	130
2330	69	129
2331	69	130
2332	69	130
2333	70	130
2334	67	129
2335	67	130
2336	67	130
2337	67	130
2338	67	129
2339	67	130
2340	65	130
2341	66	130
2342	66	130
2343	65	130
2344	65	130
2345	65	129
2346	64	130
2347	66	130
2348	66	130
2349	65	130
2350	66	130
2351	67	130
2352	65	130
2353	68	130
2354	68	129
2355	68	130
2356	68	130
2357	69	130
2358	67	130
2359	69	130
2360	68	130
2361	68	130
2362	68	130
2363	67	130
2364	67	129
2365	68	129
2366	66	130
2367	66	130
2368	66	130
2369	66	129
2370	66	130
2371	68	130
2372	67	130
2373	67	130
2374	69	130
2375	70	130
2376	71	130
2377	74	130
2378	73	130
2379	74	130
2380	73	130
2381	71	129
2382	70	130
2383	68	130
2384	66	130
2385	66	130
2386	66	130
2387	65	130
2388	64	130
2389	64	130
2390	62	130
2391	63	130
2392	63	130
2393	62	130
2394	63	130
2395	63	130
2396	62	130
2397	63	130
2398	62	130
2399	62	130
2400	63	130
2401	64	130
2402	68	130
2403	89	130
2404	85	129
2405	73	130
2406	69	130
2407	68	130
2408	67	130
2409	69	130
2410	68	130
2411	68	130
2412	68	130
2413	67	129
2414	67	129
2415	67	129
2416	65	130
2417	65	129
2418	66	130
2419	65	129
2420	64	130
2421	65	130
2422	64	129
2423	67	130
2424	87	130
2425	70	130
2426	66	130
2427	64	129
2428	63	130
2429	63	129
2430	63	129
2431	62	130
2432	62	130
2433	63	130
2434	62	130
2435	63	130
2436	65	130
2437	67	130
2438	65	130
2439	64	129
2440	63	130
2441	64	130
2442	64	130
2443	62	130
2444	63	130
2445	63	129
2446	65	130
2447	85	130
2448	69	129
2449	68	130
2450	68	130
2451	69	130
2452	71	130
2453	73	130
2454	74	129
2455	74	130
2456	75	130
2457	74	129
2458	72	130
2459	71	129
2460	70	129
2461	68	129
2462	68	129
2463	67	130
2464	66	130
2465	66	130
2466	65	130
2467	65	130
2468	65	130
2469	64	129
2470	64	130
2471	65	130
2472	64	130
2473	65	130
2474	66	130
2475	64	130
2476	65	130
2477	65	130
2478	66	130
2479	66	130
2480	68	130
2481	67	130
2482	68	130
2483	70	130
2484	71	130
2485	73	130
2486	75	130
2487	76	130
2488	77	130
2489	77	130
2490	74	130
2491	69	130
2492	67	129
2493	65	130
2494	65	129
2495	65	130
2496	64	130
2497	64	130
2498	63	130
2499	62	130
2500	63	130
2501	63	130
2502	63	130
2503	63	130
2504	63	130
2505	63	130
2506	64	130
2507	63	130
2508	64	129
2509	66	130
2510	73	130
2511	85	130
2512	71	130
2513	66	130
2514	65	130
2515	66	130
2516	68	130
2517	75	130
2518	81	130
2519	80	130
2520	70	129
2521	67	129
2522	66	130
2523	66	130
2524	66	130
2525	65	129
2526	66	130
2527	67	129
2528	67	130
2529	67	130
2530	67	130
2531	65	130
2532	66	130
2533	67	130
2534	67	130
2535	69	130
2536	78	130
2537	77	130
2538	66	130
2539	65	130
2540	63	130
2541	64	130
2542	64	129
2543	66	130
2544	74	130
2545	83	130
2546	68	130
2547	65	130
2548	64	130
2549	64	129
2550	64	130
2551	64	130
2552	64	130
2553	64	130
2554	65	130
2555	66	130
2556	67	130
2557	70	130
2558	71	130
2559	71	130
2560	70	130
2561	69	130
2562	68	130
2563	67	130
2564	68	130
2565	76	130
2566	80	129
2567	66	130
2568	64	130
2569	63	130
2570	62	130
2571	63	130
2572	62	130
2573	62	130
2574	63	130
2575	62	130
2576	63	130
2577	67	130
2578	66	130
2579	64	130
2580	63	130
2581	63	130
2582	63	130
2583	64	130
2584	62	130
2585	62	129
2586	63	130
2587	65	130
2588	70	130
2589	66	130
2590	64	130
2591	63	130
2592	63	130
2593	63	130
2594	64	130
2595	67	130
2596	92	129
2597	69	130
2598	69	129
2599	66	130
2600	64	130
2601	64	130
2602	63	130
2603	65	130
2604	67	130
2605	73	130
2606	78	130
2607	72	130
2608	65	130
2609	65	129
2610	64	130
2611	64	129
2612	68	130
2613	78	130
2614	66	130
2615	65	130
2616	63	130
2617	63	130
2618	63	129
2619	63	129
2620	63	130
2621	65	130
2622	67	130
2623	70	129
2624	65	130
2625	64	130
2626	63	130
2627	64	130
2628	62	130
2629	63	130
2630	63	130
2631	64	130
2632	72	129
2633	67	130
2634	63	129
2635	63	130
2636	63	130
2637	63	130
2638	62	130
2639	63	130
2640	62	130
2641	65	130
2642	74	130
2643	65	130
2644	64	130
2645	63	130
2646	62	130
2647	62	130
2648	62	130
2649	62	130
2650	62	130
2651	62	130
2652	62	130
2653	63	130
2654	63	130
2655	61	130
2656	62	130
2657	62	130
2658	61	130
2659	63	130
2660	62	130
2661	61	130
2662	62	130
2663	61	130
2664	61	130
2665	61	130
2666	61	130
2667	61	130
2668	62	129
2669	62	129
2670	62	130
2671	62	130
2672	61	130
2673	61	130
2674	62	130
2675	62	130
2676	61	130
2677	62	130
2678	61	130
2679	61	130
2680	61	130
2681	61	130
2682	61	130
2683	62	130
2684	61	130
2685	61	130
2686	62	129
2687	61	129
2688	63	130
2689	84	130
2690	65	130
2691	64	130
2692	65	130
2693	63	130
2694	63	130
2695	66	129
2696	83	130
2697	73	129
2698	76	130
2699	83	130
2700	87	129
2701	88	130
2702	84	130
2703	79	130
2704	74	130
2705	70	130
2706	69	130
2707	67	130
2708	65	130
2709	65	130
2710	64	130
2711	62	130
2712	63	130
2713	63	130
2714	63	130
2715	63	130
2716	63	130
2717	62	130
2718	63	130
2719	63	130
2720	63	130
2721	63	130
2722	64	130
2723	65	130
2724	69	130
2725	76	129
2726	76	130
2727	76	130
2728	75	130
2729	73	130
2730	72	130
2731	69	130
2732	67	129
2733	67	130
2734	66	130
2735	65	130
2736	65	129
2737	64	130
2738	64	130
2739	64	129
2740	63	129
2741	63	130
2742	64	129
2743	63	130
2744	65	130
2745	68	130
2746	83	130
2747	85	130
2748	68	130
2749	65	130
2750	65	130
2751	65	130
2752	65	130
2753	65	130
2754	66	130
2755	67	130
2756	68	130
2757	71	130
2758	71	130
2759	72	129
2760	71	129
2761	70	130
2762	69	130
2763	68	130
2764	66	130
2765	66	130
2766	66	130
2767	66	130
2768	68	130
2769	73	130
2770	80	130
2771	70	130
2772	65	130
2773	64	129
2774	64	129
2775	64	130
2776	64	130
2777	65	130
2778	67	130
2779	71	130
2780	74	130
2781	74	130
2782	71	130
2783	68	130
2784	66	130
2785	65	130
2786	64	130
2787	64	130
2788	63	129
2789	63	130
2790	63	129
2791	63	130
2792	65	130
2793	69	130
2794	73	130
2795	66	130
2796	64	130
2797	63	130
2798	63	130
2799	63	130
2800	63	130
2801	63	130
2802	63	130
2803	62	130
2804	64	130
2805	69	130
2806	66	130
2807	65	130
2808	63	130
2809	63	130
2810	63	130
2811	62	130
2812	62	130
2813	63	130
2814	63	130
2815	69	130
2816	68	130
2817	66	130
2818	66	130
2819	72	130
2820	85	130
2821	66	129
2822	64	130
2823	63	129
2824	63	130
2825	63	130
2826	62	130
2827	64	129
2828	69	130
2829	83	130
2830	71	130
2831	66	130
2832	65	130
2833	65	130
2834	65	129
2835	66	130
2836	74	130
2837	67	130
2838	65	130
2839	65	130
2840	64	129
2841	63	130
2842	64	129
2843	68	130
2844	68	129
2845	66	130
2846	65	130
2847	64	130
2848	64	130
2849	64	130
2850	66	130
2851	72	130
2852	67	130
2853	65	129
2854	65	130
2855	65	129
2856	66	130
2857	69	130
2858	83	130
2859	75	130
2860	73	130
2861	71	129
2862	70	130
2863	70	130
2864	69	130
2865	68	129
2866	68	130
2867	67	130
2868	68	129
2869	69	129
2870	71	130
2871	73	130
2872	69	129
2873	65	130
2874	64	129
2875	63	129
2876	63	129
2877	64	130
2878	64	130
2879	63	129
2880	63	130
2881	63	130
2882	63	129
2883	64	130
2884	68	130
2885	70	130
2886	67	130
2887	66	130
2888	66	130
2889	67	130
2890	69	130
2891	74	129
2892	78	130
2893	80	130
2894	79	130
2895	77	129
2896	74	129
2897	70	130
2898	69	130
2899	67	130
2900	66	130
2901	65	129
2902	64	130
2903	63	130
2904	64	130
2905	63	130
2906	63	130
2907	63	130
2908	63	130
2909	62	130
2910	63	130
2911	62	130
2912	62	130
2913	63	130
2914	63	130
2915	63	130
2916	64	129
2917	64	130
2918	66	129
2919	70	130
2920	75	130
2921	74	130
2922	74	130
2923	71	130
2924	70	130
2925	68	129
2926	67	130
2927	66	130
2928	65	129
2929	64	129
2930	64	129
2931	65	130
2932	64	130
2933	64	130
2934	64	130
2935	63	130
2936	65	130
2937	67	129
2938	80	130
2939	90	130
2940	79	130
2941	67	130
2942	67	129
2943	66	130
2944	66	129
2945	65	130
2946	66	130
2947	66	130
2948	67	130
2949	67	130
2950	67	129
2951	68	130
2952	69	130
2953	69	129
2954	70	129
2955	69	130
2956	68	130
2957	67	130
2958	66	130
2959	66	130
2960	65	130
2961	65	130
2962	64	130
2963	65	130
2964	65	130
2965	67	130
2966	80	130
2967	67	130
2968	64	130
2969	64	130
2970	64	130
2971	63	130
2972	63	130
2973	62	130
2974	62	129
2975	63	130
2976	63	130
2977	66	130
2978	69	130
2979	65	130
2980	64	130
2981	64	130
2982	63	130
2983	63	130
2984	63	130
2985	64	130
2986	66	130
2987	83	130
2988	89	130
2989	73	129
2990	70	130
2991	69	130
2992	68	130
2993	68	130
2994	67	130
2995	66	130
2996	66	130
2997	66	130
2998	65	129
2999	66	130
3000	65	130
3001	66	130
3002	67	129
3003	68	130
3004	71	130
3005	74	130
3006	74	130
3007	76	130
3008	76	130
3009	74	130
3010	73	130
3011	71	130
3012	68	130
3013	68	130
3014	66	129
3015	66	129
3016	65	130
3017	65	130
3018	64	130
3019	65	130
3020	64	130
3021	64	130
3022	65	130
3023	65	129
3024	66	129
3025	69	130
3026	72	130
3027	72	130
3028	72	129
3029	69	130
3030	66	129
3031	66	130
3032	65	129
3033	64	130
3034	64	130
3035	64	129
3036	63	129
3037	63	130
3038	63	130
3039	63	130
3040	64	130
3041	64	130
3042	64	130
3043	65	130
3044	70	130
3045	84	130
3046	68	130
3047	65	130
3048	64	130
3049	63	130
3050	63	130
3051	63	130
3052	63	130
3053	63	130
3054	64	130
3055	71	130
3056	68	130
3057	65	129
3058	65	130
3059	63	130
3060	63	130
3061	63	130
3062	63	130
3063	64	130
3064	64	130
3065	65	130
3066	72	129
3067	86	130
3068	74	130
3069	73	130
3070	74	130
3071	68	130
3072	66	130
3073	65	130
3074	65	130
3075	65	130
3076	65	130
3077	65	129
3078	66	130
3079	67	130
3080	67	130
3081	67	130
3082	67	130
3083	65	130
3084	66	130
3085	66	130
3086	65	130
3087	65	129
3088	66	130
3089	68	130
3090	89	130
3091	69	129
3092	65	129
3093	64	130
3094	63	130
3095	63	130
3096	64	129
3097	63	129
3098	62	129
3099	63	130
3100	66	130
3101	73	130
3102	67	130
3103	64	130
3104	63	129
3105	63	130
3106	63	130
3107	62	130
3108	63	129
3109	62	129
3110	65	130
3111	75	130
3112	66	130
3113	65	130
3114	64	130
3115	63	130
3116	64	130
3117	65	130
3118	67	130
3119	77	130
3120	83	130
3121	86	130
3122	87	130
3123	84	130
3124	75	130
3125	69	130
3126	67	130
3127	65	130
3128	65	130
3129	64	130
3130	63	130
3131	63	130
3132	63	130
3133	63	130
3134	63	130
3135	62	130
3136	61	130
3137	62	130
3138	62	130
3139	61	130
3140	63	130
3141	62	129
3142	61	130
3143	62	130
3144	62	130
3145	62	130
3146	62	130
3147	62	129
3148	62	130
3149	62	130
3150	61	130
3151	61	129
3152	61	130
3153	60	130
3154	60	130
3155	62	130
3156	61	130
3157	62	130
3158	61	129
3159	61	130
3160	61	130
3161	61	129
3162	61	130
3163	62	130
3164	62	130
3165	61	130
3166	61	130
3167	62	130
3168	61	129
3169	61	130
3170	61	130
3171	61	130
3172	62	130
3173	63	130
3174	61	129
3175	61	130
3176	61	130
3177	61	130
3178	62	130
3179	62	130
3180	61	130
3181	62	129
3182	62	129
3183	62	130
3184	62	130
3185	62	130
3186	61	130
3187	62	130
3188	65	130
3189	166	129
3190	84	129
3191	73	130
3192	70	130
3193	70	130
3194	69	130
3195	69	129
3196	68	130
3197	68	130
3198	66	130
3199	67	130
3200	67	129
3201	67	130
3202	67	130
3203	67	130
3204	66	130
3205	67	130
3206	67	130
3207	67	130
3208	67	130
3209	68	129
3210	68	130
3211	70	130
3212	70	130
3213	69	130
3214	70	130
3215	70	130
3216	70	130
3217	70	130
3218	69	130
3219	69	130
3220	68	130
3221	67	130
3222	67	130
3223	66	130
3224	65	130
3225	65	130
3226	65	130
3227	65	130
3228	65	130
3229	65	130
3230	64	130
3231	65	130
3232	67	130
3233	73	130
3234	77	130
3235	79	130
3236	68	129
3237	65	129
3238	65	130
3239	64	130
3240	64	130
3241	64	130
3242	64	130
3243	65	130
3244	65	130
3245	65	130
3246	66	130
3247	67	129
3248	67	130
3249	69	130
3250	69	130
3251	68	130
3252	68	130
3253	67	130
3254	67	130
3255	66	130
3256	66	130
3257	65	130
3258	65	130
3259	64	130
3260	64	130
3261	64	130
3262	64	130
3263	65	130
3264	75	130
3265	79	130
3266	65	129
3267	64	130
3268	64	130
3269	63	130
3270	65	130
3271	74	130
3272	89	129
3273	71	130
3274	67	130
3275	66	130
3276	66	130
3277	65	130
3278	65	130
3279	65	130
3280	66	130
3281	66	130
3282	68	129
3283	70	130
3284	71	130
3285	72	130
3286	73	130
3287	73	130
3288	76	130
3289	74	129
3290	66	130
3291	64	130
3292	64	130
3293	63	130
3294	64	130
3295	63	130
3296	64	129
3297	65	130
3298	67	130
3299	65	130
3300	64	129
3301	62	130
3302	63	130
3303	63	129
3304	63	129
3305	63	130
3306	64	130
3307	66	130
3308	64	129
3309	64	130
3310	63	130
3311	63	130
3312	63	130
3313	63	129
3314	69	130
3315	84	130
3316	68	129
3317	67	130
3318	67	130
3319	65	130
3320	66	130
3321	65	130
3322	65	129
3323	66	130
3324	68	130
3325	73	130
3326	75	129
3327	71	130
3328	66	129
3329	65	130
3330	64	129
3331	64	130
3332	64	130
3333	64	130
3334	64	130
3335	79	130
3336	74	130
3337	67	129
3338	65	130
3339	63	130
3340	62	130
3341	63	130
3342	63	129
3343	64	130
3344	69	130
3345	68	130
3346	64	130
3347	64	130
3348	63	130
3349	63	130
3350	63	130
3351	63	130
3352	62	130
3353	64	130
3354	69	130
3355	67	130
3356	64	130
3357	63	130
3358	63	130
3359	64	130
3360	63	130
3361	62	130
3362	63	130
3363	63	130
3364	69	130
3365	69	130
3366	65	130
3367	64	129
3368	63	130
3369	63	130
3370	63	130
3371	63	130
3372	63	130
3373	68	130
3374	91	130
3375	89	130
3376	68	130
3377	67	130
3378	65	130
3379	66	129
3380	66	130
3381	67	129
3382	67	130
3383	67	130
3384	67	130
3385	68	130
3386	68	130
3387	69	130
3388	69	129
3389	69	130
3390	68	130
3391	69	130
3392	68	130
3393	67	130
3394	67	130
3395	67	130
3396	67	129
3397	68	130
3398	68	130
3399	68	130
3400	69	130
3401	71	130
3402	73	130
3403	75	129
3404	70	130
3405	67	130
3406	65	129
3407	65	130
3408	64	129
3409	65	130
3410	64	129
3411	65	130
3412	66	129
3413	67	130
3414	68	130
3415	70	130
3416	69	130
3417	70	130
3418	70	130
3419	69	130
3420	68	130
3421	67	129
3422	66	130
3423	65	130
3424	65	130
3425	64	129
3426	64	130
3427	64	130
3428	63	130
3429	64	129
3430	64	129
3431	63	129
3432	63	130
3433	63	130
3434	63	129
3435	64	129
3436	65	130
3437	65	130
3438	67	130
3439	71	129
3440	76	129
3441	78	130
3442	81	130
3443	81	130
3444	80	130
3445	75	130
3446	69	130
3447	67	130
3448	66	129
3449	65	129
3450	65	130
3451	65	130
3452	64	130
3453	64	130
3454	63	130
3455	62	130
3456	63	129
3457	64	130
3458	64	130
3459	63	130
3460	64	130
3461	63	130
3462	64	130
3463	65	130
3464	65	130
3465	66	130
3466	67	130
3467	67	129
3468	69	130
3469	67	130
3470	67	130
3471	67	129
3472	67	130
3473	67	130
3474	68	130
3475	67	130
3476	66	130
3477	66	130
3478	67	129
3479	67	130
3480	69	130
3481	70	130
3482	74	130
3483	78	129
3484	83	130
3485	81	130
3486	68	130
3487	65	130
3488	65	130
3489	65	130
3490	63	129
3491	63	130
3492	63	130
3493	62	130
3494	62	130
3495	63	130
3496	63	129
3497	63	129
3498	64	130
3499	65	129
3500	69	129
3501	78	130
3502	68	130
3503	65	130
3504	65	130
3505	64	130
3506	65	130
3507	64	130
3508	63	129
3509	64	130
3510	64	130
3511	65	130
3512	67	130
3513	69	130
3514	71	130
3515	73	130
3516	74	130
3517	74	129
3518	73	130
3519	73	130
3520	71	130
3521	70	130
3522	68	129
3523	67	130
3524	67	130
3525	65	130
3526	65	130
3527	65	130
3528	65	130
3529	64	130
3530	64	130
3531	64	130
3532	63	130
3533	64	130
3534	64	130
3535	65	130
3536	65	130
3537	66	130
3538	68	130
3539	72	129
3540	73	130
3541	74	130
3542	74	130
3543	73	129
3544	72	130
3545	72	130
3546	70	130
3547	68	130
3548	68	130
3549	67	130
3550	66	130
3551	67	130
3552	65	129
3553	65	130
3554	64	129
3555	64	130
3556	64	130
3557	64	129
3558	63	129
3559	64	129
3560	64	130
3561	64	130
3562	64	130
3563	64	130
3564	63	130
3565	65	130
3566	67	130
3567	69	129
3568	71	129
3569	74	130
3570	75	130
3571	77	130
3572	79	129
3573	79	130
3574	78	130
3575	75	130
3576	72	130
3577	70	129
3578	68	130
3579	66	130
3580	65	129
3581	65	130
3582	64	130
3583	65	130
3584	63	130
3585	63	130
3586	63	130
3587	62	130
3588	62	129
3589	63	130
3590	63	130
3591	62	130
3592	62	130
3593	62	129
3594	62	130
3595	63	130
3596	64	130
3597	101	130
3598	71	130
3599	68	130
3600	67	129
3601	68	130
3602	70	130
3603	76	130
3604	81	130
3605	70	129
3606	66	129
3607	65	130
3608	65	130
3609	64	130
3610	65	129
3611	65	130
3612	65	129
3613	65	130
3614	65	129
3615	66	130
3616	69	130
3617	75	129
3618	77	129
3619	67	130
3620	65	130
3621	64	130
3622	65	130
3623	63	130
3624	62	130
3625	62	130
3626	62	130
3627	62	130
3628	63	130
3629	63	129
3630	63	129
3631	62	129
3632	62	130
3633	62	130
3634	62	130
3635	61	130
3636	63	130
3637	62	129
3638	62	130
3639	62	130
3640	61	130
3641	60	130
3642	61	130
3643	62	130
3644	61	130
3645	61	130
3646	62	129
3647	60	130
3648	61	130
3649	61	130
3650	61	129
3651	61	130
3652	61	130
3653	61	130
3654	63	130
3655	62	130
3656	61	130
3657	61	129
3658	61	129
3659	62	130
3660	63	130
3661	62	130
3662	61	130
3663	62	130
3664	62	130
3665	61	130
3666	62	130
3667	61	130
3668	61	129
3669	62	129
3670	62	130
3671	62	129
3672	63	130
3673	68	130
3674	68	130
3675	65	130
3676	63	130
3677	63	130
3678	63	130
3679	62	130
3680	65	130
3681	77	130
3682	67	129
3683	65	130
3684	64	130
3685	63	130
3686	65	130
3687	85	130
3688	75	130
3689	66	130
3690	66	130
3691	66	130
3692	68	130
3693	70	130
3694	68	130
3695	71	130
3696	75	130
3697	78	130
3698	80	130
3699	78	130
3700	72	130
3701	70	130
3702	70	130
3703	72	129
3704	79	130
3705	70	130
3706	65	129
3707	65	129
3708	64	130
3709	63	130
3710	63	130
3711	63	129
3712	62	130
3713	64	129
3714	65	130
3715	70	130
3716	67	130
3717	64	130
3718	62	130
3719	63	130
3720	63	130
3721	63	129
3722	63	130
3723	63	130
3724	63	130
3725	65	130
3726	72	130
3727	68	129
3728	66	130
3729	65	130
3730	65	130
3731	67	130
3732	65	129
3733	66	130
3734	68	130
3735	70	130
3736	72	130
3737	75	130
3738	75	130
3739	74	130
3740	74	130
3741	73	130
3742	71	130
3743	71	130
3744	68	129
3745	68	130
3746	67	130
3747	66	130
3748	65	130
3749	65	130
3750	63	129
3751	64	129
3752	64	130
3753	63	129
3754	63	129
3755	63	130
3756	61	129
3757	63	130
3758	63	130
3759	63	130
3760	63	130
3761	64	130
3762	63	130
3763	66	130
3764	68	130
3765	72	130
3766	75	130
3767	76	130
3768	75	130
3769	76	130
3770	74	129
3771	71	130
3772	70	130
3773	69	129
3774	68	130
3775	68	130
3776	67	130
3777	66	130
3778	66	130
3779	65	130
3780	65	130
3781	65	130
3782	65	130
3783	65	130
3784	66	130
3785	66	129
3786	66	130
3787	67	130
3788	66	130
3789	67	130
3790	69	130
3791	68	130
3792	68	130
3793	68	130
3794	67	130
3795	66	130
3796	68	129
3797	67	130
3798	67	130
3799	67	130
3800	66	130
3801	66	130
3802	67	130
3803	66	130
3804	67	130
3805	68	130
3806	70	130
3807	72	130
3808	76	130
3809	76	130
3810	77	130
3811	77	130
3812	74	129
3813	71	130
3814	70	130
3815	67	130
3816	66	130
3817	65	129
3818	64	130
3819	64	130
3820	64	130
3821	62	130
3822	63	130
3823	63	130
3824	62	130
3825	62	130
3826	62	130
3827	60	130
3828	62	129
3829	62	130
3830	62	129
3831	62	130
3832	62	130
3833	61	130
3834	63	130
3835	64	130
3836	79	130
3837	111	130
3838	74	130
3839	66	130
3840	67	130
3841	65	130
3842	65	130
3843	67	130
3844	69	130
3845	71	130
3846	72	129
3847	71	130
3848	69	130
3849	69	130
3850	67	129
3851	66	130
3852	67	130
3853	67	129
3854	69	130
3855	78	129
3856	69	130
3857	65	130
3858	64	130
3859	63	130
3860	62	129
3861	63	129
3862	62	129
3863	62	130
3864	62	130
3865	61	130
3866	61	129
3867	64	130
3868	67	130
3869	66	130
3870	64	129
3871	63	130
3872	62	130
3873	63	129
3874	62	129
3875	62	130
3876	62	129
3877	62	130
3878	62	130
3879	64	129
3880	69	130
3881	67	130
3882	65	129
3883	63	130
3884	63	130
3885	64	129
3886	62	130
3887	62	130
3888	63	130
3889	63	130
3890	65	129
3891	77	130
3892	67	129
3893	70	130
3894	83	129
3895	72	130
3896	66	130
3897	66	130
3898	65	130
3899	67	130
3900	69	130
3901	72	130
3902	73	130
3903	74	130
3904	72	129
3905	73	130
3906	73	130
3907	71	130
3908	73	130
3909	77	130
3910	76	129
3911	67	130
3912	65	130
3913	63	130
3914	63	130
3915	63	130
3916	62	130
3917	64	129
3918	62	129
3919	62	130
3920	63	130
3921	64	130
3922	67	130
3923	74	130
3924	65	130
3925	64	129
3926	64	129
3927	63	130
3928	63	130
3929	64	130
3930	63	130
3931	63	130
3932	64	130
3933	64	130
3934	65	129
3935	71	130
3936	80	130
3937	81	129
3938	71	130
3939	69	130
3940	68	130
3941	67	130
3942	66	130
3943	66	130
3944	67	130
3945	67	130
3946	68	130
3947	69	130
3948	70	130
3949	69	129
3950	67	130
3951	64	130
3952	64	130
3953	64	130
3954	63	130
3955	64	130
3956	64	130
3957	63	130
3958	64	130
3959	64	130
3960	65	130
3961	67	130
3962	71	130
3963	73	130
3964	75	130
3965	75	130
3966	71	130
3967	69	130
3968	69	130
3969	67	130
3970	67	130
3971	67	130
3972	66	130
3973	66	130
3974	66	130
3975	64	130
3976	66	130
3977	66	130
3978	65	130
3979	65	129
3980	65	130
3981	64	129
3982	66	129
3983	67	130
3984	67	130
3985	68	130
3986	68	130
3987	67	130
3988	70	129
3989	69	129
3990	69	130
3991	69	129
3992	69	129
3993	68	130
3994	70	130
3995	67	130
3996	67	130
3997	67	130
3998	67	130
3999	66	130
4000	68	130
4001	66	130
4002	66	130
4003	66	130
4004	66	130
4005	66	130
4006	67	130
4007	66	130
4008	67	129
4009	67	130
4010	67	130
4011	67	130
4012	68	130
4013	67	130
4014	69	129
4015	69	129
4016	69	130
4017	69	129
4018	69	129
4019	67	130
4020	68	130
4021	68	130
4022	67	130
4023	68	129
4024	68	129
4025	67	130
4026	67	129
4027	67	130
4028	67	130
4029	67	130
4030	67	130
4031	67	130
4032	68	130
4033	68	130
4034	67	130
4035	68	129
4036	68	130
4037	68	130
4038	69	130
4039	69	130
4040	68	130
4041	68	130
4042	68	130
4043	67	129
4044	68	130
4045	68	130
4046	67	130
4047	68	129
4048	66	130
4049	66	130
4050	66	130
4051	66	130
4052	65	130
4053	67	129
4054	66	130
4055	66	129
4056	66	129
4057	65	130
4058	64	130
4059	67	130
4060	66	130
4061	67	130
4062	68	130
4063	68	129
4064	68	130
4065	71	130
4066	70	129
4067	71	130
4068	71	130
4069	71	130
4070	70	129
4071	71	130
4072	68	130
4073	67	129
4074	67	130
4075	66	129
4076	66	129
4077	67	130
4078	64	130
4079	64	130
4080	65	130
4081	64	130
4082	64	130
4083	66	130
4084	66	130
4085	77	130
4086	78	130
4087	66	130
4088	65	130
4089	64	130
4090	62	130
4091	63	130
4092	63	130
4093	62	130
4094	63	130
4095	62	130
