
TIME STEP:
125 = 0.2ms

VOLTAGE STEP:
CH1:  32 = 0.15V
CH2:  32 = 5V
GND	54	128
N	CH1	CH2

0	100	129
1	99	129
2	94	129
3	94	129
4	93	130
5	94	129
6	96	130
7	99	130
8	100	129
9	104	130
10	104	130
11	103	130
12	102	130
13	99	130
14	95	130
15	97	130
16	96	130
17	97	130
18	99	130
19	101	130
20	102	130
21	106	130
22	103	130
23	101	130
24	99	130
25	96	130
26	95	130
27	97	130
28	96	130
29	98	129
30	100	130
31	101	130
32	102	130
33	103	129
34	99	130
35	100	130
36	99	130
37	98	130
38	98	130
39	99	130
40	97	130
41	99	130
42	100	130
43	101	130
44	102	130
45	101	130
46	99	130
47	101	129
48	101	130
49	99	130
50	100	130
51	101	130
52	99	130
53	102	129
54	102	130
55	101	129
56	101	130
57	99	130
58	99	129
59	100	130
60	98	130
61	100	130
62	101	129
63	101	130
64	101	129
65	103	130
66	101	130
67	102	130
68	103	130
69	102	130
70	102	129
71	103	129
72	101	130
73	101	130
74	101	129
75	100	130
76	101	130
77	101	130
78	99	129
79	101	129
80	101	130
81	100	130
82	101	130
83	101	130
84	100	130
85	103	130
86	104	130
87	103	130
88	103	130
89	101	130
90	100	130
91	101	130
92	99	130
93	99	130
94	101	130
95	101	130
96	102	130
97	104	130
98	102	130
99	101	129
100	102	129
101	100	130
102	100	130
103	99	130
104	93	130
105	90	130
106	89	130
107	91	130
108	99	129
109	108	130
110	115	130
111	116	130
112	113	130
113	106	130
114	101	130
115	97	129
116	93	130
117	94	129
118	96	129
119	98	130
120	102	130
121	105	130
122	106	130
123	105	130
124	103	129
125	101	129
126	100	130
127	99	130
128	98	130
129	99	130
130	99	130
131	99	130
132	102	130
133	102	130
134	103	130
135	104	130
136	102	129
137	101	130
138	99	130
139	95	129
140	94	130
141	97	130
142	101	129
143	106	130
144	111	130
145	111	130
146	110	130
147	105	130
148	99	130
149	96	130
150	95	130
151	94	130
152	96	129
153	99	130
154	102	130
155	106	130
156	109	129
157	109	129
158	107	130
159	103	130
160	99	130
161	97	130
162	95	130
163	94	129
164	98	130
165	102	130
166	109	130
167	115	130
168	121	130
169	120	130
170	119	130
171	95	130
172	88	130
173	89	130
174	93	130
175	100	130
176	111	130
177	118	130
178	120	130
179	114	130
180	105	130
181	96	130
182	93	130
183	89	130
184	89	130
185	91	130
186	94	130
187	95	130
188	98	130
189	97	130
190	96	130
191	97	130
192	99	129
193	104	130
194	111	130
195	114	130
196	119	130
197	117	129
198	109	129
199	102	130
200	96	130
201	90	130
202	91	129
203	95	130
204	99	130
205	104	130
206	108	129
207	105	130
208	104	130
209	101	130
210	98	130
211	96	130
212	96	130
213	96	130
214	99	130
215	100	129
216	102	129
217	103	130
218	103	130
219	101	130
220	102	130
221	101	130
222	101	130
223	101	130
224	101	130
225	101	130
226	104	130
227	102	130
228	103	130
229	101	130
230	100	129
231	99	130
232	101	130
233	99	130
234	101	129
235	104	130
236	105	130
237	105	130
238	106	130
239	102	130
240	101	130
241	100	130
242	99	130
243	99	130
244	101	130
245	99	130
246	102	130
247	103	130
248	102	130
249	103	130
250	101	130
251	99	130
252	100	130
253	99	130
254	99	130
255	100	130
256	101	130
257	100	130
258	101	129
259	99	130
260	98	130
261	98	129
262	97	130
263	97	129
264	99	130
265	97	130
266	98	130
267	100	130
268	101	130
269	101	130
270	103	130
271	100	130
272	99	129
273	99	130
274	98	130
275	99	130
276	101	130
277	99	129
278	100	130
279	99	130
280	98	129
281	98	130
282	99	130
283	98	130
284	100	129
285	101	130
286	101	130
287	101	130
288	101	130
289	100	129
290	101	130
291	101	130
292	100	130
293	100	130
294	100	130
295	99	130
296	99	130
297	99	130
298	100	130
299	101	130
300	102	130
301	102	130
302	103	129
303	101	130
304	99	130
305	99	129
306	97	130
307	97	129
308	99	130
309	99	130
310	100	130
311	101	130
312	101	130
313	101	130
314	101	130
315	95	130
316	89	130
317	79	130
318	70	130
319	65	130
320	62	130
321	59	130
322	60	130
323	60	130
324	59	130
325	60	130
326	60	130
327	59	130
328	59	130
329	59	130
330	58	130
331	58	130
332	58	130
333	58	130
334	59	130
335	58	130
336	57	129
337	59	130
338	67	130
339	255	130
340	136	129
341	98	130
342	75	130
343	68	130
344	66	130
345	65	130
346	66	130
347	75	130
348	93	130
349	130	130
350	170	130
351	165	130
352	125	130
353	93	130
354	77	130
355	71	129
356	67	130
357	66	130
358	67	130
359	71	130
360	80	130
361	102	130
362	133	130
363	155	130
364	145	130
365	116	130
366	91	130
367	80	130
368	72	129
369	70	130
370	71	130
371	73	130
372	81	130
373	95	130
374	115	130
375	138	130
376	142	130
377	123	130
378	103	130
379	89	129
380	80	130
381	77	130
382	77	130
383	79	130
384	86	130
385	99	130
386	115	130
387	129	130
388	126	130
389	112	130
390	99	130
391	89	130
392	82	130
393	83	130
394	84	130
395	88	130
396	97	130
397	108	130
398	116	130
399	118	130
400	110	130
401	101	130
402	93	130
403	89	129
404	87	130
405	91	130
406	93	129
407	101	130
408	110	130
409	115	130
410	114	129
411	109	129
412	100	130
413	95	130
414	93	130
415	93	129
416	95	130
417	100	129
418	103	130
419	107	130
420	106	129
421	103	130
422	100	129
423	98	130
424	95	129
425	97	130
426	99	129
427	100	130
428	103	130
429	105	129
430	103	129
431	104	130
432	102	130
433	99	129
434	99	130
435	97	129
436	97	130
437	99	130
438	100	130
439	101	130
440	103	130
441	103	130
442	104	130
443	105	130
444	103	130
445	101	130
446	101	130
447	99	130
448	99	130
449	100	130
450	100	130
451	101	130
452	102	130
453	103	130
454	103	130
455	103	130
456	102	130
457	102	130
458	101	130
459	100	130
460	99	130
461	100	130
462	99	130
463	100	130
464	101	130
465	100	130
466	101	129
467	101	130
468	101	130
469	101	130
470	101	130
471	98	129
472	96	129
473	94	130
474	95	130
475	99	130
476	104	130
477	106	130
478	108	130
479	106	130
480	103	129
481	102	130
482	100	130
483	98	130
484	99	130
485	99	130
486	101	130
487	102	130
488	104	130
489	104	130
490	105	130
491	103	130
492	99	130
493	98	130
494	97	130
495	95	130
496	95	130
497	96	130
498	101	130
499	108	130
500	113	129
501	116	130
502	116	130
503	112	130
504	108	130
505	106	130
506	104	130
507	102	130
508	100	130
509	94	130
510	92	130
511	91	130
512	90	130
513	91	130
514	93	130
515	93	129
516	96	130
517	96	130
518	95	129
519	94	130
520	95	129
521	94	130
522	96	130
523	99	130
524	98	130
525	97	130
526	98	130
527	96	130
528	100	130
529	102	129
530	104	130
531	106	130
532	107	130
533	106	130
534	111	129
535	115	130
536	117	129
537	117	130
538	112	130
539	105	130
540	101	130
541	97	130
542	94	130
543	93	130
544	94	129
545	95	130
546	98	130
547	98	130
548	99	130
549	99	130
550	98	130
551	97	130
552	97	130
553	93	130
554	93	130
555	95	129
556	101	130
557	110	130
558	84	129
559	85	129
560	95	130
561	115	130
562	133	130
563	130	130
564	112	130
565	95	130
566	87	130
567	83	130
568	81	130
569	85	130
570	91	130
571	97	130
572	100	130
573	100	130
574	98	130
575	97	130
576	97	130
577	95	130
578	95	129
579	95	130
580	95	130
581	98	130
582	100	130
583	100	129
584	101	130
585	98	130
586	97	130
587	97	129
588	99	129
589	102	130
590	108	130
591	111	129
592	112	129
593	112	129
594	109	130
595	105	130
596	102	130
597	99	130
598	98	130
599	97	130
600	97	130
601	97	130
602	99	130
603	98	130
604	100	130
605	102	130
606	101	130
607	100	130
608	98	130
609	95	130
610	95	130
611	96	130
612	97	130
613	99	130
614	100	130
615	100	130
616	101	130
617	101	129
618	98	130
619	98	130
620	98	130
621	98	130
622	99	130
623	100	130
624	99	130
625	99	130
626	99	130
627	99	130
628	101	130
629	102	129
630	102	130
631	102	130
632	101	130
633	101	130
634	100	130
635	99	130
636	98	130
637	99	129
638	99	129
639	99	130
640	101	130
641	100	130
642	99	130
643	101	130
644	100	130
645	99	129
646	99	129
647	98	129
648	97	130
649	99	130
650	99	130
651	99	130
652	100	129
653	100	130
654	100	130
655	100	130
656	98	130
657	97	130
658	97	130
659	97	130
660	97	130
661	99	130
662	98	130
663	99	130
664	99	130
665	99	130
666	99	130
667	98	130
668	97	130
669	97	130
670	97	129
671	97	130
672	97	129
673	98	129
674	97	130
675	99	130
676	100	129
677	101	130
678	101	130
679	101	130
680	100	130
681	101	130
682	100	130
683	99	130
684	98	130
685	98	130
686	97	130
687	99	130
688	99	130
689	99	130
690	100	130
691	100	130
692	101	130
693	103	130
694	101	130
695	101	130
696	102	130
697	101	130
698	102	129
699	102	130
700	102	129
701	102	130
702	102	130
703	101	130
704	100	130
705	100	130
706	99	130
707	100	130
708	100	130
709	99	130
710	99	130
711	99	129
712	97	130
713	99	129
714	101	130
715	102	130
716	103	130
717	104	130
718	104	129
719	103	130
720	103	130
721	101	130
722	100	130
723	99	130
724	99	129
725	100	130
726	101	130
727	102	130
728	103	130
729	105	130
730	104	130
731	105	130
732	103	130
733	101	130
734	101	130
735	100	130
736	100	130
737	100	130
738	101	130
739	101	130
740	102	130
741	102	130
742	100	130
743	93	130
744	92	129
745	95	130
746	100	130
747	104	129
748	105	129
749	105	130
750	104	130
751	102	130
752	102	130
753	101	130
754	100	130
755	100	130
756	100	130
757	100	130
758	101	130
759	101	130
760	102	130
761	102	130
762	102	130
763	102	130
764	102	130
765	100	130
766	100	130
767	100	130
768	100	130
769	100	130
770	102	130
771	102	130
772	103	130
773	103	130
774	103	130
775	100	130
776	98	130
777	97	130
778	98	130
779	98	130
780	101	130
781	105	130
782	109	130
783	110	130
784	110	130
785	107	129
786	103	130
787	99	130
788	95	130
789	93	130
790	94	130
791	95	130
792	98	130
793	103	130
794	109	130
795	113	130
796	117	130
797	117	130
798	115	130
799	112	130
800	106	130
801	100	130
802	96	129
803	92	130
804	90	130
805	88	130
806	84	130
807	79	130
808	73	129
809	67	130
810	64	130
811	62	130
812	61	130
813	60	130
814	60	130
815	59	130
816	60	129
817	60	130
818	59	130
819	59	130
820	59	130
821	57	130
822	58	130
823	58	130
824	58	130
825	58	130
826	61	130
827	255	129
828	148	130
829	97	130
830	85	130
831	79	130
832	80	130
833	86	130
834	99	130
835	114	130
836	123	130
837	123	130
838	116	130
839	106	129
840	100	130
841	95	130
842	92	130
843	93	129
844	94	130
845	97	130
846	100	130
847	102	130
848	101	130
849	99	130
850	96	130
851	93	130
852	91	130
853	89	130
854	89	130
855	91	130
856	93	130
857	95	130
858	97	130
859	101	130
860	106	130
861	113	130
862	117	129
863	115	130
864	108	130
865	96	130
866	88	130
867	88	130
868	89	130
869	97	130
870	110	130
871	122	130
872	126	130
873	117	130
874	104	130
875	94	130
876	89	130
877	86	130
878	87	129
879	91	130
880	94	130
881	97	130
882	101	130
883	100	129
884	98	130
885	96	130
886	96	130
887	98	130
888	98	130
889	97	130
890	99	130
891	100	130
892	98	130
893	99	130
894	99	130
895	98	130
896	97	130
897	98	130
898	97	130
899	97	130
900	97	130
901	98	130
902	98	130
903	98	130
904	97	130
905	98	130
906	97	130
907	98	130
908	100	130
909	102	129
910	101	130
911	103	130
912	103	130
913	105	130
914	110	130
915	116	130
916	121	130
917	122	130
918	115	130
919	106	130
920	97	130
921	90	130
922	86	130
923	86	130
924	87	130
925	91	130
926	99	130
927	106	130
928	112	130
929	114	130
930	109	130
931	103	130
932	98	130
933	93	130
934	91	130
935	91	130
936	92	130
937	96	130
938	101	130
939	105	130
940	106	130
941	105	130
942	101	130
943	98	130
944	95	129
945	93	130
946	93	130
947	94	130
948	96	130
949	99	130
950	102	129
951	102	130
952	103	130
953	102	129
954	99	130
955	96	129
956	96	130
957	97	129
958	100	129
959	102	129
960	103	130
961	102	129
962	100	129
963	96	130
964	93	130
965	89	130
966	87	130
967	88	130
968	92	129
969	98	129
970	106	130
971	111	129
972	111	130
973	108	130
974	103	130
975	97	130
976	93	130
977	90	130
978	89	130
979	91	130
980	94	130
981	98	130
982	103	130
983	105	130
984	107	130
985	106	130
986	103	130
987	99	129
988	97	130
989	94	130
990	95	129
991	97	130
992	99	130
993	103	130
994	106	130
995	105	130
996	104	130
997	101	130
998	97	130
999	94	130
1000	94	130
1001	93	130
1002	96	129
1003	99	130
1004	102	130
1005	105	130
1006	105	130
1007	103	130
1008	101	130
1009	99	129
1010	96	130
1011	95	130
1012	95	130
1013	96	129
1014	99	130
1015	100	130
1016	102	130
1017	102	130
1018	100	130
1019	99	130
1020	98	130
1021	97	130
1022	98	130
1023	100	130
1024	102	130
1025	104	130
1026	105	130
1027	104	130
1028	102	130
1029	101	129
1030	100	130
1031	100	129
1032	100	130
1033	100	129
1034	100	130
1035	100	129
1036	100	130
1037	100	130
1038	100	130
1039	99	130
1040	100	130
1041	101	130
1042	102	130
1043	102	130
1044	102	129
1045	100	130
1046	99	130
1047	99	130
1048	98	130
1049	99	130
1050	100	130
1051	101	130
1052	103	129
1053	104	129
1054	103	130
1055	103	129
1056	103	130
1057	102	130
1058	101	130
1059	101	130
1060	100	130
1061	100	130
1062	101	130
1063	102	130
1064	103	130
1065	103	130
1066	102	129
1067	102	130
1068	101	130
1069	100	130
1070	100	130
1071	100	130
1072	100	129
1073	101	130
1074	101	130
1075	102	129
1076	102	130
1077	102	130
1078	100	130
1079	101	130
1080	100	130
1081	93	130
1082	89	130
1083	91	130
1084	95	130
1085	102	130
1086	108	130
1087	109	130
1088	106	130
1089	103	129
1090	100	130
1091	100	130
1092	98	130
1093	98	129
1094	99	129
1095	101	129
1096	102	130
1097	104	130
1098	103	130
1099	103	129
1100	103	130
1101	102	129
1102	100	130
1103	100	129
1104	98	130
1105	98	130
1106	98	129
1107	99	130
1108	101	130
1109	104	130
1110	105	130
1111	105	129
1112	102	129
1113	99	130
1114	98	130
1115	100	130
1116	101	130
1117	104	130
1118	106	130
1119	106	130
1120	105	129
1121	103	130
1122	100	130
1123	98	130
1124	97	130
1125	97	130
1126	99	130
1127	101	130
1128	103	130
1129	106	130
1130	107	130
1131	106	130
1132	103	130
1133	101	129
1134	101	130
1135	103	129
1136	107	130
1137	111	130
1138	116	130
1139	118	130
1140	113	130
1141	104	130
1142	95	130
1143	89	130
1144	87	130
1145	87	130
1146	89	130
1147	93	129
1148	92	130
1149	93	130
1150	96	130
1151	97	130
1152	96	130
1153	97	130
1154	95	130
1155	94	129
1156	99	129
1157	103	130
1158	107	129
1159	109	130
1160	109	129
1161	108	130
1162	108	129
1163	107	130
1164	106	130
1165	104	129
1166	101	130
1167	101	130
1168	102	130
1169	102	130
1170	105	130
1171	108	130
1172	111	129
1173	111	129
1174	109	130
1175	104	130
1176	100	130
1177	97	130
1178	95	130
1179	95	130
1180	96	130
1181	97	130
1182	100	129
1183	101	130
1184	102	129
1185	100	129
1186	99	130
1187	95	130
1188	94	130
1189	93	129
1190	92	130
1191	98	130
1192	110	130
1193	122	130
1194	126	130
1195	115	130
1196	101	130
1197	93	129
1198	88	130
1199	86	130
1200	88	129
1201	89	129
1202	94	129
1203	100	130
1204	101	130
1205	101	130
1206	100	130
1207	95	130
1208	94	130
1209	93	130
1210	95	130
1211	96	130
1212	98	130
1213	99	130
1214	99	130
1215	99	130
1216	98	130
1217	96	130
1218	96	130
1219	97	130
1220	99	130
1221	102	129
1222	102	129
1223	103	130
1224	106	130
1225	107	130
1226	111	130
1227	115	130
1228	114	130
1229	111	129
1230	105	129
1231	100	130
1232	95	130
1233	92	130
1234	90	130
1235	90	130
1236	93	130
1237	97	130
1238	103	129
1239	107	130
1240	107	129
1241	105	129
1242	102	130
1243	98	130
1244	96	130
1245	95	130
1246	94	130
1247	95	130
1248	98	130
1249	100	129
1250	102	130
1251	103	129
1252	101	130
1253	99	130
1254	98	130
1255	97	130
1256	97	130
1257	97	130
1258	99	130
1259	102	130
1260	103	130
1261	104	129
1262	104	130
1263	102	130
1264	99	130
1265	99	130
1266	97	129
1267	97	129
1268	97	130
1269	98	130
1270	99	130
1271	101	130
1272	101	130
1273	101	130
1274	101	130
1275	101	130
1276	100	130
1277	100	130
1278	99	130
1279	97	130
1280	97	130
1281	97	130
1282	98	130
1283	99	130
1284	99	129
1285	99	129
1286	99	130
1287	99	130
1288	99	130
1289	99	129
1290	97	130
1291	97	129
1292	97	130
1293	97	130
1294	98	130
1295	99	130
1296	94	130
1297	88	130
1298	78	130
1299	69	130
1300	64	130
1301	62	130
1302	59	130
1303	60	130
1304	59	130
1305	60	130
1306	60	130
1307	60	130
1308	59	130
1309	60	130
1310	59	130
1311	58	130
1312	58	130
1313	58	130
1314	58	130
1315	59	130
1316	58	129
1317	58	130
1318	60	130
1319	217	130
1320	214	130
1321	114	130
1322	88	130
1323	76	130
1324	71	130
1325	70	130
1326	72	130
1327	80	130
1328	95	130
1329	120	130
1330	141	130
1331	137	130
1332	117	130
1333	97	130
1334	84	130
1335	78	130
1336	76	130
1337	77	130
1338	81	130
1339	90	130
1340	104	130
1341	119	130
1342	126	130
1343	119	130
1344	105	130
1345	93	130
1346	86	130
1347	82	130
1348	82	130
1349	83	130
1350	89	130
1351	99	130
1352	109	130
1353	117	130
1354	118	130
1355	109	130
1356	101	130
1357	95	129
1358	91	130
1359	90	130
1360	93	130
1361	95	130
1362	102	130
1363	108	130
1364	111	129
1365	109	129
1366	105	129
1367	99	129
1368	96	129
1369	93	130
1370	93	130
1371	94	130
1372	98	130
1373	102	130
1374	107	130
1375	110	130
1376	108	130
1377	104	130
1378	99	130
1379	95	130
1380	95	130
1381	94	130
1382	96	130
1383	98	130
1384	102	130
1385	105	130
1386	107	130
1387	106	130
1388	104	130
1389	103	130
1390	100	129
1391	98	130
1392	98	130
1393	98	130
1394	99	130
1395	101	129
1396	103	129
1397	104	130
1398	105	130
1399	101	129
1400	96	129
1401	94	130
1402	94	130
1403	97	130
1404	101	130
1405	105	130
1406	109	130
1407	110	130
1408	104	129
1409	97	130
1410	93	130
1411	92	130
1412	94	130
1413	98	129
1414	103	129
1415	107	130
1416	107	130
1417	105	129
1418	101	130
1419	99	130
1420	97	130
1421	97	130
1422	99	129
1423	101	130
1424	103	130
1425	105	130
1426	105	130
1427	103	130
1428	102	130
1429	99	129
1430	97	130
1431	96	129
1432	97	129
1433	99	130
1434	104	130
1435	107	130
1436	107	130
1437	106	130
1438	104	130
1439	103	130
1440	102	129
1441	102	129
1442	101	130
1443	101	130
1444	100	130
1445	102	129
1446	102	130
1447	102	130
1448	103	130
1449	102	130
1450	101	130
1451	97	130
1452	92	130
1453	93	130
1454	97	130
1455	103	129
1456	108	130
1457	112	130
1458	109	129
1459	105	129
1460	102	130
1461	99	130
1462	97	130
1463	98	130
1464	99	130
1465	103	130
1466	111	130
1467	119	130
1468	125	130
1469	123	130
1470	108	130
1471	96	130
1472	90	129
1473	87	130
1474	87	130
1475	90	130
1476	93	130
1477	98	130
1478	100	129
1479	101	130
1480	101	130
1481	102	130
1482	101	130
1483	102	130
1484	102	130
1485	101	130
1486	101	130
1487	101	130
1488	99	130
1489	99	130
1490	98	130
1491	97	130
1492	98	130
1493	98	130
1494	99	130
1495	101	130
1496	102	129
1497	103	130
1498	103	130
1499	102	130
1500	102	129
1501	103	130
1502	104	130
1503	103	130
1504	105	130
1505	107	130
1506	111	129
1507	116	130
1508	120	129
1509	123	130
1510	121	129
1511	112	129
1512	99	130
1513	92	130
1514	88	130
1515	87	129
1516	89	130
1517	92	130
1518	96	130
1519	100	130
1520	101	130
1521	101	129
1522	100	130
1523	99	130
1524	97	130
1525	95	130
1526	94	130
1527	94	130
1528	95	130
1529	97	130
1530	103	130
1531	107	130
1532	109	130
1533	109	130
1534	109	130
1535	106	130
1536	103	130
1537	100	129
1538	98	130
1539	98	130
1540	98	129
1541	98	130
1542	100	130
1543	101	130
1544	101	130
1545	101	130
1546	101	130
1547	100	129
1548	99	129
1549	99	129
1550	99	130
1551	99	130
1552	100	130
1553	99	130
1554	99	130
1555	98	130
1556	98	130
1557	98	130
1558	99	130
1559	99	130
1560	101	130
1561	101	130
1562	101	130
1563	101	130
1564	101	130
1565	99	129
1566	99	130
1567	98	130
1568	97	130
1569	98	130
1570	100	130
1571	101	129
1572	103	130
1573	103	130
1574	102	130
1575	101	130
1576	100	130
1577	98	130
1578	99	130
1579	98	130
1580	98	130
1581	99	130
1582	100	130
1583	101	130
1584	103	130
1585	102	129
1586	101	130
1587	100	130
1588	99	130
1589	99	130
1590	99	130
1591	100	130
1592	100	130
1593	101	130
1594	100	130
1595	101	130
1596	101	130
1597	101	129
1598	100	130
1599	100	130
1600	100	130
1601	99	130
1602	98	130
1603	98	130
1604	98	130
1605	99	130
1606	100	130
1607	101	130
1608	101	130
1609	101	130
1610	101	130
1611	100	130
1612	99	130
1613	98	130
1614	97	130
1615	97	130
1616	98	130
1617	99	130
1618	98	130
1619	99	130
1620	100	130
1621	100	129
1622	101	130
1623	101	130
1624	100	130
1625	99	130
1626	99	130
1627	98	130
1628	98	130
1629	98	130
1630	97	130
1631	99	129
1632	98	130
1633	98	130
1634	98	130
1635	97	129
1636	96	130
1637	97	130
1638	97	130
1639	97	130
1640	98	129
1641	99	129
1642	99	130
1643	100	129
1644	100	130
1645	99	130
1646	99	130
1647	98	130
1648	97	130
1649	97	130
1650	97	130
1651	97	130
1652	98	130
1653	99	130
1654	100	130
1655	103	130
1656	103	130
1657	103	130
1658	103	130
1659	101	130
1660	99	129
1661	99	129
1662	97	130
1663	97	130
1664	97	129
1665	98	130
1666	99	129
1667	101	130
1668	101	130
1669	102	130
1670	102	130
1671	101	130
1672	100	129
1673	99	130
1674	97	129
1675	97	129
1676	97	130
1677	96	130
1678	96	130
1679	97	130
1680	98	130
1681	100	130
1682	101	130
1683	101	130
1684	101	130
1685	100	130
1686	99	130
1687	99	130
1688	99	130
1689	99	130
1690	101	130
1691	102	130
1692	103	130
1693	104	130
1694	104	130
1695	103	130
1696	102	129
1697	102	129
1698	101	130
1699	100	130
1700	101	130
1701	101	130
1702	100	130
1703	100	130
1704	100	130
1705	99	130
1706	99	130
1707	99	130
1708	100	130
1709	100	130
1710	100	130
1711	101	129
1712	101	130
1713	100	130
1714	102	129
1715	103	129
1716	103	130
1717	103	130
1718	103	130
1719	101	130
1720	101	130
1721	100	130
1722	100	129
1723	100	130
1724	100	130
1725	101	130
1726	103	130
1727	102	129
1728	102	130
1729	102	130
1730	102	130
1731	101	130
1732	102	129
1733	101	130
1734	100	129
1735	100	129
1736	101	130
1737	101	130
1738	101	130
1739	100	130
1740	98	130
1741	95	130
1742	95	130
1743	96	130
1744	97	130
1745	97	130
1746	101	130
1747	106	129
1748	109	130
1749	109	130
1750	105	130
1751	99	130
1752	97	130
1753	96	130
1754	96	129
1755	97	130
1756	100	130
1757	103	130
1758	105	130
1759	107	130
1760	106	129
1761	105	130
1762	102	130
1763	99	130
1764	99	130
1765	97	130
1766	94	130
1767	93	130
1768	95	130
1769	99	130
1770	105	130
1771	110	130
1772	111	130
1773	109	129
1774	106	129
1775	101	130
1776	98	129
1777	95	129
1778	95	130
1779	96	130
1780	97	129
1781	101	130
1782	105	130
1783	107	130
1784	109	130
1785	110	130
1786	103	130
1787	93	130
1788	81	130
1789	71	130
1790	64	130
1791	62	130
1792	60	130
1793	60	130
1794	59	130
1795	59	130
1796	61	130
1797	60	129
1798	59	130
1799	59	130
1800	59	130
1801	58	130
1802	59	130
1803	59	130
1804	58	130
1805	58	129
1806	58	130
1807	58	130
1808	68	130
1809	154	130
1810	138	130
1811	102	130
1812	103	130
1813	98	130
1814	98	129
1815	99	130
1816	100	130
1817	103	130
1818	104	129
1819	103	129
1820	101	130
1821	99	130
1822	95	130
1823	96	130
1824	97	130
1825	98	130
1826	99	130
1827	100	130
1828	100	130
1829	103	130
1830	105	130
1831	109	130
1832	111	130
1833	112	129
1834	110	130
1835	108	130
1836	104	130
1837	100	130
1838	97	130
1839	95	130
1840	94	130
1841	95	130
1842	95	130
1843	96	130
1844	97	130
1845	99	130
1846	100	130
1847	100	130
1848	99	130
1849	97	130
1850	95	130
1851	93	130
1852	92	130
1853	92	130
1854	93	129
1855	96	130
1856	101	130
1857	109	130
1858	124	129
1859	135	130
1860	123	130
1861	104	130
1862	91	130
1863	84	130
1864	81	130
1865	82	130
1866	86	129
1867	93	130
1868	101	130
1869	104	130
1870	99	130
1871	98	130
1872	97	130
1873	96	129
1874	95	129
1875	95	129
1876	97	130
1877	97	130
1878	98	130
1879	98	129
1880	99	129
1881	99	129
1882	99	130
1883	97	130
1884	95	130
1885	96	130
1886	100	129
1887	101	130
1888	100	130
1889	101	130
1890	101	130
1891	102	130
1892	105	130
1893	109	130
1894	115	130
1895	116	130
1896	113	130
1897	107	130
1898	102	130
1899	96	130
1900	95	129
1901	94	130
1902	94	130
1903	96	130
1904	99	130
1905	101	130
1906	104	130
1907	104	130
1908	102	130
1909	100	130
1910	98	129
1911	95	130
1912	95	129
1913	94	130
1914	94	129
1915	97	129
1916	99	130
1917	101	129
1918	103	130
1919	101	129
1920	99	129
1921	97	129
1922	96	129
1923	96	130
1924	99	129
1925	100	129
1926	101	129
1927	103	130
1928	103	130
1929	102	130
1930	102	129
1931	100	130
1932	100	130
1933	100	130
1934	99	129
1935	99	130
1936	99	130
1937	98	130
1938	99	130
1939	100	130
1940	100	130
1941	100	130
1942	99	130
1943	98	130
1944	98	130
1945	97	130
1946	97	130
1947	97	130
1948	98	130
1949	98	130
1950	100	130
1951	100	130
1952	99	130
1953	100	130
1954	99	130
1955	97	130
1956	98	130
1957	97	129
1958	95	130
1959	96	130
1960	96	130
1961	97	130
1962	98	130
1963	99	130
1964	98	129
1965	101	130
1966	103	130
1967	104	130
1968	105	130
1969	103	130
1970	100	130
1971	99	130
1972	97	130
1973	95	130
1974	96	130
1975	96	130
1976	97	130
1977	101	130
1978	103	130
1979	104	130
1980	103	130
1981	101	130
1982	99	130
1983	97	130
1984	95	130
1985	95	129
1986	96	130
1987	97	130
1988	98	130
1989	101	130
1990	101	130
1991	101	130
1992	102	129
1993	101	129
1994	100	130
1995	100	130
1996	98	129
1997	98	129
1998	99	129
1999	99	130
2000	100	130
2001	102	130
2002	101	130
2003	102	130
2004	102	130
2005	101	130
2006	101	130
2007	100	130
2008	99	130
2009	101	130
2010	102	130
2011	102	130
2012	102	130
2013	101	130
2014	99	130
2015	99	130
2016	99	130
2017	98	130
2018	99	130
2019	100	129
2020	100	130
2021	101	130
2022	101	130
2023	100	130
2024	101	130
2025	101	130
2026	101	130
2027	103	130
2028	102	130
2029	101	130
2030	102	130
2031	102	130
2032	101	130
2033	101	130
2034	100	129
2035	100	130
2036	101	130
2037	102	129
2038	102	130
2039	103	129
2040	103	130
2041	102	130
2042	103	129
2043	101	130
2044	100	130
2045	99	130
2046	98	129
2047	97	130
2048	96	130
2049	94	130
2050	94	130
2051	98	130
2052	103	129
2053	107	130
2054	111	130
2055	111	129
2056	107	130
2057	103	129
2058	98	130
2059	94	130
2060	93	130
2061	90	130
2062	92	130
2063	95	130
2064	99	130
2065	105	130
2066	110	130
2067	109	130
2068	109	130
2069	107	130
2070	103	130
2071	99	130
2072	98	130
2073	95	129
2074	96	129
2075	98	130
2076	100	130
2077	102	130
2078	103	130
2079	102	130
2080	102	130
2081	101	130
2082	100	129
2083	99	130
2084	100	130
2085	100	130
2086	103	129
2087	103	130
2088	102	130
2089	101	129
2090	100	130
2091	98	130
2092	100	130
2093	100	130
2094	101	129
2095	103	129
2096	105	129
2097	105	130
2098	105	130
2099	102	129
2100	100	130
2101	100	130
2102	101	130
2103	102	130
2104	104	130
2105	104	130
2106	104	130
2107	104	130
2108	103	130
2109	102	130
2110	101	130
2111	100	130
2112	99	130
2113	102	130
2114	105	130
2115	109	130
2116	116	130
2117	121	129
2118	119	130
2119	108	130
2120	97	129
2121	89	130
2122	86	130
2123	85	130
2124	88	130
2125	94	129
2126	97	130
2127	98	130
2128	99	129
2129	97	130
2130	95	129
2131	95	130
2132	93	129
2133	95	130
2134	97	130
2135	100	129
2136	102	130
2137	102	130
2138	101	129
2139	103	130
2140	105	130
2141	106	130
2142	108	130
2143	109	130
2144	106	130
2145	106	130
2146	106	130
2147	106	130
2148	106	130
2149	108	130
2150	107	129
2151	108	129
2152	109	130
2153	107	130
2154	105	129
2155	103	130
2156	99	130
2157	98	129
2158	96	130
2159	95	130
2160	95	130
2161	96	130
2162	95	129
2163	97	130
2164	97	130
2165	96	130
2166	97	129
2167	100	130
2168	94	129
2169	82	130
2170	85	130
2171	96	130
2172	116	130
2173	137	130
2174	134	130
2175	113	130
2176	95	130
2177	87	130
2178	85	130
2179	86	130
2180	90	130
2181	96	130
2182	99	130
2183	99	130
2184	96	129
2185	95	130
2186	95	129
2187	99	129
2188	102	130
2189	101	129
2190	98	130
2191	95	130
2192	94	129
2193	95	129
2194	97	129
2195	99	129
2196	102	130
2197	104	129
2198	103	130
2199	101	130
2200	97	129
2201	99	130
2202	105	129
2203	109	130
2204	113	129
2205	114	130
2206	110	130
2207	105	130
2208	101	130
2209	96	130
2210	93	129
2211	93	130
2212	93	129
2213	96	130
2214	99	130
2215	101	129
2216	103	130
2217	103	130
2218	101	130
2219	100	129
2220	99	130
2221	96	130
2222	96	130
2223	96	130
2224	97	130
2225	99	130
2226	102	130
2227	101	129
2228	102	130
2229	101	130
2230	100	130
2231	98	130
2232	97	130
2233	95	130
2234	97	130
2235	98	130
2236	99	130
2237	102	130
2238	103	130
2239	102	130
2240	105	130
2241	103	129
2242	101	130
2243	100	129
2244	98	130
2245	96	130
2246	98	130
2247	97	130
2248	98	130
2249	100	130
2250	101	130
2251	101	130
2252	103	130
2253	101	130
2254	100	129
2255	99	129
2256	98	130
2257	97	129
2258	99	130
2259	97	129
2260	98	129
2261	100	130
2262	100	129
2263	100	130
2264	101	130
2265	100	130
2266	99	130
2267	98	130
2268	96	130
2269	95	130
2270	93	130
2271	89	130
2272	91	130
2273	95	130
2274	99	130
2275	105	130
2276	106	130
2277	99	129
2278	88	130
2279	77	129
2280	67	130
2281	63	130
2282	61	130
2283	60	130
2284	60	130
2285	59	130
2286	59	130
2287	60	130
2288	60	130
2289	59	130
2290	61	130
2291	59	130
2292	57	130
2293	59	130
2294	58	130
2295	58	130
2296	59	130
2297	59	130
2298	57	130
2299	60	130
2300	104	130
2301	255	130
2302	116	130
2303	81	130
2304	66	130
2305	64	130
2306	62	130
2307	61	130
2308	61	130
2309	61	130
2310	61	130
2311	104	130
2312	154	130
2313	191	130
2314	149	130
2315	103	130
2316	81	130
2317	73	130
2318	69	129
2319	67	130
2320	69	130
2321	75	130
2322	89	130
2323	117	129
2324	144	130
2325	143	130
2326	119	129
2327	97	130
2328	85	129
2329	81	130
2330	76	129
2331	79	130
2332	86	129
2333	97	130
2334	113	130
2335	125	130
2336	120	130
2337	109	130
2338	100	130
2339	92	130
2340	89	129
2341	90	130
2342	91	130
2343	97	130
2344	104	130
2345	108	129
2346	111	130
2347	109	130
2348	104	130
2349	101	130
2350	97	130
2351	94	130
2352	94	130
2353	95	130
2354	97	130
2355	101	130
2356	107	130
2357	108	130
2358	108	130
2359	106	130
2360	102	130
2361	98	130
2362	97	130
2363	94	130
2364	95	130
2365	97	130
2366	99	129
2367	103	130
2368	106	130
2369	106	130
2370	107	130
2371	105	130
2372	101	130
2373	99	130
2374	98	130
2375	95	129
2376	96	130
2377	99	130
2378	100	130
2379	101	130
2380	99	130
2381	95	130
2382	99	130
2383	100	130
2384	101	130
2385	101	130
2386	103	130
2387	103	130
2388	107	130
2389	106	130
2390	105	130
2391	103	130
2392	100	130
2393	96	130
2394	98	130
2395	96	130
2396	96	130
2397	98	130
2398	99	130
2399	98	129
2400	100	129
2401	100	130
2402	102	129
2403	105	130
2404	106	130
2405	105	130
2406	105	130
2407	101	130
2408	99	129
2409	99	130
2410	98	130
2411	98	130
2412	102	130
2413	101	130
2414	103	130
2415	105	130
2416	105	130
2417	105	130
2418	105	130
2419	101	130
2420	99	130
2421	99	129
2422	97	129
2423	98	130
2424	100	130
2425	101	130
2426	103	130
2427	105	129
2428	104	130
2429	103	130
2430	100	130
2431	97	129
2432	98	130
2433	101	130
2434	99	130
2435	101	130
2436	104	130
2437	106	130
2438	106	130
2439	107	130
2440	105	130
2441	106	130
2442	108	130
2443	110	130
2444	113	129
2445	115	130
2446	112	130
2447	108	130
2448	93	129
2449	89	130
2450	88	130
2451	91	130
2452	91	130
2453	97	130
2454	103	129
2455	106	130
2456	110	130
2457	113	129
2458	112	130
2459	114	130
2460	112	130
2461	106	129
2462	101	130
2463	96	130
2464	90	130
2465	90	130
2466	90	130
2467	92	130
2468	99	130
2469	111	130
2470	128	130
2471	144	130
2472	130	130
2473	109	130
2474	96	130
2475	89	129
2476	84	130
2477	87	130
2478	89	129
2479	93	130
2480	97	130
2481	99	130
2482	97	130
2483	98	130
2484	97	130
2485	97	129
2486	97	130
2487	98	129
2488	100	130
2489	105	130
2490	105	129
2491	104	130
2492	106	130
2493	107	130
2494	108	130
2495	108	130
2496	104	130
2497	100	130
2498	99	130
2499	97	130
2500	97	130
2501	98	130
2502	99	130
2503	101	130
2504	103	130
2505	102	130
2506	102	130
2507	101	130
2508	99	130
2509	99	130
2510	101	130
2511	100	130
2512	101	130
2513	101	130
2514	100	130
2515	99	130
2516	101	129
2517	101	129
2518	102	130
2519	103	130
2520	103	130
2521	103	130
2522	104	130
2523	101	129
2524	102	130
2525	101	130
2526	101	130
2527	101	130
2528	104	130
2529	101	130
2530	102	129
2531	102	130
2532	102	130
2533	102	129
2534	103	129
2535	99	130
2536	100	130
2537	99	130
2538	99	130
2539	99	129
2540	101	130
2541	99	130
2542	102	130
2543	101	130
2544	101	130
2545	101	130
2546	100	130
2547	97	130
2548	100	130
2549	100	130
2550	99	129
2551	100	129
2552	99	130
2553	98	130
2554	101	130
2555	101	130
2556	100	130
2557	101	130
2558	101	129
2559	99	130
2560	101	130
2561	100	130
2562	99	130
2563	101	130
2564	101	130
2565	101	130
2566	102	130
2567	101	130
2568	99	130
2569	100	130
2570	99	130
2571	99	130
2572	100	130
2573	100	130
2574	99	130
2575	101	130
2576	100	129
2577	100	130
2578	101	130
2579	100	129
2580	100	130
2581	102	130
2582	99	130
2583	99	130
2584	99	130
2585	98	129
2586	98	130
2587	101	130
2588	101	130
2589	101	130
2590	101	130
2591	100	130
2592	99	130
2593	101	130
2594	99	130
2595	99	130
2596	99	129
2597	99	130
2598	98	130
2599	100	130
2600	96	129
2601	95	130
2602	95	129
2603	96	129
2604	99	130
2605	104	130
2606	103	129
2607	104	130
2608	103	129
2609	101	130
2610	98	129
2611	97	129
2612	93	130
2613	95	129
2614	95	130
2615	96	130
2616	99	130
2617	102	130
2618	102	130
2619	104	130
2620	103	130
2621	99	130
2622	97	130
2623	95	130
2624	91	130
2625	93	130
2626	94	130
2627	95	129
2628	98	130
2629	101	130
2630	101	130
2631	105	130
2632	104	130
2633	101	130
2634	99	129
2635	97	130
2636	94	130
2637	95	129
2638	93	130
2639	94	129
2640	98	129
2641	100	130
2642	102	129
2643	105	130
2644	103	130
2645	101	130
2646	99	130
2647	97	130
2648	95	130
2649	96	130
2650	96	130
2651	97	130
2652	101	130
2653	103	130
2654	104	130
2655	105	130
2656	103	130
2657	100	130
2658	100	130
2659	96	130
2660	95	130
2661	96	130
2662	96	129
2663	98	130
2664	102	130
2665	102	130
2666	103	130
2667	103	129
2668	100	130
2669	97	130
2670	97	130
2671	94	129
2672	95	130
2673	97	130
2674	97	130
2675	99	130
2676	102	130
2677	100	130
2678	102	130
2679	102	130
2680	101	130
2681	102	130
2682	103	130
2683	100	130
2684	101	130
2685	101	130
2686	102	130
2687	103	129
2688	105	130
2689	101	130
2690	102	129
2691	101	130
2692	99	130
2693	98	130
2694	99	129
2695	97	130
2696	101	130
2697	102	130
2698	102	130
2699	102	130
2700	102	130
2701	99	130
2702	101	130
2703	101	130
2704	99	130
2705	99	130
2706	99	130
2707	97	130
2708	101	130
2709	101	130
2710	102	130
2711	103	130
2712	103	130
2713	101	130
2714	102	130
2715	99	130
2716	98	130
2717	99	130
2718	100	130
2719	100	130
2720	104	129
2721	103	130
2722	103	130
2723	105	130
2724	103	129
2725	102	130
2726	103	130
2727	101	130
2728	100	129
2729	101	130
2730	101	130
2731	102	130
2732	103	130
2733	102	130
2734	102	130
2735	103	130
2736	100	130
2737	100	130
2738	100	130
2739	99	129
2740	99	130
2741	102	130
2742	101	130
2743	101	130
2744	99	129
2745	95	130
2746	95	130
2747	100	130
2748	101	130
2749	104	130
2750	105	129
2751	99	130
2752	95	130
2753	96	130
2754	97	130
2755	102	129
2756	107	130
2757	110	130
2758	112	130
2759	110	130
2760	103	130
2761	100	130
2762	96	129
2763	93	130
2764	93	130
2765	96	130
2766	98	130
2767	99	130
2768	95	130
2769	84	130
2770	74	129
2771	66	130
2772	61	129
2773	62	130
2774	60	130
2775	59	130
2776	60	130
2777	60	130
2778	58	129
2779	61	130
2780	59	130
2781	59	130
2782	59	130
2783	58	130
2784	57	130
2785	59	130
2786	57	129
2787	58	130
2788	59	130
2789	59	130
2790	122	129
2791	148	130
2792	152	130
2793	124	130
2794	107	130
2795	95	130
2796	91	130
2797	92	130
2798	91	130
2799	95	129
2800	101	130
2801	101	130
2802	97	130
2803	95	130
2804	93	130
2805	93	129
2806	93	130
2807	94	130
2808	97	129
2809	98	130
2810	96	130
2811	98	130
2812	99	130
2813	97	130
2814	100	130
2815	102	130
2816	101	130
2817	101	130
2818	102	130
2819	100	129
2820	101	130
2821	103	129
2822	105	130
2823	107	130
2824	109	130
2825	109	130
2826	111	130
2827	110	130
2828	107	130
2829	104	130
2830	101	130
2831	97	130
2832	97	129
2833	96	130
2834	96	130
2835	98	130
2836	99	130
2837	98	130
2838	99	130
2839	99	130
2840	99	130
2841	99	130
2842	101	130
2843	102	130
2844	109	130
2845	109	130
2846	105	130
2847	100	129
2848	96	130
2849	93	130
2850	93	130
2851	92	130
2852	92	130
2853	93	130
2854	92	129
2855	91	130
2856	94	130
2857	96	130
2858	96	130
2859	97	130
2860	98	129
2861	97	130
2862	98	130
2863	95	130
2864	98	130
2865	103	130
2866	103	130
2867	101	130
2868	103	130
2869	103	130
2870	105	129
2871	109	129
2872	108	130
2873	107	130
2874	108	130
2875	103	130
2876	102	130
2877	101	130
2878	99	129
2879	99	130
2880	100	130
2881	98	130
2882	100	129
2883	100	130
2884	100	129
2885	99	130
2886	99	129
2887	96	130
2888	97	130
2889	97	129
2890	97	129
2891	99	130
2892	99	129
2893	98	130
2894	99	130
2895	99	130
2896	97	129
2897	97	130
2898	96	130
2899	96	130
2900	98	130
2901	100	129
2902	101	129
2903	103	130
2904	101	130
2905	101	129
2906	101	130
2907	100	130
2908	98	129
2909	100	130
2910	100	130
2911	101	129
2912	102	130
2913	102	129
2914	99	130
2915	100	130
2916	99	130
2917	99	130
2918	99	129
2919	100	130
2920	100	129
2921	102	130
2922	100	129
2923	100	130
2924	99	130
2925	98	130
2926	97	129
2927	100	130
2928	99	130
2929	100	130
2930	100	130
2931	99	130
2932	97	130
2933	99	130
2934	98	130
2935	97	130
2936	98	130
2937	98	130
2938	97	130
2939	99	130
2940	98	129
2941	98	130
2942	98	130
2943	98	130
2944	98	129
2945	99	129
2946	97	130
2947	97	130
2948	98	130
2949	98	130
2950	99	130
2951	101	130
2952	100	130
2953	100	130
2954	101	130
2955	100	130
2956	100	130
2957	101	130
2958	99	130
2959	99	130
2960	99	130
2961	98	130
2962	99	130
2963	100	130
2964	99	130
2965	101	130
2966	102	130
2967	100	130
2968	99	130
2969	98	130
2970	96	130
2971	97	129
2972	98	130
2973	98	130
2974	99	130
2975	100	130
2976	99	130
2977	100	130
2978	100	130
2979	98	130
2980	99	130
2981	98	130
2982	98	129
2983	99	130
2984	99	130
2985	99	130
2986	101	130
2987	102	130
2988	102	130
2989	101	130
2990	100	130
2991	97	130
2992	98	130
2993	99	130
2994	100	130
2995	101	130
2996	103	130
2997	102	130
2998	103	130
2999	101	130
3000	100	130
3001	100	130
3002	99	129
3003	99	130
3004	102	130
3005	102	130
3006	101	130
3007	102	130
3008	101	130
3009	99	129
3010	101	130
3011	99	130
3012	98	129
3013	98	130
3014	98	130
3015	97	129
3016	100	129
3017	99	130
3018	100	129
3019	101	130
3020	101	129
3021	101	130
3022	104	130
3023	103	130
3024	103	130
3025	103	129
3026	103	130
3027	102	130
3028	104	130
3029	102	130
3030	101	130
3031	102	130
3032	101	130
3033	101	130
3034	103	130
3035	102	130
3036	102	130
3037	102	130
3038	101	129
3039	101	130
3040	101	130
3041	100	130
3042	100	130
3043	102	130
3044	101	129
3045	100	130
3046	96	130
3047	92	129
3048	93	130
3049	97	130
3050	100	130
3051	105	130
3052	109	130
3053	109	130
3054	107	130
3055	104	130
3056	99	129
3057	96	130
3058	94	130
3059	94	129
3060	97	130
3061	100	130
3062	102	130
3063	106	129
3064	105	129
3065	105	130
3066	105	130
3067	105	130
3068	102	130
3069	101	130
3070	100	130
3071	99	130
3072	99	130
3073	100	130
3074	99	129
3075	102	130
3076	101	130
3077	101	130
3078	98	130
3079	95	130
3080	97	130
3081	104	130
3082	108	130
3083	110	130
3084	111	130
3085	107	130
3086	101	129
3087	99	130
3088	95	130
3089	93	129
3090	94	130
3091	96	130
3092	100	130
3093	106	130
3094	109	129
3095	111	130
3096	111	129
3097	107	130
3098	104	130
3099	103	130
3100	100	130
3101	102	130
3102	107	130
3103	110	129
3104	112	130
3105	109	130
3106	103	130
3107	98	130
3108	94	130
3109	91	130
3110	90	130
3111	89	129
3112	88	130
3113	92	130
3114	95	130
3115	96	130
3116	97	130
3117	98	130
3118	94	130
3119	93	130
3120	94	129
3121	95	130
3122	98	130
3123	99	129
3124	98	130
3125	101	130
3126	102	130
3127	103	130
3128	105	130
3129	108	130
3130	111	130
3131	113	129
3132	114	130
3133	113	130
3134	113	130
3135	110	130
3136	107	130
3137	105	130
3138	102	129
3139	99	129
3140	100	130
3141	100	130
3142	100	130
3143	101	130
3144	101	130
3145	99	130
3146	99	130
3147	97	130
3148	96	129
3149	95	129
3150	94	130
3151	93	130
3152	95	130
3153	94	130
3154	97	130
3155	101	130
3156	103	130
3157	97	130
3158	96	130
3159	103	130
3160	110	130
3161	112	130
3162	112	129
3163	107	130
3164	103	130
3165	97	129
3166	92	129
3167	91	130
3168	91	130
3169	92	130
3170	95	130
3171	96	130
3172	98	130
3173	100	130
3174	99	130
3175	98	130
3176	99	130
3177	97	130
3178	95	129
3179	97	130
3180	98	130
3181	96	130
3182	97	130
3183	96	130
3184	96	129
3185	98	130
3186	98	130
3187	98	130
3188	101	130
3189	101	130
3190	101	130
3191	103	130
3192	104	130
3193	105	130
3194	108	130
3195	111	130
3196	113	129
3197	113	130
3198	109	130
3199	105	130
3200	101	130
3201	97	130
3202	94	130
3203	95	129
3204	95	130
3205	96	130
3206	99	130
3207	101	130
3208	102	130
3209	104	130
3210	102	130
3211	100	130
3212	98	130
3213	96	129
3214	95	130
3215	96	129
3216	97	130
3217	98	130
3218	100	130
3219	101	130
3220	101	130
3221	101	130
3222	98	129
3223	97	130
3224	98	129
3225	98	130
3226	99	130
3227	102	129
3228	103	130
3229	102	130
3230	103	129
3231	102	130
3232	101	130
3233	102	130
3234	100	130
3235	98	130
3236	99	129
3237	98	130
3238	98	130
3239	100	130
3240	100	130
3241	101	130
3242	102	130
3243	101	130
3244	100	130
3245	99	129
3246	96	130
3247	95	130
3248	97	130
3249	97	130
3250	97	129
3251	98	130
3252	98	130
3253	97	130
3254	99	130
3255	98	130
3256	98	130
3257	96	130
3258	90	130
3259	81	130
3260	73	130
3261	65	130
3262	62	130
3263	61	129
3264	60	130
3265	60	130
3266	61	130
3267	59	130
3268	60	130
3269	60	129
3270	59	130
3271	59	130
3272	59	129
3273	58	130
3274	59	130
3275	58	130
3276	57	129
3277	58	130
3278	57	129
3279	57	130
3280	63	130
3281	255	130
3282	192	130
3283	87	130
3284	71	130
3285	63	130
3286	63	130
3287	62	130
3288	61	130
3289	61	130
3290	62	130
3291	81	130
3292	124	129
3293	177	129
3294	169	130
3295	123	129
3296	92	129
3297	77	130
3298	72	129
3299	69	129
3300	68	130
3301	73	129
3302	83	130
3303	102	129
3304	132	129
3305	146	130
3306	129	130
3307	107	130
3308	91	130
3309	83	129
3310	80	130
3311	79	130
3312	82	130
3313	90	130
3314	103	130
3315	117	130
3316	124	130
3317	119	130
3318	106	130
3319	96	130
3320	89	130
3321	86	130
3322	87	130
3323	89	130
3324	97	130
3325	107	130
3326	113	130
3327	114	130
3328	110	130
3329	103	130
3330	96	130
3331	93	130
3332	92	130
3333	93	130
3334	96	129
3335	100	130
3336	103	130
3337	106	130
3338	107	130
3339	106	130
3340	103	130
3341	99	129
3342	97	130
3343	97	130
3344	96	130
3345	97	130
3346	101	130
3347	103	130
3348	105	130
3349	107	130
3350	106	129
3351	103	129
3352	101	129
3353	100	129
3354	98	130
3355	99	130
3356	100	130
3357	101	129
3358	103	130
3359	105	130
3360	105	130
3361	105	130
3362	102	130
3363	95	130
3364	93	130
3365	93	130
3366	96	129
3367	98	130
3368	100	130
3369	104	130
3370	108	130
3371	109	130
3372	107	130
3373	102	130
3374	98	130
3375	94	130
3376	93	130
3377	94	130
3378	95	130
3379	99	130
3380	103	130
3381	106	130
3382	107	130
3383	104	130
3384	100	130
3385	97	130
3386	96	130
3387	96	130
3388	98	130
3389	100	130
3390	103	130
3391	106	130
3392	107	130
3393	106	130
3394	106	130
3395	103	129
3396	100	130
3397	99	130
3398	99	130
3399	99	129
3400	101	130
3401	102	130
3402	103	129
3403	104	129
3404	104	130
3405	103	130
3406	102	129
3407	101	130
3408	100	130
3409	100	130
3410	99	129
3411	100	130
3412	101	130
3413	101	130
3414	103	130
3415	104	130
3416	105	129
3417	103	130
3418	102	129
3419	101	129
3420	100	130
3421	101	130
3422	102	130
3423	102	130
3424	99	130
3425	92	129
3426	95	130
3427	103	130
3428	116	129
3429	128	130
3430	131	130
3431	102	130
3432	97	130
3433	94	129
3434	95	130
3435	99	130
3436	102	130
3437	106	130
3438	106	130
3439	104	130
3440	99	130
3441	95	129
3442	93	129
3443	92	130
3444	93	130
3445	95	129
3446	97	129
3447	97	129
3448	99	130
3449	100	130
3450	99	129
3451	98	129
3452	99	129
3453	102	130
3454	107	130
3455	113	130
3456	119	130
3457	121	130
3458	114	130
3459	105	130
3460	97	130
3461	91	130
3462	88	130
3463	90	130
3464	94	130
3465	101	129
3466	107	129
3467	110	130
3468	108	130
3469	104	130
3470	100	130
3471	97	129
3472	95	130
3473	97	130
3474	99	130
3475	101	130
3476	103	130
3477	103	130
3478	104	130
3479	102	130
3480	101	130
3481	99	130
3482	99	130
3483	100	130
3484	103	130
3485	104	130
3486	105	130
3487	105	130
3488	104	130
3489	103	130
3490	103	130
3491	101	130
3492	101	130
3493	100	130
3494	100	130
3495	100	130
3496	101	130
3497	102	130
3498	102	130
3499	101	130
3500	100	130
3501	99	130
3502	98	130
3503	99	130
3504	98	130
3505	99	130
3506	99	130
3507	101	130
3508	101	130
3509	100	130
3510	100	130
3511	99	130
3512	99	129
3513	99	130
3514	99	130
3515	100	130
3516	101	129
3517	101	130
3518	101	129
3519	99	130
3520	98	130
3521	97	130
3522	97	130
3523	99	130
3524	102	130
3525	103	130
3526	102	130
3527	102	130
3528	101	130
3529	100	130
3530	100	130
3531	100	130
3532	99	130
3533	100	129
3534	100	130
3535	101	130
3536	101	130
3537	103	129
3538	101	130
3539	100	130
3540	99	130
3541	99	130
3542	97	130
3543	99	130
3544	98	130
3545	99	130
3546	100	130
3547	100	130
3548	99	130
3549	99	130
3550	98	130
3551	99	130
3552	99	129
3553	99	130
3554	100	130
3555	101	130
3556	99	130
3557	100	130
3558	101	130
3559	100	130
3560	101	130
3561	102	130
3562	100	130
3563	101	130
3564	100	130
3565	100	129
3566	100	130
3567	100	130
3568	99	129
3569	100	129
3570	99	130
3571	99	130
3572	99	130
3573	100	129
3574	99	129
3575	101	129
3576	100	129
3577	99	129
3578	99	129
3579	98	130
3580	98	130
3581	98	129
3582	98	130
3583	98	130
3584	99	129
3585	99	129
3586	99	130
3587	98	129
3588	99	130
3589	98	129
3590	98	130
3591	98	130
3592	98	130
3593	98	130
3594	99	129
3595	98	130
3596	98	130
3597	98	130
3598	98	130
3599	97	130
3600	99	130
3601	97	130
3602	98	130
3603	100	130
3604	99	130
3605	99	130
3606	99	130
3607	98	130
3608	97	130
3609	98	130
3610	97	129
3611	98	130
3612	98	129
3613	99	129
3614	98	130
3615	99	130
3616	99	130
3617	99	130
3618	100	130
3619	101	130
3620	99	130
3621	101	130
3622	100	130
3623	101	130
3624	101	130
3625	100	130
3626	99	130
3627	99	130
3628	97	130
3629	96	130
3630	97	130
3631	97	130
3632	98	130
3633	101	130
3634	102	130
3635	102	130
3636	102	130
3637	101	130
3638	99	130
3639	98	129
3640	98	130
3641	97	130
3642	97	130
3643	98	130
3644	98	129
3645	99	130
3646	101	130
3647	101	129
3648	102	130
3649	102	130
3650	102	130
3651	100	130
3652	100	130
3653	99	130
3654	97	129
3655	98	129
3656	99	129
3657	101	130
3658	104	130
3659	105	130
3660	104	130
3661	102	130
3662	100	129
3663	98	130
3664	97	130
3665	99	130
3666	99	130
3667	101	130
3668	103	130
3669	103	130
3670	102	130
3671	99	130
3672	99	130
3673	98	130
3674	98	130
3675	99	130
3676	100	130
3677	102	130
3678	104	130
3679	103	130
3680	103	130
3681	102	130
3682	101	130
3683	100	130
3684	100	129
3685	100	129
3686	100	130
3687	101	130
3688	102	130
3689	102	129
3690	103	130
3691	104	130
3692	103	130
3693	103	130
3694	102	130
3695	102	130
3696	102	130
3697	102	130
3698	101	129
3699	101	130
3700	101	129
3701	101	129
3702	102	130
3703	102	130
3704	97	130
3705	93	129
3706	95	130
3707	98	130
3708	103	130
3709	104	130
3710	105	130
3711	105	129
3712	104	130
3713	104	129
3714	103	130
3715	101	130
3716	97	130
3717	94	130
3718	94	129
3719	96	129
3720	99	130
3721	104	130
3722	107	130
3723	108	130
3724	104	130
3725	101	130
3726	98	130
3727	97	129
3728	98	130
3729	99	130
3730	100	130
3731	100	129
3732	102	129
3733	101	130
3734	97	130
3735	97	129
3736	100	130
3737	105	129
3738	108	129
3739	110	130
3740	109	129
3741	105	129
3742	101	129
3743	98	129
3744	96	129
3745	95	130
3746	97	130
3747	98	130
3748	95	130
3749	89	130
3750	79	130
3751	70	130
3752	64	130
3753	62	130
3754	61	130
3755	60	130
3756	59	129
3757	60	130
3758	60	130
3759	59	130
3760	60	130
3761	59	130
3762	59	130
3763	59	130
3764	58	130
3765	58	130
3766	58	130
3767	57	130
3768	57	130
3769	58	130
3770	61	130
3771	255	130
3772	202	130
3773	100	129
3774	70	130
3775	65	129
3776	62	130
3777	61	130
3778	61	130
3779	61	129
3780	64	130
3781	102	130
3782	150	130
3783	134	130
3784	110	130
3785	96	130
3786	91	130
3787	89	130
3788	91	130
3789	94	130
3790	97	130
3791	99	130
3792	100	130
3793	98	130
3794	95	130
3795	94	130
3796	94	130
3797	95	130
3798	99	130
3799	104	130
3800	108	130
3801	112	130
3802	113	129
3803	113	130
3804	112	130
3805	109	129
3806	106	130
3807	104	130
3808	101	130
3809	99	129
3810	97	129
3811	95	130
3812	95	130
3813	95	130
3814	95	130
3815	96	130
3816	97	130
3817	97	130
3818	98	130
3819	97	130
3820	97	130
3821	95	130
3822	94	130
3823	94	130
3824	97	130
3825	105	130
3826	111	130
3827	113	130
3828	106	130
3829	107	130
3830	106	130
3831	103	130
3832	99	130
3833	96	130
3834	94	130
3835	93	129
3836	92	129
3837	92	130
3838	91	129
3839	92	129
3840	94	129
3841	97	129
3842	98	130
3843	98	129
3844	98	129
3845	99	129
3846	97	130
3847	95	130
3848	94	130
3849	95	129
3850	97	130
3851	100	130
3852	101	130
3853	102	130
3854	102	130
3855	105	130
3856	109	130
3857	109	130
3858	109	130
3859	110	130
3860	107	130
3861	104	130
3862	101	130
3863	98	130
3864	96	129
3865	95	130
3866	95	130
3867	96	129
3868	98	129
3869	99	129
3870	101	130
3871	102	130
3872	103	130
3873	102	130
3874	101	129
3875	99	130
3876	96	130
3877	95	130
3878	95	130
3879	95	130
3880	96	130
3881	97	130
3882	99	130
3883	101	129
3884	101	130
3885	101	130
3886	101	130
3887	101	129
3888	100	129
3889	99	130
3890	99	129
3891	99	130
3892	99	129
3893	99	130
3894	100	130
3895	100	130
3896	101	130
3897	101	130
3898	102	130
3899	101	130
3900	101	130
3901	100	129
3902	100	130
3903	99	130
3904	99	130
3905	100	130
3906	99	130
3907	100	130
3908	99	130
3909	100	129
3910	99	130
3911	99	129
3912	99	130
3913	99	130
3914	98	130
3915	98	130
3916	98	130
3917	97	130
3918	97	130
3919	96	130
3920	95	130
3921	95	130
3922	96	130
3923	98	130
3924	101	130
3925	103	130
3926	104	130
3927	103	130
3928	101	130
3929	99	130
3930	96	130
3931	95	130
3932	95	130
3933	95	130
3934	97	130
3935	99	130
3936	102	130
3937	104	129
3938	105	130
3939	105	129
3940	103	130
3941	100	130
3942	97	130
3943	96	130
3944	95	130
3945	95	130
3946	95	130
3947	97	130
3948	98	130
3949	101	130
3950	101	130
3951	102	130
3952	101	130
3953	100	130
3954	98	130
3955	97	130
3956	96	130
3957	95	130
3958	96	129
3959	96	130
3960	98	130
3961	100	130
3962	101	130
3963	102	130
3964	102	130
3965	101	130
3966	100	130
3967	99	129
3968	98	130
3969	98	130
3970	98	130
3971	99	130
3972	100	130
3973	102	130
3974	103	130
3975	102	130
3976	102	130
3977	101	130
3978	99	130
3979	98	130
3980	98	129
3981	99	130
3982	99	129
3983	100	129
3984	101	129
3985	102	130
3986	102	129
3987	102	129
3988	102	130
3989	101	130
3990	101	130
3991	100	130
3992	100	130
3993	101	130
3994	102	130
3995	101	130
3996	101	130
3997	101	130
3998	100	130
3999	100	130
4000	99	130
4001	99	130
4002	100	129
4003	100	130
4004	101	130
4005	102	130
4006	103	130
4007	103	130
4008	103	130
4009	103	130
4010	102	130
4011	101	129
4012	100	130
4013	99	130
4014	99	130
4015	100	130
4016	101	130
4017	101	130
4018	102	130
4019	102	130
4020	103	130
4021	102	130
4022	99	130
4023	94	130
4024	92	130
4025	93	130
4026	96	129
4027	101	130
4028	106	130
4029	107	130
4030	105	130
4031	103	130
4032	102	130
4033	101	130
4034	100	130
4035	100	130
4036	100	130
4037	101	129
4038	101	130
4039	102	130
4040	102	130
4041	102	130
4042	102	130
4043	102	130
4044	101	130
4045	100	130
4046	100	130
4047	99	130
4048	99	130
4049	99	130
4050	100	130
4051	101	130
4052	101	129
4053	102	130
4054	102	130
4055	102	130
4056	102	130
4057	100	130
4058	98	130
4059	97	130
4060	98	130
4061	100	130
4062	103	130
4063	105	130
4064	106	130
4065	105	130
4066	103	130
4067	101	130
4068	99	129
4069	99	130
4070	99	130
4071	100	130
4072	101	130
4073	103	130
4074	104	130
4075	105	130
4076	104	130
4077	103	130
4078	103	130
4079	103	130
4080	104	130
4081	107	130
4082	112	130
4083	116	129
4084	115	130
4085	107	130
4086	97	130
4087	90	129
4088	87	130
4089	87	129
4090	87	130
4091	89	130
4092	91	130
4093	93	130
4094	94	130
4095	95	129
