
TIME STEP:
125 = 0.2ms

VOLTAGE STEP:
CH1:  32 = 0.15V
CH2:  32 = 5V
GND	58	128
N	CH1	CH2

0	82	130
1	81	130
2	81	130
3	81	130
4	81	130
5	81	130
6	81	129
7	81	130
8	81	129
9	81	130
10	81	130
11	81	130
12	81	130
13	80	130
14	81	130
15	82	130
16	82	130
17	81	130
18	81	130
19	81	130
20	81	130
21	82	130
22	81	130
23	81	130
24	81	130
25	80	130
26	80	129
27	79	129
28	78	130
29	78	130
30	77	130
31	77	129
32	79	130
33	80	129
34	81	130
35	86	130
36	76	130
37	71	130
38	70	129
39	70	130
40	71	129
41	75	129
42	81	130
43	88	130
44	96	130
45	102	130
46	101	130
47	98	130
48	89	130
49	78	130
50	73	130
51	69	130
52	67	130
53	68	129
54	67	130
55	68	129
56	70	130
57	75	130
58	81	130
59	90	129
60	90	130
61	88	130
62	85	129
63	81	130
64	79	130
65	79	130
66	76	130
67	74	130
68	71	130
69	69	130
70	67	130
71	66	130
72	63	130
73	63	130
74	63	129
75	63	129
76	63	130
77	63	130
78	62	130
79	63	130
80	62	130
81	62	130
82	62	130
83	61	130
84	60	130
85	62	130
86	61	130
87	61	130
88	61	130
89	61	130
90	61	130
91	62	130
92	61	130
93	61	130
94	61	130
95	61	130
96	62	130
97	63	130
98	61	130
99	65	130
100	255	130
101	219	130
102	107	130
103	79	130
104	68	130
105	66	130
106	65	130
107	64	130
108	63	130
109	63	130
110	62	130
111	63	130
112	63	130
113	62	130
114	62	130
115	62	130
116	60	129
117	63	130
118	63	129
119	64	130
120	136	130
121	145	130
122	154	129
123	112	130
124	89	130
125	75	130
126	69	130
127	67	130
128	65	130
129	65	130
130	63	130
131	63	130
132	63	129
133	63	130
134	63	130
135	65	130
136	64	130
137	70	130
138	92	129
139	118	130
140	127	130
141	121	130
142	102	130
143	86	130
144	77	130
145	71	129
146	68	130
147	67	129
148	65	130
149	65	130
150	65	130
151	64	130
152	65	130
153	65	130
154	66	129
155	79	130
156	90	130
157	103	130
158	113	130
159	112	130
160	101	129
161	90	130
162	81	130
163	74	129
164	70	130
165	68	129
166	67	130
167	67	130
168	66	129
169	65	129
170	66	130
171	68	130
172	72	129
173	81	130
174	90	130
175	98	130
176	104	130
177	103	130
178	95	130
179	87	130
180	79	130
181	74	129
182	71	130
183	69	129
184	68	130
185	67	130
186	67	130
187	67	130
188	70	130
189	74	130
190	79	130
191	86	130
192	93	130
193	99	130
194	101	130
195	96	130
196	89	130
197	82	130
198	77	130
199	73	130
200	71	130
201	69	129
202	69	130
203	69	130
204	69	130
205	72	130
206	75	129
207	78	130
208	84	130
209	90	129
210	95	130
211	96	130
212	93	130
213	85	130
214	80	130
215	76	130
216	74	130
217	73	130
218	72	130
219	71	130
220	73	130
221	73	130
222	75	129
223	78	130
224	82	130
225	84	129
226	88	130
227	90	130
228	89	130
229	87	130
230	84	130
231	80	130
232	78	130
233	76	130
234	75	130
235	74	130
236	74	129
237	74	130
238	76	130
239	77	130
240	79	130
241	82	130
242	85	130
243	87	130
244	89	130
245	85	130
246	81	130
247	78	130
248	76	130
249	75	130
250	75	130
251	74	130
252	76	130
253	77	130
254	79	130
255	81	130
256	83	130
257	83	130
258	85	130
259	85	130
260	83	130
261	81	130
262	79	130
263	77	130
264	77	130
265	76	130
266	75	130
267	75	130
268	76	130
269	77	130
270	79	130
271	80	130
272	82	130
273	85	130
274	86	130
275	86	130
276	87	130
277	84	130
278	83	130
279	81	130
280	79	130
281	78	130
282	78	130
283	76	130
284	75	130
285	76	130
286	76	130
287	77	130
288	78	130
289	78	130
290	80	130
291	81	130
292	81	130
293	81	130
294	81	130
295	82	129
296	83	130
297	78	130
298	75	130
299	76	130
300	77	130
301	80	130
302	85	130
303	89	130
304	91	130
305	92	130
306	91	130
307	87	130
308	83	130
309	79	130
310	75	130
311	74	130
312	73	129
313	72	129
314	73	130
315	74	130
316	75	129
317	77	129
318	80	130
319	83	130
320	86	130
321	86	130
322	85	130
323	85	130
324	83	130
325	82	130
326	81	130
327	79	130
328	79	130
329	79	130
330	79	130
331	80	130
332	82	130
333	82	130
334	83	129
335	85	130
336	85	129
337	84	130
338	83	129
339	81	130
340	80	130
341	79	130
342	78	130
343	77	130
344	78	130
345	78	130
346	79	130
347	81	130
348	81	130
349	82	130
350	84	130
351	84	130
352	85	130
353	85	130
354	83	130
355	82	130
356	81	130
357	80	130
358	80	130
359	80	130
360	80	130
361	81	130
362	82	130
363	82	130
364	83	130
365	82	130
366	82	130
367	83	130
368	83	130
369	82	129
370	81	130
371	80	129
372	79	130
373	79	130
374	78	130
375	78	129
376	77	129
377	78	130
378	79	130
379	81	130
380	82	130
381	84	130
382	86	130
383	87	130
384	87	130
385	87	129
386	83	130
387	81	130
388	79	130
389	77	130
390	76	130
391	76	130
392	75	130
393	77	130
394	78	130
395	80	129
396	82	129
397	84	130
398	85	129
399	86	130
400	86	130
401	84	130
402	83	129
403	81	130
404	78	130
405	78	129
406	78	130
407	77	130
408	77	130
409	78	129
410	78	130
411	79	129
412	79	130
413	79	130
414	80	130
415	81	130
416	83	130
417	85	130
418	85	130
419	85	130
420	85	130
421	84	130
422	83	130
423	82	129
424	80	130
425	78	129
426	77	130
427	77	130
428	77	129
429	77	129
430	78	129
431	79	129
432	81	130
433	82	130
434	83	129
435	84	130
436	83	129
437	83	129
438	83	130
439	81	129
440	79	130
441	79	130
442	77	129
443	77	130
444	77	130
445	77	130
446	77	130
447	79	130
448	80	130
449	81	130
450	82	129
451	83	129
452	83	130
453	84	130
454	83	130
455	83	130
456	82	130
457	80	130
458	79	130
459	78	130
460	78	130
461	79	130
462	79	130
463	79	130
464	80	130
465	81	130
466	82	130
467	83	130
468	83	130
469	82	130
470	82	130
471	81	130
472	80	130
473	79	129
474	78	130
475	77	130
476	77	129
477	78	130
478	78	129
479	79	129
480	79	130
481	80	130
482	81	130
483	82	130
484	83	130
485	83	130
486	83	130
487	83	130
488	82	129
489	80	130
490	79	130
491	79	130
492	78	129
493	78	129
494	79	130
495	78	129
496	79	130
497	79	130
498	80	130
499	81	130
500	83	130
501	82	130
502	83	130
503	83	130
504	82	130
505	81	130
506	81	130
507	79	130
508	80	130
509	80	130
510	80	130
511	80	130
512	80	130
513	80	130
514	81	130
515	83	130
516	83	129
517	83	130
518	83	130
519	82	130
520	82	130
521	80	130
522	79	130
523	78	130
524	77	130
525	76	130
526	77	130
527	76	130
528	75	129
529	76	130
530	76	130
531	77	130
532	80	130
533	80	130
534	81	130
535	83	130
536	84	130
537	85	130
538	86	130
539	86	130
540	85	130
541	85	130
542	84	130
543	84	130
544	84	130
545	83	130
546	83	130
547	81	130
548	76	130
549	74	130
550	74	130
551	74	130
552	77	130
553	79	130
554	80	130
555	82	130
556	82	130
557	79	130
558	72	130
559	67	130
560	65	130
561	64	130
562	63	130
563	63	130
564	63	130
565	63	130
566	62	129
567	62	130
568	63	130
569	62	129
570	63	129
571	62	130
572	62	130
573	62	130
574	61	129
575	61	129
576	61	130
577	61	130
578	61	130
579	62	130
580	62	129
581	61	129
582	61	130
583	61	129
584	61	130
585	62	129
586	65	130
587	68	130
588	65	129
589	65	130
590	67	130
591	123	130
592	93	130
593	103	130
594	123	130
595	126	130
596	117	130
597	102	130
598	88	130
599	78	129
600	73	130
601	70	130
602	69	130
603	69	130
604	67	130
605	67	130
606	68	130
607	70	130
608	77	129
609	85	130
610	89	130
611	85	130
612	83	130
613	84	130
614	86	130
615	86	130
616	85	129
617	85	130
618	83	129
619	81	130
620	79	129
621	77	129
622	75	130
623	75	130
624	76	130
625	76	130
626	77	130
627	78	129
628	80	130
629	83	130
630	84	130
631	86	130
632	87	130
633	87	130
634	85	130
635	85	130
636	82	130
637	79	130
638	78	130
639	77	130
640	76	130
641	77	130
642	76	130
643	76	130
644	77	130
645	78	130
646	79	130
647	81	130
648	82	130
649	83	130
650	83	130
651	82	130
652	81	130
653	80	130
654	78	129
655	78	129
656	78	129
657	77	130
658	78	129
659	78	130
660	76	130
661	76	130
662	77	130
663	80	130
664	82	130
665	85	130
666	87	130
667	89	130
668	89	130
669	87	130
670	84	130
671	81	130
672	79	130
673	78	130
674	76	130
675	74	130
676	74	130
677	74	130
678	75	129
679	77	129
680	79	130
681	80	130
682	82	130
683	84	130
684	85	130
685	85	130
686	84	130
687	83	130
688	82	130
689	80	130
690	79	130
691	77	130
692	76	130
693	75	129
694	76	129
695	76	130
696	77	130
697	79	129
698	79	130
699	81	130
700	83	130
701	84	130
702	84	130
703	84	130
704	83	130
705	82	130
706	81	130
707	79	130
708	78	130
709	77	130
710	77	130
711	77	130
712	78	130
713	78	130
714	79	130
715	80	130
716	82	130
717	83	130
718	84	129
719	84	130
720	84	130
721	83	130
722	82	130
723	81	130
724	79	129
725	77	130
726	78	129
727	77	130
728	77	130
729	77	129
730	78	130
731	78	130
732	80	130
733	82	130
734	82	130
735	83	130
736	83	129
737	82	130
738	83	129
739	81	129
740	80	130
741	79	130
742	78	130
743	77	130
744	78	129
745	77	130
746	77	130
747	77	130
748	78	130
749	79	130
750	81	130
751	81	130
752	81	130
753	81	130
754	82	130
755	81	130
756	81	130
757	80	130
758	79	130
759	79	130
760	79	130
761	78	130
762	79	130
763	78	130
764	79	129
765	80	130
766	80	130
767	81	130
768	81	130
769	81	130
770	81	130
771	82	130
772	81	130
773	81	130
774	81	130
775	80	130
776	80	130
777	79	130
778	79	130
779	79	130
780	79	130
781	79	130
782	79	130
783	79	130
784	79	130
785	80	130
786	81	130
787	81	130
788	82	129
789	82	130
790	82	130
791	81	129
792	81	130
793	80	130
794	79	130
795	79	130
796	78	130
797	78	130
798	78	129
799	78	130
800	79	129
801	79	130
802	78	129
803	81	130
804	81	130
805	81	130
806	81	130
807	81	130
808	80	130
809	80	130
810	79	129
811	79	130
812	79	130
813	79	130
814	78	129
815	79	130
816	79	130
817	79	130
818	80	130
819	81	130
820	81	130
821	83	130
822	81	130
823	81	130
824	81	130
825	81	130
826	81	130
827	81	130
828	79	130
829	79	130
830	79	129
831	78	130
832	79	129
833	79	130
834	78	130
835	79	130
836	80	130
837	80	130
838	79	130
839	79	129
840	79	130
841	81	130
842	81	130
843	82	130
844	82	130
845	82	129
846	81	130
847	82	130
848	81	130
849	81	130
850	81	130
851	80	130
852	81	130
853	81	130
854	81	130
855	81	130
856	82	130
857	82	130
858	83	130
859	83	130
860	83	130
861	82	130
862	82	130
863	81	130
864	81	130
865	81	130
866	81	129
867	82	130
868	83	130
869	80	129
870	77	130
871	77	129
872	77	129
873	80	130
874	81	130
875	79	130
876	78	129
877	80	130
878	81	130
879	83	130
880	86	130
881	87	130
882	87	130
883	85	130
884	83	130
885	82	130
886	80	130
887	79	130
888	78	130
889	78	129
890	78	130
891	80	130
892	82	130
893	83	130
894	85	130
895	87	130
896	88	130
897	89	130
898	89	130
899	86	130
900	84	130
901	83	130
902	81	129
903	79	130
904	78	130
905	77	130
906	78	130
907	78	129
908	79	130
909	80	130
910	81	130
911	81	129
912	84	130
913	85	130
914	86	130
915	87	129
916	89	130
917	90	129
918	93	130
919	93	130
920	91	130
921	88	130
922	85	130
923	81	130
924	79	130
925	77	130
926	75	130
927	75	130
928	76	130
929	77	130
930	79	130
931	80	130
932	82	130
933	83	129
934	83	130
935	83	130
936	84	130
937	82	130
938	81	130
939	81	130
940	79	130
941	78	129
942	78	130
943	77	129
944	77	130
945	78	130
946	78	130
947	78	129
948	79	130
949	79	130
950	81	129
951	81	130
952	80	130
953	80	130
954	80	130
955	79	130
956	79	130
957	78	130
958	77	130
959	79	130
960	80	130
961	82	130
962	85	130
963	87	130
964	88	130
965	89	130
966	89	130
967	87	129
968	86	130
969	84	130
970	82	130
971	81	130
972	81	130
973	81	130
974	81	129
975	81	130
976	82	130
977	83	130
978	83	130
979	83	130
980	83	130
981	82	130
982	81	130
983	82	130
984	81	130
985	80	130
986	81	130
987	80	130
988	80	130
989	82	130
990	83	130
991	84	129
992	84	130
993	84	130
994	83	130
995	83	130
996	82	129
997	82	130
998	81	130
999	80	130
1000	79	130
1001	79	130
1002	78	130
1003	79	130
1004	79	130
1005	80	130
1006	81	130
1007	82	130
1008	81	130
1009	81	130
1010	81	130
1011	81	130
1012	81	130
1013	81	129
1014	80	130
1015	80	130
1016	80	130
1017	80	130
1018	80	130
1019	80	130
1020	79	129
1021	81	130
1022	81	130
1023	81	130
1024	81	130
1025	81	130
1026	80	130
1027	81	130
1028	81	129
1029	81	130
1030	81	129
1031	82	130
1032	81	130
1033	82	130
1034	81	130
1035	81	129
1036	82	130
1037	82	130
1038	81	130
1039	82	130
1040	81	130
1041	81	129
1042	81	130
1043	80	130
1044	80	130
1045	81	130
1046	81	130
1047	80	130
1048	78	130
1049	75	130
1050	71	130
1051	69	129
1052	65	130
1053	64	129
1054	64	130
1055	63	129
1056	63	130
1057	63	130
1058	61	129
1059	62	130
1060	63	130
1061	62	130
1062	62	130
1063	62	130
1064	61	130
1065	61	130
1066	61	130
1067	61	130
1068	61	130
1069	61	130
1070	61	130
1071	62	130
1072	62	130
1073	61	130
1074	62	130
1075	61	130
1076	62	130
1077	62	130
1078	62	130
1079	61	130
1080	63	129
1081	134	130
1082	221	130
1083	130	130
1084	94	130
1085	77	129
1086	71	129
1087	68	130
1088	66	129
1089	65	130
1090	65	130
1091	64	130
1092	65	130
1093	65	130
1094	67	130
1095	79	130
1096	89	130
1097	102	130
1098	113	130
1099	111	130
1100	101	130
1101	90	130
1102	81	130
1103	74	130
1104	72	130
1105	69	130
1106	68	130
1107	68	130
1108	68	129
1109	69	130
1110	72	130
1111	75	130
1112	81	130
1113	88	130
1114	95	130
1115	99	130
1116	100	130
1117	94	130
1118	88	130
1119	82	129
1120	78	130
1121	74	130
1122	73	130
1123	71	129
1124	71	130
1125	71	130
1126	72	129
1127	74	129
1128	78	130
1129	81	129
1130	87	130
1131	91	130
1132	93	130
1133	93	130
1134	89	130
1135	84	130
1136	81	129
1137	78	130
1138	76	130
1139	74	130
1140	73	130
1141	72	130
1142	73	130
1143	74	130
1144	75	130
1145	78	130
1146	82	130
1147	85	130
1148	89	130
1149	90	129
1150	89	130
1151	88	130
1152	85	130
1153	82	130
1154	80	129
1155	77	130
1156	75	130
1157	75	130
1158	75	130
1159	75	130
1160	77	130
1161	79	130
1162	82	130
1163	85	130
1164	87	130
1165	88	130
1166	88	130
1167	86	129
1168	83	130
1169	81	129
1170	78	130
1171	75	130
1172	74	130
1173	73	130
1174	73	130
1175	74	129
1176	76	129
1177	79	130
1178	83	129
1179	87	130
1180	90	130
1181	93	129
1182	93	129
1183	91	129
1184	87	129
1185	83	130
1186	79	130
1187	77	130
1188	73	130
1189	72	130
1190	72	130
1191	71	130
1192	72	130
1193	75	130
1194	77	130
1195	80	130
1196	83	130
1197	79	130
1198	79	130
1199	81	130
1200	83	130
1201	87	130
1202	85	130
1203	80	130
1204	76	129
1205	72	130
1206	70	130
1207	73	130
1208	79	130
1209	77	129
1210	75	130
1211	77	130
1212	81	130
1213	89	130
1214	90	130
1215	92	129
1216	93	130
1217	86	130
1218	81	130
1219	80	130
1220	78	130
1221	77	130
1222	77	130
1223	77	130
1224	77	129
1225	80	130
1226	81	130
1227	82	130
1228	84	130
1229	85	129
1230	85	130
1231	85	130
1232	81	129
1233	78	130
1234	77	130
1235	76	130
1236	77	130
1237	78	130
1238	78	130
1239	79	130
1240	81	129
1241	81	130
1242	82	130
1243	83	130
1244	82	130
1245	82	130
1246	82	130
1247	81	130
1248	80	129
1249	79	129
1250	78	130
1251	77	130
1252	78	130
1253	78	130
1254	78	130
1255	79	129
1256	80	130
1257	81	130
1258	83	130
1259	83	130
1260	84	130
1261	84	130
1262	83	130
1263	83	130
1264	82	130
1265	79	130
1266	79	130
1267	78	130
1268	77	130
1269	78	130
1270	78	129
1271	78	130
1272	79	129
1273	81	129
1274	82	129
1275	83	130
1276	83	130
1277	83	130
1278	83	130
1279	83	130
1280	82	130
1281	81	130
1282	80	130
1283	80	130
1284	81	129
1285	82	129
1286	82	130
1287	79	130
1288	71	130
1289	69	130
1290	70	130
1291	71	129
1292	73	130
1293	77	130
1294	81	130
1295	87	130
1296	92	130
1297	94	129
1298	93	130
1299	90	130
1300	86	130
1301	81	130
1302	79	130
1303	75	130
1304	73	130
1305	72	130
1306	72	130
1307	72	130
1308	74	130
1309	76	130
1310	79	130
1311	84	130
1312	88	130
1313	91	130
1314	92	130
1315	89	130
1316	87	129
1317	83	130
1318	79	130
1319	76	130
1320	74	130
1321	71	130
1322	71	130
1323	72	130
1324	72	130
1325	73	130
1326	76	130
1327	78	130
1328	82	130
1329	86	130
1330	89	130
1331	90	130
1332	89	130
1333	87	130
1334	84	130
1335	81	130
1336	78	130
1337	76	130
1338	75	130
1339	74	130
1340	75	130
1341	75	130
1342	76	130
1343	78	130
1344	81	130
1345	84	130
1346	87	130
1347	88	130
1348	88	130
1349	87	130
1350	85	130
1351	82	129
1352	79	130
1353	77	129
1354	75	130
1355	75	130
1356	74	130
1357	74	130
1358	75	130
1359	75	130
1360	77	130
1361	81	130
1362	83	130
1363	86	130
1364	88	130
1365	88	130
1366	87	130
1367	85	130
1368	82	129
1369	80	130
1370	78	129
1371	75	130
1372	75	130
1373	75	130
1374	73	130
1375	74	130
1376	75	130
1377	76	129
1378	79	130
1379	82	130
1380	83	130
1381	85	130
1382	86	130
1383	86	130
1384	86	130
1385	85	130
1386	81	130
1387	80	130
1388	78	130
1389	77	129
1390	76	130
1391	76	130
1392	75	130
1393	76	130
1394	77	130
1395	79	130
1396	81	130
1397	83	130
1398	84	130
1399	87	130
1400	87	130
1401	87	130
1402	85	130
1403	83	130
1404	80	130
1405	79	130
1406	75	129
1407	73	130
1408	72	130
1409	72	129
1410	72	130
1411	75	130
1412	77	130
1413	79	130
1414	83	130
1415	86	129
1416	88	129
1417	89	129
1418	86	129
1419	83	130
1420	79	130
1421	77	130
1422	74	129
1423	73	130
1424	72	130
1425	73	130
1426	74	130
1427	76	129
1428	79	130
1429	83	130
1430	86	130
1431	91	130
1432	93	130
1433	91	130
1434	87	130
1435	83	129
1436	80	130
1437	78	130
1438	77	130
1439	75	130
1440	73	130
1441	70	130
1442	68	130
1443	68	130
1444	69	130
1445	72	130
1446	77	130
1447	84	130
1448	91	129
1449	97	129
1450	96	130
1451	90	130
1452	83	129
1453	79	130
1454	76	130
1455	74	130
1456	73	129
1457	72	130
1458	72	130
1459	73	130
1460	75	129
1461	78	130
1462	82	129
1463	85	130
1464	89	130
1465	91	130
1466	90	130
1467	88	130
1468	84	130
1469	79	130
1470	77	130
1471	75	129
1472	73	129
1473	72	129
1474	73	130
1475	72	130
1476	75	130
1477	77	130
1478	80	129
1479	83	130
1480	87	130
1481	89	129
1482	90	130
1483	87	130
1484	85	130
1485	82	130
1486	79	130
1487	77	130
1488	76	130
1489	74	130
1490	73	130
1491	74	130
1492	75	130
1493	76	129
1494	79	130
1495	80	130
1496	82	130
1497	84	130
1498	86	130
1499	86	130
1500	85	130
1501	82	130
1502	81	130
1503	79	129
1504	77	130
1505	76	130
1506	75	130
1507	74	130
1508	75	130
1509	76	130
1510	77	129
1511	79	130
1512	81	130
1513	82	130
1514	84	130
1515	85	130
1516	85	130
1517	84	130
1518	83	130
1519	81	130
1520	80	129
1521	78	130
1522	76	130
1523	76	130
1524	76	129
1525	75	130
1526	77	129
1527	77	130
1528	77	130
1529	80	130
1530	81	130
1531	83	130
1532	85	129
1533	86	129
1534	86	130
1535	85	130
1536	83	130
1537	82	130
1538	79	130
1539	75	130
1540	71	130
1541	69	130
1542	66	130
1543	65	130
1544	64	130
1545	62	130
1546	62	130
1547	62	129
1548	63	130
1549	63	130
1550	62	130
1551	62	129
1552	62	129
1553	62	129
1554	61	130
1555	61	130
1556	61	130
1557	61	130
1558	62	130
1559	62	129
1560	61	130
1561	61	130
1562	61	130
1563	62	130
1564	62	130
1565	63	130
1566	61	130
1567	62	130
1568	62	130
1569	62	130
1570	62	130
1571	64	129
1572	255	130
1573	255	130
1574	144	130
1575	87	130
1576	71	130
1577	66	130
1578	63	130
1579	64	130
1580	63	130
1581	63	130
1582	62	130
1583	62	130
1584	61	129
1585	62	130
1586	62	130
1587	62	130
1588	62	130
1589	61	130
1590	61	130
1591	63	130
1592	62	130
1593	73	130
1594	173	129
1595	163	130
1596	133	130
1597	96	129
1598	77	130
1599	69	130
1600	67	130
1601	66	130
1602	64	130
1603	65	130
1604	63	130
1605	63	130
1606	63	129
1607	64	130
1608	65	130
1609	73	130
1610	101	130
1611	123	129
1612	127	130
1613	109	130
1614	91	130
1615	80	130
1616	73	130
1617	70	130
1618	69	130
1619	67	130
1620	67	129
1621	68	130
1622	68	130
1623	73	130
1624	79	130
1625	85	129
1626	93	130
1627	97	130
1628	95	130
1629	91	130
1630	85	130
1631	80	130
1632	76	130
1633	74	130
1634	73	130
1635	73	130
1636	73	129
1637	73	130
1638	76	130
1639	80	129
1640	84	130
1641	89	130
1642	92	130
1643	91	130
1644	90	130
1645	88	130
1646	84	130
1647	81	130
1648	80	130
1649	77	130
1650	78	130
1651	77	130
1652	78	130
1653	80	130
1654	81	130
1655	82	129
1656	85	130
1657	86	130
1658	86	130
1659	86	130
1660	84	130
1661	81	130
1662	82	130
1663	80	130
1664	78	129
1665	78	130
1666	78	130
1667	77	130
1668	80	130
1669	79	130
1670	80	130
1671	82	130
1672	83	130
1673	84	130
1674	86	130
1675	84	130
1676	83	129
1677	83	130
1678	81	129
1679	80	130
1680	80	130
1681	77	130
1682	77	130
1683	78	129
1684	77	130
1685	78	130
1686	79	130
1687	79	130
1688	81	130
1689	83	130
1690	83	129
1691	83	130
1692	83	130
1693	82	130
1694	83	130
1695	82	130
1696	81	130
1697	80	129
1698	80	130
1699	79	130
1700	79	130
1701	79	130
1702	79	130
1703	80	130
1704	80	130
1705	80	130
1706	81	130
1707	80	130
1708	79	130
1709	80	130
1710	80	130
1711	79	130
1712	81	130
1713	80	130
1714	79	130
1715	81	130
1716	81	130
1717	81	130
1718	82	130
1719	82	130
1720	81	130
1721	81	130
1722	80	129
1723	79	130
1724	79	129
1725	78	130
1726	78	130
1727	80	130
1728	80	130
1729	81	130
1730	82	130
1731	82	130
1732	82	130
1733	84	130
1734	83	130
1735	83	130
1736	82	130
1737	81	130
1738	80	130
1739	80	130
1740	79	129
1741	79	130
1742	79	129
1743	79	130
1744	79	130
1745	81	130
1746	80	130
1747	81	130
1748	82	130
1749	83	130
1750	83	130
1751	84	130
1752	82	130
1753	81	130
1754	81	130
1755	80	130
1756	79	130
1757	80	130
1758	78	130
1759	79	130
1760	79	130
1761	79	130
1762	79	130
1763	80	130
1764	79	130
1765	82	130
1766	82	130
1767	82	129
1768	82	130
1769	82	130
1770	79	130
1771	81	130
1772	80	130
1773	79	130
1774	79	129
1775	79	130
1776	78	130
1777	80	130
1778	80	130
1779	80	130
1780	81	129
1781	82	130
1782	83	130
1783	84	130
1784	83	129
1785	82	130
1786	82	130
1787	81	130
1788	80	130
1789	81	130
1790	79	130
1791	78	130
1792	79	130
1793	79	130
1794	79	130
1795	81	129
1796	81	129
1797	81	130
1798	82	130
1799	82	130
1800	82	130
1801	82	130
1802	81	130
1803	80	130
1804	81	130
1805	79	129
1806	79	130
1807	78	130
1808	77	129
1809	78	130
1810	79	130
1811	79	130
1812	81	130
1813	82	130
1814	83	130
1815	83	130
1816	85	129
1817	84	130
1818	85	130
1819	84	130
1820	83	130
1821	81	130
1822	81	129
1823	78	130
1824	77	129
1825	77	130
1826	76	129
1827	76	129
1828	77	130
1829	76	130
1830	77	130
1831	78	130
1832	79	129
1833	80	130
1834	81	130
1835	81	130
1836	83	130
1837	84	130
1838	85	130
1839	88	130
1840	90	130
1841	83	130
1842	75	130
1843	73	130
1844	71	130
1845	71	130
1846	71	130
1847	71	130
1848	74	130
1849	76	129
1850	78	130
1851	83	130
1852	89	130
1853	92	130
1854	95	130
1855	93	129
1856	89	130
1857	85	130
1858	79	129
1859	75	129
1860	74	130
1861	71	130
1862	70	129
1863	71	130
1864	72	130
1865	74	130
1866	78	130
1867	81	130
1868	86	129
1869	91	130
1870	93	130
1871	93	130
1872	90	130
1873	85	130
1874	81	130
1875	78	129
1876	75	129
1877	73	130
1878	72	130
1879	71	130
1880	73	130
1881	75	130
1882	77	130
1883	80	130
1884	84	130
1885	86	130
1886	89	130
1887	89	130
1888	86	130
1889	83	130
1890	79	130
1891	76	130
1892	74	130
1893	72	130
1894	70	130
1895	71	130
1896	71	130
1897	72	130
1898	76	130
1899	79	130
1900	83	130
1901	89	130
1902	94	130
1903	97	130
1904	97	130
1905	95	130
1906	88	130
1907	85	130
1908	80	130
1909	77	130
1910	74	130
1911	72	130
1912	69	130
1913	69	130
1914	67	129
1915	67	129
1916	68	129
1917	70	130
1918	75	130
1919	84	130
1920	88	130
1921	91	130
1922	96	129
1923	97	130
1924	93	130
1925	90	130
1926	83	130
1927	79	130
1928	76	130
1929	73	130
1930	71	130
1931	72	129
1932	69	129
1933	71	130
1934	72	129
1935	74	130
1936	78	130
1937	84	130
1938	85	130
1939	89	130
1940	91	130
1941	89	130
1942	87	130
1943	84	129
1944	78	130
1945	77	129
1946	75	130
1947	73	130
1948	73	130
1949	73	130
1950	72	130
1951	77	130
1952	79	130
1953	81	130
1954	85	130
1955	88	130
1956	88	130
1957	90	130
1958	85	129
1959	81	130
1960	79	130
1961	77	130
1962	75	130
1963	76	130
1964	75	130
1965	75	130
1966	77	129
1967	78	130
1968	79	130
1969	82	130
1970	82	129
1971	83	130
1972	85	130
1973	85	129
1974	83	130
1975	83	130
1976	81	130
1977	78	130
1978	79	130
1979	77	129
1980	76	130
1981	77	129
1982	77	129
1983	77	129
1984	79	130
1985	79	129
1986	81	129
1987	83	129
1988	83	130
1989	83	130
1990	85	130
1991	82	130
1992	81	130
1993	80	130
1994	77	129
1995	75	130
1996	76	130
1997	75	130
1998	76	130
1999	77	130
2000	78	130
2001	79	130
2002	82	130
2003	82	130
2004	84	130
2005	85	129
2006	84	129
2007	83	130
2008	83	129
2009	79	130
2010	79	130
2011	78	130
2012	77	130
2013	77	130
2014	79	130
2015	76	130
2016	78	130
2017	79	130
2018	80	130
2019	82	130
2020	84	130
2021	82	130
2022	85	130
2023	84	130
2024	83	130
2025	82	130
2026	81	130
2027	77	130
2028	79	130
2029	77	130
2030	73	130
2031	71	130
2032	68	130
2033	64	129
2034	66	130
2035	63	130
2036	63	130
2037	63	130
2038	63	129
2039	62	130
2040	65	129
2041	62	129
2042	62	129
2043	62	130
2044	61	130
2045	62	130
2046	64	130
2047	61	130
2048	61	130
2049	62	130
2050	61	130
2051	61	130
2052	64	130
2053	61	129
2054	62	129
2055	62	130
2056	61	130
2057	62	130
2058	62	130
2059	60	130
2060	62	130
2061	63	130
2062	67	129
2063	249	130
2064	223	129
2065	113	129
2066	79	130
2067	69	129
2068	65	130
2069	64	130
2070	63	130
2071	62	130
2072	62	130
2073	63	130
2074	61	130
2075	62	130
2076	62	130
2077	62	130
2078	62	130
2079	62	130
2080	60	130
2081	62	130
2082	62	130
2083	64	130
2084	137	130
2085	167	130
2086	171	130
2087	118	129
2088	90	130
2089	74	130
2090	69	130
2091	68	130
2092	64	130
2093	65	129
2094	63	130
2095	63	130
2096	63	130
2097	63	130
2098	61	130
2099	64	129
2100	63	130
2101	63	130
2102	68	130
2103	95	130
2104	134	130
2105	138	130
2106	121	130
2107	97	130
2108	82	130
2109	73	129
2110	67	130
2111	68	130
2112	65	130
2113	65	130
2114	65	129
2115	64	129
2116	63	129
2117	66	130
2118	65	130
2119	72	130
2120	89	130
2121	107	130
2122	121	130
2123	123	129
2124	107	130
2125	92	130
2126	82	130
2127	74	130
2128	71	130
2129	70	130
2130	67	130
2131	67	130
2132	67	130
2133	67	130
2134	68	130
2135	74	129
2136	80	130
2137	91	130
2138	102	130
2139	108	129
2140	107	129
2141	99	130
2142	89	130
2143	83	130
2144	79	130
2145	75	130
2146	75	129
2147	75	130
2148	76	129
2149	79	130
2150	83	130
2151	86	130
2152	89	130
2153	89	129
2154	87	130
2155	83	130
2156	81	130
2157	77	130
2158	77	130
2159	75	130
2160	75	130
2161	76	130
2162	78	130
2163	77	130
2164	80	129
2165	81	130
2166	82	129
2167	83	130
2168	85	130
2169	82	130
2170	83	130
2171	81	129
2172	80	130
2173	80	130
2174	80	130
2175	77	130
2176	79	130
2177	78	129
2178	77	130
2179	78	130
2180	78	130
2181	77	130
2182	81	130
2183	81	130
2184	81	130
2185	83	130
2186	85	130
2187	85	130
2188	89	129
2189	89	130
2190	87	130
2191	81	130
2192	78	130
2193	76	130
2194	80	130
2195	79	130
2196	80	130
2197	83	130
2198	83	130
2199	84	130
2200	87	130
2201	84	129
2202	83	130
2203	83	129
2204	81	129
2205	81	129
2206	81	130
2207	78	129
2208	78	130
2209	79	130
2210	78	130
2211	79	129
2212	81	130
2213	81	129
2214	84	130
2215	86	130
2216	85	130
2217	87	130
2218	87	130
2219	85	129
2220	85	129
2221	85	130
2222	81	130
2223	81	130
2224	81	130
2225	79	130
2226	79	130
2227	79	130
2228	78	130
2229	79	130
2230	80	130
2231	80	130
2232	81	130
2233	82	130
2234	81	130
2235	82	130
2236	82	129
2237	81	130
2238	81	130
2239	81	130
2240	78	130
2241	79	130
2242	78	130
2243	78	130
2244	78	129
2245	80	130
2246	78	130
2247	80	130
2248	80	130
2249	81	130
2250	82	130
2251	83	130
2252	81	129
2253	83	130
2254	81	129
2255	81	130
2256	81	130
2257	80	130
2258	77	130
2259	80	130
2260	79	130
2261	79	130
2262	80	130
2263	81	130
2264	80	130
2265	83	130
2266	83	130
2267	83	129
2268	83	130
2269	83	130
2270	81	130
2271	84	129
2272	81	130
2273	81	130
2274	81	130
2275	81	130
2276	80	130
2277	83	129
2278	80	130
2279	80	130
2280	80	130
2281	80	130
2282	79	130
2283	81	130
2284	79	130
2285	80	130
2286	81	130
2287	82	130
2288	83	130
2289	84	130
2290	82	130
2291	83	130
2292	83	130
2293	81	130
2294	81	130
2295	80	130
2296	78	129
2297	79	130
2298	80	130
2299	78	130
2300	79	130
2301	80	130
2302	79	130
2303	80	130
2304	82	130
2305	81	130
2306	83	130
2307	82	130
2308	81	130
2309	82	130
2310	82	130
2311	79	130
2312	81	130
2313	80	130
2314	79	130
2315	81	130
2316	81	129
2317	79	130
2318	81	130
2319	81	130
2320	81	130
2321	81	130
2322	82	129
2323	81	130
2324	83	130
2325	81	130
2326	81	130
2327	82	130
2328	82	130
2329	80	130
2330	82	130
2331	80	130
2332	80	130
2333	80	130
2334	79	130
2335	77	130
2336	81	130
2337	79	130
2338	80	130
2339	81	130
2340	81	130
2341	79	130
2342	82	130
2343	81	129
2344	81	130
2345	81	129
2346	81	130
2347	80	130
2348	82	130
2349	79	129
2350	80	130
2351	81	130
2352	80	130
2353	80	130
2354	83	129
2355	80	130
2356	81	130
2357	81	130
2358	81	130
2359	81	130
2360	83	130
2361	81	130
2362	82	129
2363	82	130
2364	81	130
2365	81	130
2366	82	130
2367	79	129
2368	81	130
2369	81	130
2370	80	130
2371	81	130
2372	81	129
2373	79	130
2374	81	130
2375	82	130
2376	81	130
2377	81	130
2378	81	130
2379	79	129
2380	80	130
2381	80	130
2382	78	129
2383	79	129
2384	79	130
2385	78	129
2386	79	130
2387	79	129
2388	77	129
2389	79	130
2390	80	129
2391	80	130
2392	83	129
2393	83	130
2394	82	130
2395	85	130
2396	85	130
2397	85	130
2398	86	129
2399	85	129
2400	83	130
2401	84	130
2402	82	130
2403	81	130
2404	80	130
2405	79	130
2406	76	130
2407	78	129
2408	76	130
2409	75	129
2410	75	130
2411	75	130
2412	74	130
2413	79	130
2414	79	130
2415	81	130
2416	84	130
2417	86	130
2418	86	130
2419	89	130
2420	87	130
2421	88	129
2422	87	130
2423	84	130
2424	73	130
2425	72	130
2426	69	130
2427	71	130
2428	72	130
2429	69	130
2430	68	130
2431	70	129
2432	72	130
2433	81	129
2434	94	130
2435	100	130
2436	89	130
2437	89	130
2438	85	130
2439	86	130
2440	84	129
2441	82	130
2442	80	130
2443	79	130
2444	75	129
2445	77	130
2446	76	129
2447	76	130
2448	77	129
2449	78	130
2450	77	130
2451	82	129
2452	83	130
2453	85	129
2454	86	130
2455	86	129
2456	84	129
2457	84	130
2458	81	130
2459	78	130
2460	77	130
2461	76	129
2462	75	130
2463	77	130
2464	75	130
2465	75	130
2466	77	130
2467	78	130
2468	79	130
2469	83	129
2470	83	130
2471	84	130
2472	85	130
2473	85	130
2474	84	130
2475	84	130
2476	81	130
2477	81	130
2478	81	130
2479	78	130
2480	78	130
2481	78	130
2482	77	130
2483	78	129
2484	81	130
2485	80	130
2486	81	130
2487	82	129
2488	82	130
2489	82	130
2490	84	130
2491	82	130
2492	82	130
2493	81	130
2494	80	130
2495	79	130
2496	79	130
2497	77	130
2498	78	130
2499	78	130
2500	78	130
2501	79	130
2502	80	129
2503	79	130
2504	81	130
2505	82	130
2506	82	129
2507	83	130
2508	84	130
2509	81	130
2510	82	130
2511	81	129
2512	80	130
2513	79	130
2514	80	130
2515	78	130
2516	80	129
2517	79	130
2518	80	130
2519	80	130
2520	78	129
2521	74	129
2522	73	130
2523	69	130
2524	65	130
2525	65	130
2526	63	129
2527	61	130
2528	64	129
2529	61	130
2530	63	130
2531	63	130
2532	62	130
2533	62	129
2534	64	130
2535	61	129
2536	61	130
2537	62	130
2538	61	130
2539	61	130
2540	64	129
2541	61	130
2542	61	129
2543	62	130
2544	61	130
2545	62	129
2546	63	129
2547	60	130
2548	62	130
2549	62	130
2550	61	130
2551	62	130
2552	63	130
2553	65	130
2554	255	130
2555	218	130
2556	112	130
2557	80	130
2558	69	130
2559	63	130
2560	64	130
2561	64	130
2562	62	130
2563	63	130
2564	63	130
2565	61	130
2566	63	130
2567	62	130
2568	61	130
2569	62	130
2570	62	130
2571	62	130
2572	63	130
2573	62	130
2574	62	130
2575	89	130
2576	177	130
2577	165	130
2578	121	130
2579	89	130
2580	73	129
2581	69	129
2582	66	130
2583	65	130
2584	65	130
2585	64	130
2586	63	130
2587	64	130
2588	62	130
2589	63	129
2590	63	130
2591	62	130
2592	61	130
2593	66	130
2594	84	130
2595	126	130
2596	141	130
2597	134	129
2598	107	130
2599	89	130
2600	75	130
2601	69	129
2602	67	130
2603	65	130
2604	63	130
2605	65	129
2606	62	130
2607	63	130
2608	63	130
2609	63	130
2610	63	130
2611	66	130
2612	67	130
2613	89	130
2614	112	130
2615	126	130
2616	123	129
2617	106	130
2618	87	130
2619	77	130
2620	71	130
2621	68	130
2622	67	130
2623	67	130
2624	64	130
2625	65	130
2626	65	130
2627	64	130
2628	66	130
2629	69	130
2630	81	130
2631	93	130
2632	107	130
2633	114	130
2634	109	130
2635	95	129
2636	82	130
2637	76	130
2638	73	130
2639	69	130
2640	68	130
2641	67	129
2642	66	129
2643	67	130
2644	68	130
2645	68	130
2646	75	130
2647	80	129
2648	88	130
2649	97	129
2650	102	130
2651	99	129
2652	95	130
2653	87	130
2654	80	130
2655	77	130
2656	73	130
2657	69	129
2658	70	130
2659	69	130
2660	69	130
2661	70	130
2662	72	129
2663	75	130
2664	81	130
2665	87	130
2666	92	130
2667	96	130
2668	94	129
2669	87	130
2670	84	130
2671	79	129
2672	75	130
2673	73	130
2674	71	130
2675	69	130
2676	72	130
2677	73	130
2678	75	130
2679	79	130
2680	83	130
2681	87	129
2682	93	129
2683	91	129
2684	82	130
2685	79	130
2686	77	130
2687	76	130
2688	77	129
2689	75	130
2690	76	130
2691	78	130
2692	78	129
2693	80	130
2694	83	130
2695	82	129
2696	82	130
2697	82	130
2698	81	130
2699	80	129
2700	81	129
2701	78	129
2702	77	130
2703	78	130
2704	78	130
2705	78	130
2706	81	130
2707	81	129
2708	85	130
2709	84	130
2710	77	130
2711	76	130
2712	75	130
2713	73	130
2714	76	130
2715	79	130
2716	79	130
2717	82	130
2718	84	130
2719	84	130
2720	86	130
2721	86	130
2722	83	130
2723	81	130
2724	79	130
2725	76	130
2726	76	130
2727	76	130
2728	74	130
2729	76	130
2730	78	130
2731	80	130
2732	83	130
2733	85	130
2734	84	130
2735	84	130
2736	81	130
2737	79	130
2738	79	130
2739	79	130
2740	77	130
2741	79	129
2742	78	129
2743	79	130
2744	79	130
2745	80	129
2746	80	130
2747	82	130
2748	81	130
2749	81	130
2750	81	130
2751	80	130
2752	78	130
2753	80	130
2754	79	130
2755	79	130
2756	79	129
2757	79	130
2758	78	130
2759	80	130
2760	80	130
2761	81	130
2762	82	130
2763	82	130
2764	83	130
2765	84	130
2766	82	130
2767	82	130
2768	82	130
2769	81	130
2770	80	130
2771	81	130
2772	78	130
2773	79	129
2774	79	130
2775	78	130
2776	79	130
2777	80	129
2778	80	130
2779	81	130
2780	82	130
2781	81	130
2782	82	129
2783	83	130
2784	81	130
2785	82	130
2786	82	130
2787	80	130
2788	81	129
2789	80	130
2790	78	130
2791	81	130
2792	82	130
2793	82	130
2794	84	130
2795	85	130
2796	85	130
2797	87	129
2798	87	129
2799	84	130
2800	76	130
2801	72	129
2802	71	130
2803	73	130
2804	73	130
2805	73	130
2806	77	129
2807	81	129
2808	85	130
2809	90	130
2810	92	130
2811	90	130
2812	89	130
2813	85	129
2814	81	129
2815	79	129
2816	77	130
2817	74	130
2818	75	130
2819	73	130
2820	74	130
2821	75	130
2822	77	130
2823	79	130
2824	85	130
2825	87	130
2826	89	130
2827	90	130
2828	89	130
2829	85	130
2830	85	129
2831	82	130
2832	79	130
2833	77	130
2834	76	130
2835	74	130
2836	76	130
2837	76	130
2838	77	130
2839	79	130
2840	81	130
2841	81	130
2842	84	130
2843	84	130
2844	85	130
2845	86	130
2846	85	129
2847	83	129
2848	83	129
2849	80	130
2850	77	130
2851	77	130
2852	76	130
2853	76	130
2854	78	129
2855	77	130
2856	78	130
2857	80	130
2858	82	130
2859	84	130
2860	86	130
2861	86	129
2862	86	129
2863	86	130
2864	84	130
2865	81	129
2866	79	130
2867	76	130
2868	75	130
2869	76	130
2870	75	129
2871	75	129
2872	77	129
2873	78	130
2874	80	130
2875	84	130
2876	86	130
2877	87	130
2878	87	130
2879	86	130
2880	83	130
2881	82	130
2882	79	130
2883	77	130
2884	77	130
2885	76	130
2886	75	129
2887	77	130
2888	76	130
2889	77	130
2890	79	130
2891	81	130
2892	82	130
2893	85	130
2894	84	130
2895	83	130
2896	84	130
2897	83	130
2898	82	130
2899	82	130
2900	80	130
2901	78	130
2902	79	130
2903	79	130
2904	80	130
2905	81	130
2906	81	130
2907	80	130
2908	80	130
2909	79	129
2910	79	130
2911	80	130
2912	80	130
2913	82	130
2914	85	130
2915	85	130
2916	85	129
2917	85	129
2918	82	129
2919	81	130
2920	81	129
2921	79	130
2922	78	130
2923	77	130
2924	76	130
2925	77	130
2926	78	129
2927	77	130
2928	79	130
2929	81	130
2930	81	130
2931	83	130
2932	84	130
2933	82	129
2934	82	130
2935	82	130
2936	81	130
2937	80	130
2938	81	130
2939	79	130
2940	79	130
2941	79	129
2942	79	130
2943	79	130
2944	81	130
2945	80	130
2946	82	130
2947	82	129
2948	82	130
2949	82	130
2950	81	130
2951	80	130
2952	81	130
2953	81	130
2954	79	130
2955	79	130
2956	79	130
2957	77	130
2958	79	130
2959	79	130
2960	79	130
2961	80	130
2962	81	130
2963	80	130
2964	81	130
2965	81	130
2966	81	130
2967	81	130
2968	81	130
2969	80	130
2970	81	130
2971	80	129
2972	78	130
2973	79	130
2974	79	130
2975	79	130
2976	80	130
2977	80	130
2978	80	130
2979	81	129
2980	82	129
2981	82	130
2982	83	130
2983	83	130
2984	83	130
2985	83	130
2986	82	130
2987	81	130
2988	81	130
2989	79	130
2990	79	130
2991	80	130
2992	80	130
2993	80	130
2994	80	130
2995	80	130
2996	80	130
2997	81	130
2998	80	130
2999	80	130
3000	79	130
3001	79	129
3002	77	130
3003	77	130
3004	75	130
3005	76	130
3006	77	130
3007	78	130
3008	81	130
3009	84	130
3010	84	130
3011	84	130
3012	81	130
3013	75	130
3014	70	130
3015	67	130
3016	64	130
3017	63	130
3018	63	130
3019	63	130
3020	63	130
3021	63	130
3022	63	130
3023	63	130
3024	63	130
3025	62	130
3026	62	129
3027	61	130
3028	60	130
3029	61	130
3030	62	130
3031	61	130
3032	61	130
3033	61	129
3034	60	130
3035	61	129
3036	62	130
3037	61	129
3038	62	129
3039	62	130
3040	60	130
3041	61	130
3042	61	130
3043	61	130
3044	64	130
3045	206	129
3046	129	130
3047	138	130
3048	104	130
3049	89	129
3050	78	129
3051	72	130
3052	69	130
3053	69	130
3054	67	130
3055	65	130
3056	65	130
3057	66	130
3058	67	130
3059	70	130
3060	79	130
3061	87	130
3062	96	130
3063	105	129
3064	105	130
3065	98	130
3066	89	129
3067	82	129
3068	76	130
3069	73	130
3070	70	130
3071	69	130
3072	68	129
3073	68	130
3074	69	130
3075	71	130
3076	74	130
3077	79	129
3078	85	130
3079	91	129
3080	96	130
3081	98	130
3082	95	130
3083	89	129
3084	83	129
3085	77	130
3086	74	129
3087	72	130
3088	71	130
3089	70	129
3090	71	130
3091	71	130
3092	73	130
3093	75	130
3094	79	130
3095	83	130
3096	88	130
3097	91	130
3098	93	130
3099	91	130
3100	87	130
3101	83	130
3102	80	130
3103	77	129
3104	75	130
3105	73	130
3106	73	130
3107	72	129
3108	73	130
3109	74	130
3110	76	130
3111	79	130
3112	83	130
3113	86	129
3114	89	130
3115	90	130
3116	89	130
3117	87	129
3118	83	130
3119	80	129
3120	78	130
3121	76	130
3122	74	130
3123	73	130
3124	72	130
3125	73	130
3126	75	130
3127	77	130
3128	79	130
3129	82	130
3130	84	130
3131	87	129
3132	88	130
3133	87	130
3134	85	130
3135	83	130
3136	80	130
3137	78	130
3138	76	129
3139	75	129
3140	74	130
3141	74	129
3142	74	130
3143	76	130
3144	77	130
3145	79	130
3146	81	130
3147	83	130
3148	85	130
3149	86	130
3150	86	130
3151	85	130
3152	83	130
3153	81	130
3154	79	130
3155	77	129
3156	77	130
3157	76	130
3158	75	130
3159	75	129
3160	76	130
3161	77	130
3162	79	130
3163	81	130
3164	83	130
3165	84	130
3166	85	130
3167	85	130
3168	84	129
3169	83	130
3170	82	130
3171	80	130
3172	78	130
3173	77	130
3174	77	130
3175	76	130
3176	77	130
3177	77	130
3178	78	130
3179	79	130
3180	81	130
3181	82	130
3182	82	129
3183	84	130
3184	84	130
3185	83	130
3186	82	130
3187	80	130
3188	78	130
3189	77	130
3190	76	130
3191	76	130
3192	77	130
3193	78	130
3194	79	130
3195	80	130
3196	83	130
3197	85	130
3198	85	130
3199	85	130
3200	84	130
3201	82	130
3202	81	130
3203	79	130
3204	78	130
3205	77	129
3206	76	130
3207	75	129
3208	75	129
3209	75	130
3210	77	130
3211	79	130
3212	80	130
3213	82	130
3214	82	130
3215	83	130
3216	83	130
3217	83	130
3218	81	130
3219	80	130
3220	79	130
3221	78	130
3222	77	130
3223	77	130
3224	76	130
3225	77	130
3226	78	130
3227	80	130
3228	80	130
3229	82	130
3230	82	130
3231	84	130
3232	84	130
3233	85	130
3234	83	130
3235	83	130
3236	81	129
3237	79	130
3238	76	130
3239	74	130
3240	71	130
3241	73	130
3242	73	130
3243	75	130
3244	78	129
3245	81	130
3246	84	130
3247	89	130
3248	91	130
3249	92	130
3250	90	130
3251	87	129
3252	83	129
3253	81	129
3254	77	129
3255	76	130
3256	75	130
3257	74	130
3258	74	130
3259	76	130
3260	75	130
3261	78	129
3262	81	130
3263	82	130
3264	85	130
3265	86	130
3266	86	130
3267	85	130
3268	85	130
3269	82	130
3270	81	130
3271	80	130
3272	79	130
3273	78	130
3274	80	130
3275	80	130
3276	82	130
3277	84	130
3278	85	130
3279	84	130
3280	86	130
3281	84	130
3282	81	130
3283	79	130
3284	76	130
3285	74	129
3286	76	130
3287	76	130
3288	76	129
3289	80	130
3290	83	130
3291	86	130
3292	91	130
3293	94	130
3294	93	130
3295	93	129
3296	90	129
3297	86	130
3298	82	130
3299	80	130
3300	77	130
3301	76	130
3302	75	129
3303	75	130
3304	76	129
3305	79	130
3306	81	130
3307	86	130
3308	90	130
3309	92	130
3310	89	130
3311	87	130
3312	81	130
3313	79	130
3314	77	130
3315	76	129
3316	76	130
3317	78	130
3318	78	130
3319	81	130
3320	84	130
3321	85	130
3322	86	130
3323	86	130
3324	84	130
3325	83	130
3326	81	130
3327	80	130
3328	78	130
3329	77	130
3330	77	130
3331	77	129
3332	78	130
3333	78	130
3334	79	129
3335	80	130
3336	81	130
3337	79	129
3338	81	130
3339	81	129
3340	81	129
3341	81	130
3342	81	130
3343	80	130
3344	81	130
3345	81	129
3346	81	130
3347	82	129
3348	82	130
3349	83	129
3350	83	130
3351	85	130
3352	85	130
3353	84	129
3354	84	130
3355	83	130
3356	84	130
3357	82	129
3358	81	129
3359	81	130
3360	81	130
3361	80	130
3362	80	130
3363	80	130
3364	81	129
3365	81	130
3366	82	130
3367	83	130
3368	83	130
3369	82	130
3370	84	130
3371	84	130
3372	83	130
3373	83	130
3374	83	130
3375	82	130
3376	81	130
3377	81	130
3378	81	130
3379	80	129
3380	81	129
3381	80	130
3382	81	130
3383	80	130
3384	80	130
3385	80	130
3386	80	130
3387	81	130
3388	81	129
3389	82	129
3390	80	130
3391	81	130
3392	81	129
3393	81	130
3394	81	129
3395	79	130
3396	80	130
3397	81	130
3398	81	130
3399	81	130
3400	80	130
3401	80	129
3402	80	130
3403	80	129
3404	79	130
3405	80	130
3406	81	129
3407	79	129
3408	81	130
3409	81	130
3410	81	130
3411	82	130
3412	82	130
3413	82	130
3414	81	130
3415	81	130
3416	81	129
3417	80	129
3418	80	130
3419	80	130
3420	81	130
3421	81	130
3422	80	130
3423	80	130
3424	80	130
3425	80	130
3426	81	130
3427	81	130
3428	80	130
3429	80	130
3430	80	130
3431	81	129
3432	81	130
3433	81	130
3434	82	130
3435	82	130
3436	82	130
3437	82	130
3438	82	130
3439	81	129
3440	81	129
3441	81	130
3442	81	130
3443	80	130
3444	80	130
3445	79	130
3446	80	130
3447	80	129
3448	80	130
3449	80	130
3450	81	130
3451	81	130
3452	82	130
3453	82	130
3454	81	130
3455	82	130
3456	81	130
3457	81	130
3458	81	130
3459	80	130
3460	79	130
3461	80	130
3462	79	129
3463	79	129
3464	80	130
3465	80	130
3466	80	130
3467	81	130
3468	81	130
3469	82	130
3470	82	130
3471	81	130
3472	81	130
3473	82	130
3474	81	130
3475	81	130
3476	81	130
3477	81	130
3478	81	130
3479	81	129
3480	80	129
3481	81	130
3482	81	129
3483	81	130
3484	81	129
3485	81	129
3486	81	130
3487	81	129
3488	81	129
3489	81	130
3490	81	130
3491	80	130
3492	80	130
3493	81	130
3494	80	129
3495	80	130
3496	81	130
3497	81	129
3498	81	130
3499	82	130
3500	82	130
3501	81	130
3502	78	130
3503	74	130
3504	70	130
3505	67	129
3506	65	129
3507	64	130
3508	63	129
3509	63	129
3510	63	130
3511	63	129
3512	63	130
3513	63	129
3514	62	130
3515	62	129
3516	62	130
3517	61	129
3518	61	130
3519	62	130
3520	61	129
3521	61	129
3522	62	130
3523	61	130
3524	61	130
3525	61	129
3526	61	130
3527	61	129
3528	62	130
3529	61	130
3530	62	130
3531	62	130
3532	61	130
3533	62	130
3534	62	130
3535	76	130
3536	174	130
3537	207	129
3538	163	130
3539	105	130
3540	80	130
3541	70	130
3542	67	129
3543	65	130
3544	64	129
3545	63	130
3546	63	130
3547	63	130
3548	63	130
3549	62	130
3550	62	129
3551	62	130
3552	62	130
3553	63	130
3554	63	130
3555	70	129
3556	126	130
3557	147	130
3558	144	130
3559	109	130
3560	87	130
3561	75	130
3562	69	130
3563	67	130
3564	65	130
3565	64	130
3566	64	130
3567	63	130
3568	63	130
3569	63	130
3570	63	130
3571	63	130
3572	64	130
3573	67	130
3574	95	130
3575	111	130
3576	130	130
3577	124	130
3578	105	129
3579	89	130
3580	77	130
3581	71	130
3582	68	130
3583	67	129
3584	66	130
3585	65	130
3586	65	130
3587	65	130
3588	65	130
3589	65	130
3590	67	129
3591	79	130
3592	90	130
3593	104	130
3594	115	130
3595	113	130
3596	98	130
3597	86	130
3598	79	130
3599	74	129
3600	71	130
3601	69	129
3602	68	130
3603	67	130
3604	67	130
3605	68	129
3606	69	129
3607	74	130
3608	79	130
3609	86	130
3610	95	130
3611	101	130
3612	101	130
3613	97	129
3614	90	130
3615	83	130
3616	77	130
3617	74	129
3618	71	129
3619	70	129
3620	69	130
3621	68	130
3622	69	129
3623	70	129
3624	73	130
3625	77	130
3626	83	130
3627	89	130
3628	94	130
3629	97	130
3630	95	129
3631	91	130
3632	85	130
3633	80	130
3634	76	130
3635	73	130
3636	71	130
3637	71	130
3638	70	130
3639	70	130
3640	71	130
3641	74	129
3642	77	130
3643	82	130
3644	87	130
3645	91	130
3646	94	129
3647	93	130
3648	90	130
3649	86	130
3650	81	130
3651	77	129
3652	75	130
3653	73	129
3654	71	129
3655	71	130
3656	71	129
3657	72	130
3658	74	129
3659	77	130
3660	81	130
3661	85	129
3662	89	129
3663	91	130
3664	91	130
3665	89	130
3666	86	130
3667	82	130
3668	78	130
3669	75	129
3670	74	130
3671	73	130
3672	72	129
3673	72	129
3674	73	130
3675	74	129
3676	77	130
3677	79	130
3678	83	130
3679	87	129
3680	89	129
3681	90	130
3682	89	130
3683	86	130
3684	82	130
3685	79	130
3686	77	130
3687	75	130
3688	73	129
3689	73	130
3690	73	130
3691	74	129
3692	75	130
3693	77	130
3694	80	129
3695	82	130
3696	86	130
3697	88	130
3698	88	130
3699	87	129
3700	86	130
3701	83	130
3702	80	130
3703	78	130
3704	76	130
3705	75	130
3706	74	130
3707	75	130
3708	75	130
3709	77	129
3710	78	130
3711	81	130
3712	84	130
3713	86	130
3714	87	130
3715	87	129
3716	86	130
3717	84	130
3718	81	130
3719	79	130
3720	77	130
3721	75	130
3722	74	130
3723	74	130
3724	74	129
3725	75	129
3726	76	130
3727	77	129
3728	80	129
3729	82	130
3730	83	130
3731	85	130
3732	84	130
3733	82	130
3734	81	130
3735	81	130
3736	80	130
3737	80	130
3738	80	130
3739	80	129
3740	80	130
3741	81	130
3742	80	130
3743	81	130
3744	81	130
3745	80	130
3746	80	130
3747	79	130
3748	78	129
3749	77	130
3750	76	130
3751	77	130
3752	78	130
3753	79	130
3754	80	129
3755	81	130
3756	81	130
3757	82	129
3758	82	129
3759	82	129
3760	82	130
3761	81	129
3762	80	130
3763	79	130
3764	79	130
3765	78	130
3766	78	130
3767	78	130
3768	78	129
3769	78	130
3770	79	130
3771	79	130
3772	80	130
3773	80	130
3774	81	130
3775	81	129
3776	81	130
3777	81	130
3778	81	130
3779	80	129
3780	80	130
3781	79	130
3782	79	129
3783	79	129
3784	79	130
3785	79	130
3786	80	130
3787	81	129
3788	81	130
3789	81	130
3790	81	130
3791	81	130
3792	82	130
3793	81	129
3794	81	130
3795	80	130
3796	79	130
3797	79	129
3798	79	130
3799	78	129
3800	78	130
3801	78	130
3802	78	129
3803	79	129
3804	80	130
3805	80	130
3806	81	129
3807	81	130
3808	82	129
3809	82	130
3810	82	130
3811	81	130
3812	81	130
3813	80	130
3814	79	130
3815	79	130
3816	78	130
3817	78	129
3818	78	130
3819	79	130
3820	79	130
3821	79	130
3822	80	130
3823	81	130
3824	82	130
3825	82	130
3826	82	130
3827	82	130
3828	81	130
3829	81	130
3830	81	130
3831	80	129
3832	79	130
3833	79	130
3834	78	130
3835	79	130
3836	79	129
3837	79	130
3838	79	130
3839	80	130
3840	81	130
3841	81	130
3842	81	130
3843	81	130
3844	81	129
3845	81	130
3846	80	130
3847	80	130
3848	79	130
3849	78	130
3850	79	130
3851	79	130
3852	78	130
3853	78	130
3854	79	130
3855	79	130
3856	80	130
3857	80	130
3858	81	130
3859	81	130
3860	81	130
3861	81	130
3862	82	129
3863	81	130
3864	81	130
3865	81	130
3866	81	130
3867	81	130
3868	82	129
3869	83	130
3870	83	129
3871	85	129
3872	86	129
3873	85	130
3874	81	130
3875	75	130
3876	75	130
3877	77	130
3878	78	130
3879	81	130
3880	84	129
3881	85	130
3882	88	130
3883	89	130
3884	87	130
3885	85	130
3886	82	130
3887	79	130
3888	78	130
3889	77	130
3890	76	129
3891	77	130
3892	79	130
3893	81	130
3894	85	129
3895	87	130
3896	88	130
3897	89	130
3898	85	130
3899	77	129
3900	75	130
3901	74	129
3902	74	129
3903	75	130
3904	77	130
3905	80	129
3906	83	130
3907	87	130
3908	91	130
3909	93	130
3910	93	130
3911	91	130
3912	88	130
3913	84	130
3914	81	130
3915	80	130
3916	78	130
3917	78	130
3918	78	130
3919	80	130
3920	83	130
3921	87	130
3922	90	129
3923	94	129
3924	93	130
3925	89	130
3926	85	130
3927	80	130
3928	77	130
3929	75	130
3930	74	130
3931	74	130
3932	76	130
3933	77	129
3934	80	130
3935	83	130
3936	85	130
3937	87	130
3938	88	130
3939	85	130
3940	85	130
3941	83	130
3942	80	130
3943	78	130
3944	77	130
3945	75	130
3946	75	129
3947	76	130
3948	76	130
3949	78	130
3950	80	129
3951	82	130
3952	83	129
3953	83	130
3954	82	130
3955	82	130
3956	82	130
3957	81	129
3958	80	130
3959	81	130
3960	79	130
3961	79	130
3962	79	130
3963	80	130
3964	80	130
3965	83	130
3966	85	130
3967	87	129
3968	88	130
3969	88	130
3970	87	130
3971	87	130
3972	84	130
3973	84	130
3974	82	129
3975	81	129
3976	81	130
3977	81	130
3978	80	130
3979	79	130
3980	79	129
3981	80	130
3982	81	130
3983	82	130
3984	83	130
3985	84	130
3986	84	130
3987	85	130
3988	84	130
3989	83	130
3990	82	130
3991	81	130
3992	79	130
3993	77	130
3994	73	130
3995	69	130
3996	68	130
3997	66	130
3998	64	130
3999	63	130
4000	63	130
4001	63	130
4002	61	130
4003	62	130
4004	63	130
4005	63	130
4006	62	130
4007	62	130
4008	62	130
4009	63	129
4010	62	129
4011	61	130
4012	61	130
4013	61	129
4014	61	130
4015	61	130
4016	61	129
4017	62	130
4018	62	129
4019	61	130
4020	61	130
4021	61	129
4022	62	130
4023	62	129
4024	61	130
4025	64	130
4026	193	130
4027	154	130
4028	148	130
4029	107	130
4030	90	130
4031	80	130
4032	74	129
4033	71	129
4034	68	130
4035	68	129
4036	68	130
4037	68	129
4038	70	130
4039	74	129
4040	78	129
4041	85	130
4042	93	130
4043	99	130
4044	100	130
4045	96	130
4046	91	129
4047	84	130
4048	79	130
4049	75	130
4050	73	130
4051	71	130
4052	71	130
4053	71	129
4054	73	130
4055	74	130
4056	77	130
4057	81	130
4058	86	130
4059	89	130
4060	91	130
4061	90	130
4062	87	130
4063	83	130
4064	80	130
4065	77	130
4066	77	130
4067	74	130
4068	74	130
4069	75	130
4070	76	130
4071	78	130
4072	79	130
4073	82	130
4074	85	130
4075	86	129
4076	87	129
4077	87	129
4078	85	130
4079	82	130
4080	81	130
4081	80	130
4082	77	130
4083	77	130
4084	76	130
4085	78	130
4086	78	130
4087	78	130
4088	80	130
4089	82	130
4090	83	130
4091	83	130
4092	85	130
4093	84	130
4094	83	130
4095	83	130
