
TIME STEP:
125 = 0.2ms

VOLTAGE STEP:
CH1:  32 = 0.15V
CH2:  32 = 5V
GND	54	128
N	CH1	CH2

0	128	130
1	126	130
2	128	129
3	134	129
4	140	130
5	141	129
6	133	129
7	127	130
8	123	130
9	125	130
10	130	130
11	135	130
12	138	130
13	136	130
14	129	130
15	129	129
16	132	130
17	136	130
18	137	130
19	133	130
20	127	130
21	128	129
22	130	130
23	134	130
24	137	130
25	138	130
26	134	130
27	134	129
28	131	129
29	129	130
30	129	130
31	130	130
32	130	129
33	134	129
34	135	129
35	136	130
36	136	130
37	136	130
38	136	130
39	138	129
40	139	130
41	140	129
42	140	130
43	137	129
44	130	130
45	125	130
46	119	130
47	120	129
48	126	129
49	131	130
50	136	130
51	140	129
52	135	129
53	133	130
54	132	129
55	133	130
56	137	130
57	139	130
58	138	130
59	142	130
60	152	129
61	158	130
62	154	130
63	146	129
64	134	130
65	127	130
66	125	130
67	124	130
68	124	130
69	124	130
70	123	130
71	125	130
72	126	129
73	124	130
74	122	130
75	121	130
76	118	130
77	118	130
78	123	130
79	130	130
80	133	130
81	133	129
82	133	130
83	136	130
84	139	130
85	133	130
86	131	130
87	129	130
88	126	130
89	126	130
90	128	130
91	126	130
92	125	130
93	127	130
94	130	130
95	132	130
96	130	129
97	129	130
98	131	130
99	130	130
100	129	130
101	129	130
102	129	130
103	127	130
104	129	130
105	127	130
106	126	130
107	128	130
108	133	130
109	133	130
110	133	130
111	131	130
112	133	130
113	136	130
114	139	130
115	140	130
116	143	130
117	139	130
118	138	130
119	137	130
120	135	129
121	134	130
122	133	130
123	128	130
124	125	130
125	123	130
126	122	130
127	122	130
128	125	129
129	126	130
130	129	130
131	129	130
132	128	130
133	127	130
134	127	130
135	127	130
136	128	130
137	125	130
138	121	130
139	119	130
140	118	130
141	119	130
142	128	130
143	132	129
144	133	130
145	134	130
146	133	129
147	134	130
148	137	130
149	136	130
150	132	130
151	130	130
152	130	129
153	131	129
154	131	130
155	130	129
156	127	130
157	127	130
158	128	129
159	130	130
160	133	130
161	134	130
162	131	129
163	131	130
164	131	130
165	131	130
166	130	130
167	131	130
168	131	129
169	133	130
170	133	130
171	134	130
172	133	129
173	131	130
174	129	130
175	129	130
176	128	130
177	128	130
178	129	129
179	130	130
180	131	130
181	133	130
182	133	130
183	132	130
184	133	130
185	133	130
186	133	130
187	134	130
188	134	130
189	135	130
190	136	130
191	136	129
192	135	129
193	136	129
194	133	130
195	133	130
196	134	130
197	133	130
198	134	129
199	138	130
200	138	130
201	137	129
202	133	130
203	130	130
204	130	130
205	133	130
206	135	130
207	137	130
208	133	130
209	129	130
210	128	130
211	130	130
212	132	130
213	134	130
214	131	130
215	129	130
216	128	130
217	120	130
218	105	130
219	86	130
220	71	130
221	64	130
222	62	130
223	61	130
224	59	130
225	61	130
226	60	130
227	60	130
228	60	130
229	60	130
230	59	130
231	60	130
232	58	130
233	58	130
234	58	130
235	59	130
236	163	130
237	205	130
238	83	130
239	74	130
240	69	129
241	68	130
242	73	130
243	92	130
244	145	129
245	249	130
246	255	130
247	146	129
248	103	130
249	90	130
250	87	130
251	95	130
252	117	130
253	153	130
254	189	129
255	188	130
256	155	130
257	123	130
258	106	130
259	99	130
260	100	129
261	110	130
262	129	130
263	150	130
264	161	130
265	158	129
266	145	129
267	128	130
268	116	130
269	111	130
270	114	130
271	119	130
272	128	130
273	133	129
274	137	130
275	136	129
276	135	129
277	134	130
278	133	130
279	131	130
280	128	130
281	126	130
282	124	130
283	123	130
284	128	130
285	133	130
286	138	130
287	139	130
288	137	129
289	132	130
290	130	130
291	128	130
292	127	130
293	130	130
294	134	130
295	136	130
296	139	130
297	139	130
298	137	130
299	136	129
300	136	130
301	138	130
302	139	130
303	133	130
304	126	130
305	121	130
306	120	130
307	123	130
308	128	129
309	130	129
310	130	129
311	131	129
312	132	130
313	137	129
314	145	130
315	152	130
316	164	129
317	172	130
318	155	130
319	136	129
320	128	130
321	124	129
322	125	130
323	126	129
324	125	130
325	125	130
326	121	130
327	122	129
328	128	129
329	129	130
330	124	130
331	125	130
332	133	130
333	133	129
334	129	130
335	135	129
336	139	129
337	144	130
338	142	130
339	143	130
340	145	129
341	149	129
342	151	130
343	152	130
344	150	130
345	143	130
346	136	130
347	130	130
348	123	129
349	123	130
350	125	130
351	127	130
352	129	130
353	131	130
354	126	130
355	124	130
356	121	130
357	121	130
358	122	130
359	124	130
360	124	130
361	127	130
362	125	130
363	122	130
364	119	130
365	117	130
366	116	130
367	123	129
368	129	130
369	136	129
370	144	130
371	132	130
372	123	130
373	126	130
374	130	130
375	134	130
376	134	130
377	131	130
378	127	130
379	128	130
380	127	130
381	129	130
382	131	130
383	128	130
384	126	130
385	125	130
386	123	130
387	125	130
388	130	130
389	131	130
390	130	130
391	129	130
392	129	130
393	131	130
394	131	130
395	130	130
396	128	130
397	126	129
398	126	130
399	129	130
400	133	130
401	132	130
402	132	130
403	131	130
404	129	130
405	131	130
406	132	130
407	131	130
408	131	130
409	131	130
410	131	130
411	132	129
412	133	130
413	131	130
414	133	130
415	133	130
416	133	130
417	135	130
418	137	130
419	136	130
420	137	130
421	136	130
422	134	130
423	135	130
424	135	130
425	133	130
426	135	130
427	135	130
428	135	130
429	135	130
430	137	130
431	133	130
432	133	130
433	132	130
434	133	130
435	135	130
436	137	130
437	136	130
438	137	130
439	134	130
440	132	130
441	132	130
442	133	129
443	132	129
444	137	129
445	137	129
446	136	130
447	135	130
448	131	130
449	119	130
450	116	130
451	120	130
452	131	130
453	139	130
454	131	130
455	125	129
456	132	130
457	140	130
458	147	130
459	147	130
460	139	130
461	130	130
462	125	130
463	120	130
464	121	130
465	127	130
466	133	130
467	139	130
468	137	130
469	130	130
470	130	129
471	131	130
472	131	129
473	135	130
474	137	129
475	136	130
476	135	130
477	135	130
478	133	130
479	134	130
480	133	129
481	131	129
482	131	130
483	133	130
484	131	130
485	128	130
486	126	130
487	124	129
488	128	130
489	137	129
490	141	130
491	138	130
492	133	129
493	131	129
494	129	130
495	130	129
496	129	130
497	131	130
498	133	129
499	134	130
500	134	130
501	135	129
502	132	130
503	131	130
504	131	130
505	131	129
506	131	130
507	133	130
508	124	130
509	127	130
510	131	129
511	137	130
512	140	129
513	140	130
514	134	130
515	132	130
516	126	130
517	124	130
518	126	130
519	130	130
520	133	130
521	141	130
522	143	130
523	140	130
524	136	130
525	131	130
526	126	130
527	128	130
528	129	130
529	130	130
530	127	129
531	132	129
532	141	130
533	153	130
534	155	130
535	150	130
536	141	129
537	130	129
538	121	130
539	120	130
540	119	130
541	125	130
542	135	130
543	140	129
544	138	129
545	134	129
546	127	130
547	124	130
548	126	130
549	129	129
550	133	130
551	137	130
552	139	130
553	141	130
554	144	130
555	146	130
556	155	129
557	162	129
558	165	130
559	158	130
560	142	130
561	125	130
562	119	130
563	119	129
564	121	130
565	124	130
566	127	130
567	125	129
568	126	129
569	127	130
570	126	130
571	124	129
572	125	130
573	124	130
574	127	130
575	129	130
576	131	129
577	132	130
578	130	130
579	124	130
580	128	130
581	132	130
582	134	130
583	133	130
584	134	130
585	127	129
586	125	129
587	126	130
588	127	130
589	129	129
590	132	129
591	131	130
592	133	130
593	130	130
594	131	130
595	131	130
596	131	130
597	129	130
598	134	129
599	137	130
600	138	130
601	139	130
602	137	130
603	135	130
604	137	129
605	136	129
606	134	129
607	135	130
608	135	129
609	132	129
610	129	130
611	124	130
612	120	129
613	121	130
614	123	130
615	128	130
616	133	130
617	133	130
618	129	130
619	126	130
620	121	130
621	121	130
622	126	130
623	129	130
624	130	130
625	132	130
626	128	129
627	126	129
628	128	130
629	129	130
630	129	130
631	135	130
632	135	130
633	132	130
634	127	130
635	125	130
636	125	130
637	126	130
638	127	130
639	130	130
640	131	130
641	132	130
642	130	130
643	131	130
644	129	130
645	130	130
646	130	130
647	130	129
648	128	130
649	128	130
650	127	130
651	129	130
652	130	130
653	130	130
654	130	130
655	132	130
656	129	130
657	131	130
658	131	129
659	132	130
660	133	130
661	136	130
662	131	130
663	130	130
664	128	130
665	128	130
666	129	130
667	133	130
668	133	130
669	136	130
670	133	130
671	130	130
672	128	130
673	127	130
674	124	130
675	129	130
676	131	129
677	132	130
678	133	130
679	132	130
680	129	130
681	131	130
682	131	130
683	131	130
684	133	130
685	134	129
686	135	129
687	137	130
688	136	130
689	134	130
690	133	130
691	131	130
692	131	130
693	135	130
694	136	130
695	138	130
696	140	130
697	138	129
698	135	130
699	133	130
700	131	130
701	130	130
702	133	130
703	133	130
704	132	130
705	132	130
706	130	130
707	120	130
708	106	130
709	90	130
710	74	130
711	66	130
712	61	130
713	60	130
714	61	130
715	59	130
716	61	130
717	61	130
718	59	129
719	60	130
720	60	130
721	57	129
722	59	130
723	58	129
724	58	130
725	60	130
726	145	130
727	167	129
728	91	129
729	82	130
730	77	130
731	82	129
732	100	130
733	137	130
734	202	130
735	228	130
736	184	130
737	137	130
738	112	130
739	98	130
740	99	129
741	107	130
742	125	130
743	153	130
744	177	130
745	152	130
746	131	130
747	116	130
748	112	129
749	116	130
750	125	129
751	135	130
752	150	130
753	152	130
754	134	130
755	121	129
756	112	130
757	110	130
758	121	130
759	133	129
760	146	130
761	152	130
762	139	129
763	122	130
764	117	130
765	115	130
766	120	130
767	129	130
768	135	130
769	135	130
770	137	130
771	133	130
772	129	130
773	128	130
774	126	130
775	126	130
776	129	129
777	130	130
778	131	129
779	133	130
780	133	129
781	134	130
782	134	130
783	132	129
784	131	130
785	131	130
786	130	130
787	131	130
788	133	130
789	133	130
790	134	130
791	135	130
792	132	129
793	131	130
794	131	130
795	129	130
796	129	130
797	135	130
798	138	129
799	145	130
800	151	130
801	150	129
802	140	130
803	128	130
804	117	130
805	115	130
806	116	130
807	122	130
808	131	130
809	142	130
810	153	130
811	162	130
812	151	130
813	137	130
814	133	130
815	129	130
816	123	130
817	123	130
818	119	130
819	117	130
820	122	130
821	125	130
822	125	129
823	127	130
824	127	130
825	130	129
826	127	130
827	127	130
828	128	130
829	136	130
830	138	129
831	133	130
832	136	130
833	144	130
834	148	130
835	153	130
836	151	129
837	145	130
838	143	130
839	142	130
840	141	130
841	140	130
842	131	130
843	124	129
844	120	130
845	117	130
846	119	130
847	124	130
848	125	130
849	127	130
850	128	130
851	125	130
852	123	130
853	121	130
854	118	130
855	116	129
856	117	130
857	118	130
858	122	129
859	126	129
860	126	129
861	126	130
862	123	130
863	121	130
864	122	130
865	126	130
866	128	130
867	134	129
868	141	130
869	145	129
870	151	129
871	152	130
872	143	130
873	130	129
874	124	129
875	123	130
876	127	129
877	131	129
878	130	130
879	129	129
880	130	129
881	128	130
882	129	130
883	128	130
884	129	129
885	132	129
886	133	130
887	133	130
888	135	130
889	134	130
890	132	130
891	133	130
892	135	130
893	135	130
894	135	130
895	132	130
896	129	130
897	129	130
898	130	130
899	131	130
900	136	130
901	137	130
902	137	130
903	137	129
904	135	130
905	132	130
906	135	130
907	134	130
908	134	130
909	135	130
910	135	130
911	135	130
912	137	130
913	135	129
914	135	130
915	134	130
916	133	130
917	133	130
918	134	130
919	133	130
920	134	130
921	136	130
922	135	130
923	124	130
924	123	129
925	124	130
926	132	130
927	133	130
928	126	130
929	128	130
930	136	130
931	142	130
932	145	130
933	141	130
934	134	129
935	129	130
936	127	130
937	125	130
938	126	130
939	127	130
940	128	130
941	132	130
942	135	130
943	134	129
944	136	130
945	135	129
946	132	130
947	132	130
948	132	130
949	133	130
950	135	130
951	134	129
952	129	129
953	127	130
954	128	130
955	133	130
956	139	130
957	140	130
958	134	130
959	131	130
960	129	130
961	130	130
962	133	129
963	135	129
964	130	130
965	128	130
966	130	130
967	134	130
968	138	130
969	138	129
970	134	129
971	134	130
972	132	130
973	131	130
974	132	130
975	131	130
976	129	129
977	131	130
978	127	129
979	128	130
980	133	129
981	137	130
982	137	130
983	138	129
984	135	130
985	132	130
986	130	130
987	128	130
988	127	130
989	131	130
990	133	130
991	137	130
992	139	129
993	139	130
994	138	130
995	138	130
996	134	129
997	136	130
998	140	130
999	141	130
1000	137	130
1001	131	130
1002	120	129
1003	117	130
1004	118	129
1005	122	129
1006	131	130
1007	137	129
1008	135	129
1009	135	130
1010	136	130
1011	139	129
1012	143	130
1013	147	130
1014	150	130
1015	159	130
1016	166	129
1017	161	129
1018	147	129
1019	131	129
1020	119	129
1021	117	130
1022	120	129
1023	125	130
1024	127	130
1025	125	130
1026	124	130
1027	126	130
1028	127	130
1029	125	130
1030	121	129
1031	119	130
1032	120	130
1033	124	130
1034	125	130
1035	124	129
1036	126	129
1037	124	130
1038	124	129
1039	124	130
1040	121	130
1041	120	129
1042	127	130
1043	127	130
1044	127	130
1045	128	130
1046	126	130
1047	123	130
1048	127	130
1049	127	130
1050	129	130
1051	133	130
1052	127	130
1053	127	129
1054	135	130
1055	143	130
1056	152	130
1057	155	130
1058	147	130
1059	135	130
1060	130	130
1061	124	130
1062	118	130
1063	115	129
1064	120	130
1065	127	130
1066	130	130
1067	128	130
1068	130	130
1069	133	130
1070	129	130
1071	125	130
1072	128	129
1073	130	130
1074	131	130
1075	131	130
1076	128	130
1077	129	130
1078	135	130
1079	137	130
1080	140	130
1081	142	130
1082	141	129
1083	141	129
1084	141	130
1085	139	130
1086	136	130
1087	132	130
1088	128	130
1089	127	130
1090	129	129
1091	126	130
1092	126	130
1093	125	129
1094	122	130
1095	122	130
1096	122	130
1097	122	130
1098	124	130
1099	128	130
1100	129	130
1101	131	130
1102	134	129
1103	134	129
1104	129	130
1105	121	129
1106	117	130
1107	115	130
1108	119	130
1109	124	130
1110	130	130
1111	134	130
1112	137	129
1113	141	130
1114	140	130
1115	138	130
1116	137	129
1117	134	130
1118	130	130
1119	129	130
1120	130	130
1121	131	130
1122	132	129
1123	133	130
1124	133	130
1125	134	129
1126	133	129
1127	132	129
1128	131	130
1129	130	130
1130	128	130
1131	131	130
1132	131	130
1133	132	129
1134	134	130
1135	135	129
1136	133	130
1137	136	130
1138	135	130
1139	132	130
1140	131	130
1141	132	129
1142	132	130
1143	135	130
1144	134	129
1145	135	130
1146	137	130
1147	136	130
1148	136	130
1149	137	130
1150	133	129
1151	132	130
1152	134	129
1153	134	130
1154	135	130
1155	137	130
1156	134	130
1157	133	130
1158	133	130
1159	132	129
1160	133	130
1161	135	130
1162	135	130
1163	137	130
1164	137	130
1165	136	130
1166	135	130
1167	134	129
1168	131	130
1169	133	130
1170	135	130
1171	133	129
1172	125	130
1173	115	130
1174	115	130
1175	125	130
1176	137	130
1177	145	129
1178	150	130
1179	135	129
1180	125	130
1181	125	130
1182	127	130
1183	131	130
1184	135	130
1185	135	130
1186	134	130
1187	131	129
1188	127	129
1189	128	130
1190	134	130
1191	138	130
1192	139	129
1193	137	130
1194	132	130
1195	130	130
1196	129	130
1197	118	129
1198	104	130
1199	89	130
1200	73	129
1201	65	130
1202	63	129
1203	61	129
1204	60	130
1205	60	130
1206	59	130
1207	60	130
1208	61	130
1209	59	130
1210	60	130
1211	59	130
1212	57	129
1213	58	130
1214	58	130
1215	57	129
1216	117	129
1217	243	129
1218	181	130
1219	142	130
1220	113	130
1221	103	129
1222	101	130
1223	110	130
1224	127	130
1225	157	130
1226	180	130
1227	174	130
1228	151	130
1229	128	130
1230	111	130
1231	104	130
1232	108	130
1233	118	130
1234	136	129
1235	154	130
1236	141	130
1237	141	130
1238	141	130
1239	136	130
1240	132	130
1241	128	130
1242	125	130
1243	127	129
1244	130	130
1245	133	130
1246	137	129
1247	138	130
1248	134	130
1249	131	129
1250	128	130
1251	124	130
1252	126	130
1253	126	130
1254	126	130
1255	126	129
1256	126	130
1257	127	130
1258	131	129
1259	133	130
1260	135	130
1261	139	130
1262	144	130
1263	149	130
1264	152	130
1265	141	130
1266	127	130
1267	119	130
1268	115	129
1269	121	130
1270	121	130
1271	123	130
1272	124	129
1273	121	130
1274	123	129
1275	122	130
1276	123	130
1277	131	129
1278	128	130
1279	130	129
1280	132	130
1281	131	129
1282	131	130
1283	137	130
1284	143	130
1285	151	129
1286	150	130
1287	147	130
1288	145	130
1289	144	130
1290	143	129
1291	142	129
1292	139	129
1293	131	130
1294	126	130
1295	123	129
1296	119	129
1297	122	130
1298	126	130
1299	128	130
1300	128	130
1301	125	130
1302	121	130
1303	119	130
1304	118	130
1305	119	130
1306	122	129
1307	124	130
1308	124	130
1309	124	130
1310	125	130
1311	125	130
1312	133	130
1313	143	130
1314	143	130
1315	136	130
1316	128	130
1317	120	130
1318	120	130
1319	124	129
1320	129	130
1321	133	130
1322	135	130
1323	132	130
1324	129	130
1325	127	130
1326	124	129
1327	123	130
1328	123	129
1329	125	130
1330	128	130
1331	128	130
1332	127	130
1333	128	130
1334	127	130
1335	127	130
1336	129	130
1337	132	130
1338	131	130
1339	131	129
1340	132	130
1341	131	130
1342	131	130
1343	130	130
1344	129	130
1345	131	130
1346	131	129
1347	131	129
1348	133	130
1349	131	130
1350	131	130
1351	133	130
1352	133	130
1353	133	130
1354	135	130
1355	134	130
1356	133	130
1357	133	130
1358	133	130
1359	132	130
1360	135	130
1361	136	130
1362	137	130
1363	139	129
1364	138	129
1365	136	130
1366	134	129
1367	133	130
1368	133	130
1369	135	130
1370	133	129
1371	132	130
1372	133	129
1373	132	130
1374	134	130
1375	137	130
1376	135	130
1377	133	130
1378	131	129
1379	129	129
1380	129	130
1381	132	130
1382	135	129
1383	138	129
1384	139	129
1385	137	130
1386	135	130
1387	130	129
1388	126	130
1389	126	130
1390	128	130
1391	132	129
1392	138	130
1393	140	129
1394	136	129
1395	133	130
1396	131	129
1397	128	130
1398	127	130
1399	129	129
1400	131	130
1401	133	130
1402	135	130
1403	133	130
1404	132	130
1405	129	130
1406	125	130
1407	126	130
1408	132	129
1409	137	130
1410	136	130
1411	136	130
1412	135	129
1413	132	129
1414	130	130
1415	128	130
1416	129	130
1417	129	130
1418	127	130
1419	131	130
1420	138	129
1421	143	130
1422	142	130
1423	138	130
1424	131	130
1425	125	130
1426	121	130
1427	118	130
1428	121	130
1429	129	130
1430	140	129
1431	149	130
1432	146	130
1433	136	130
1434	128	130
1435	122	130
1436	121	130
1437	126	130
1438	132	130
1439	136	130
1440	140	130
1441	142	130
1442	137	130
1443	131	130
1444	127	130
1445	125	130
1446	125	130
1447	128	130
1448	133	130
1449	138	129
1450	140	130
1451	139	130
1452	135	130
1453	130	130
1454	126	130
1455	125	130
1456	126	130
1457	129	130
1458	135	130
1459	140	130
1460	140	129
1461	136	130
1462	128	129
1463	122	130
1464	124	130
1465	130	130
1466	138	130
1467	142	130
1468	143	129
1469	140	130
1470	136	129
1471	132	130
1472	131	130
1473	135	130
1474	141	130
1475	148	130
1476	149	130
1477	139	130
1478	127	130
1479	119	130
1480	117	130
1481	121	130
1482	129	130
1483	134	130
1484	134	130
1485	131	130
1486	131	130
1487	131	130
1488	133	130
1489	135	129
1490	134	130
1491	134	130
1492	137	130
1493	147	130
1494	162	130
1495	167	129
1496	156	130
1497	133	130
1498	120	129
1499	116	130
1500	120	129
1501	121	130
1502	123	129
1503	124	130
1504	126	130
1505	132	130
1506	138	130
1507	143	130
1508	144	129
1509	140	130
1510	139	130
1511	136	130
1512	131	130
1513	126	130
1514	124	130
1515	125	130
1516	129	129
1517	133	130
1518	132	130
1519	131	129
1520	130	130
1521	133	130
1522	135	130
1523	138	130
1524	139	130
1525	137	130
1526	135	129
1527	135	130
1528	134	130
1529	135	129
1530	134	130
1531	134	130
1532	132	130
1533	129	130
1534	127	130
1535	125	130
1536	124	130
1537	125	130
1538	127	130
1539	129	130
1540	128	130
1541	128	130
1542	126	129
1543	125	130
1544	125	130
1545	126	129
1546	126	130
1547	126	130
1548	127	129
1549	128	130
1550	129	129
1551	131	130
1552	131	130
1553	128	129
1554	127	129
1555	128	130
1556	130	129
1557	129	130
1558	129	130
1559	127	130
1560	125	130
1561	124	130
1562	126	130
1563	126	130
1564	128	130
1565	131	130
1566	132	130
1567	127	129
1568	126	130
1569	128	130
1570	129	130
1571	130	130
1572	131	129
1573	129	129
1574	130	130
1575	129	130
1576	127	130
1577	128	130
1578	129	130
1579	128	130
1580	126	130
1581	126	130
1582	129	130
1583	133	130
1584	134	130
1585	133	130
1586	131	130
1587	131	130
1588	130	129
1589	128	130
1590	128	130
1591	130	130
1592	132	129
1593	132	130
1594	133	130
1595	132	129
1596	131	130
1597	130	130
1598	131	129
1599	131	130
1600	133	130
1601	132	130
1602	133	130
1603	132	130
1604	131	130
1605	131	130
1606	131	130
1607	130	129
1608	131	129
1609	133	130
1610	133	130
1611	135	130
1612	135	130
1613	134	130
1614	131	130
1615	131	130
1616	132	130
1617	135	130
1618	137	130
1619	139	129
1620	138	130
1621	137	130
1622	135	130
1623	132	130
1624	128	129
1625	129	130
1626	131	130
1627	135	130
1628	139	130
1629	140	130
1630	137	129
1631	130	130
1632	125	130
1633	124	129
1634	126	130
1635	130	130
1636	132	130
1637	131	130
1638	131	130
1639	134	130
1640	137	129
1641	137	129
1642	133	130
1643	130	129
1644	127	129
1645	128	130
1646	133	130
1647	137	130
1648	139	130
1649	139	130
1650	137	130
1651	133	130
1652	130	130
1653	128	130
1654	129	130
1655	132	130
1656	134	130
1657	133	130
1658	128	130
1659	124	129
1660	123	130
1661	127	130
1662	136	129
1663	144	130
1664	150	129
1665	139	130
1666	125	130
1667	121	130
1668	123	130
1669	127	130
1670	137	130
1671	142	130
1672	137	129
1673	133	130
1674	132	130
1675	131	130
1676	131	130
1677	130	130
1678	128	130
1679	127	130
1680	128	130
1681	133	130
1682	137	130
1683	140	130
1684	139	130
1685	136	130
1686	132	130
1687	121	130
1688	105	129
1689	88	130
1690	74	129
1691	66	130
1692	63	129
1693	61	130
1694	60	129
1695	61	130
1696	60	130
1697	61	130
1698	60	129
1699	60	130
1700	60	130
1701	60	129
1702	57	130
1703	58	130
1704	58	130
1705	58	130
1706	94	130
1707	255	130
1708	112	129
1709	98	130
1710	84	129
1711	87	130
1712	103	130
1713	138	129
1714	170	130
1715	158	129
1716	134	130
1717	119	129
1718	120	130
1719	127	130
1720	129	129
1721	127	129
1722	125	130
1723	123	130
1724	123	130
1725	125	130
1726	125	129
1727	126	130
1728	129	130
1729	131	130
1730	128	130
1731	130	130
1732	133	129
1733	136	130
1734	139	130
1735	135	130
1736	134	129
1737	139	130
1738	145	129
1739	147	130
1740	147	130
1741	145	129
1742	140	130
1743	133	130
1744	127	130
1745	123	129
1746	121	130
1747	123	130
1748	122	130
1749	122	130
1750	122	130
1751	122	130
1752	121	130
1753	121	130
1754	119	130
1755	118	130
1756	117	130
1757	117	129
1758	118	130
1759	119	130
1760	120	130
1761	120	129
1762	120	130
1763	122	129
1764	125	130
1765	127	129
1766	129	130
1767	129	130
1768	128	130
1769	131	130
1770	137	130
1771	146	130
1772	152	129
1773	152	130
1774	143	130
1775	131	130
1776	123	130
1777	121	129
1778	123	130
1779	128	130
1780	130	130
1781	130	130
1782	128	130
1783	127	130
1784	131	130
1785	136	130
1786	137	130
1787	136	130
1788	134	130
1789	131	130
1790	129	130
1791	130	130
1792	133	130
1793	136	130
1794	137	130
1795	138	130
1796	137	130
1797	134	130
1798	130	130
1799	129	130
1800	130	130
1801	131	130
1802	133	130
1803	135	130
1804	137	130
1805	137	130
1806	136	130
1807	134	130
1808	132	130
1809	131	130
1810	133	129
1811	136	130
1812	137	130
1813	138	130
1814	137	129
1815	135	130
1816	131	129
1817	130	130
1818	129	130
1819	131	130
1820	133	129
1821	135	130
1822	133	130
1823	132	130
1824	132	130
1825	134	129
1826	136	129
1827	136	130
1828	135	130
1829	133	130
1830	123	129
1831	117	130
1832	122	130
1833	133	130
1834	143	130
1835	147	129
1836	139	130
1837	124	130
1838	113	129
1839	111	130
1840	120	130
1841	135	129
1842	150	130
1843	157	130
1844	149	130
1845	133	130
1846	119	129
1847	113	130
1848	116	130
1849	128	130
1850	143	130
1851	152	130
1852	145	130
1853	137	130
1854	128	129
1855	122	130
1856	121	130
1857	127	130
1858	136	130
1859	143	130
1860	146	130
1861	142	130
1862	133	130
1863	127	130
1864	121	129
1865	119	129
1866	122	130
1867	125	130
1868	132	129
1869	141	130
1870	147	130
1871	145	130
1872	137	130
1873	128	130
1874	123	130
1875	122	129
1876	123	130
1877	130	129
1878	137	130
1879	142	130
1880	142	130
1881	138	130
1882	131	130
1883	126	130
1884	125	130
1885	127	130
1886	133	130
1887	142	130
1888	147	130
1889	147	130
1890	141	130
1891	132	130
1892	125	130
1893	121	129
1894	119	130
1895	123	130
1896	128	130
1897	132	130
1898	135	130
1899	135	129
1900	132	129
1901	133	130
1902	133	129
1903	137	130
1904	141	130
1905	145	129
1906	152	130
1907	159	130
1908	160	130
1909	151	129
1910	143	129
1911	136	130
1912	130	130
1913	124	130
1914	122	130
1915	122	130
1916	122	130
1917	125	129
1918	127	130
1919	123	130
1920	123	130
1921	123	130
1922	122	130
1923	122	130
1924	122	129
1925	125	130
1926	124	130
1927	122	130
1928	124	130
1929	126	129
1930	126	130
1931	125	130
1932	120	130
1933	122	129
1934	125	130
1935	127	129
1936	126	130
1937	125	130
1938	125	129
1939	127	129
1940	123	130
1941	124	130
1942	126	130
1943	129	130
1944	128	130
1945	129	129
1946	129	130
1947	129	130
1948	135	130
1949	140	130
1950	152	130
1951	161	130
1952	152	129
1953	136	130
1954	125	130
1955	119	130
1956	120	130
1957	119	130
1958	120	130
1959	125	130
1960	128	130
1961	126	130
1962	128	129
1963	131	130
1964	131	130
1965	131	130
1966	131	130
1967	130	130
1968	128	130
1969	130	130
1970	134	130
1971	135	129
1972	133	130
1973	132	130
1974	134	130
1975	137	129
1976	142	130
1977	146	130
1978	147	130
1979	143	130
1980	137	130
1981	133	130
1982	129	130
1983	126	129
1984	123	129
1985	121	130
1986	120	130
1987	121	130
1988	123	129
1989	125	129
1990	124	130
1991	123	130
1992	120	130
1993	119	129
1994	120	130
1995	125	130
1996	135	130
1997	148	130
1998	149	130
1999	136	130
2000	121	130
2001	116	130
2002	119	130
2003	125	130
2004	130	130
2005	131	130
2006	131	130
2007	132	130
2008	134	129
2009	136	129
2010	138	130
2011	137	130
2012	136	129
2013	134	129
2014	133	130
2015	131	130
2016	130	130
2017	130	130
2018	132	130
2019	134	130
2020	137	129
2021	137	130
2022	136	130
2023	134	130
2024	132	130
2025	132	130
2026	132	130
2027	133	130
2028	135	130
2029	135	130
2030	134	130
2031	133	130
2032	132	129
2033	131	130
2034	132	130
2035	133	130
2036	134	130
2037	136	130
2038	137	129
2039	137	129
2040	136	130
2041	134	130
2042	133	130
2043	132	130
2044	133	130
2045	133	130
2046	134	130
2047	135	130
2048	136	129
2049	137	130
2050	136	130
2051	135	130
2052	133	130
2053	132	130
2054	125	130
2055	125	129
2056	126	129
2057	130	130
2058	136	130
2059	141	129
2060	141	130
2061	136	129
2062	130	130
2063	126	129
2064	125	130
2065	123	130
2066	125	130
2067	133	130
2068	139	130
2069	139	130
2070	135	130
2071	132	129
2072	131	130
2073	132	130
2074	132	130
2075	132	130
2076	131	129
2077	128	130
2078	127	130
2079	130	130
2080	135	130
2081	141	130
2082	143	130
2083	140	130
2084	134	130
2085	127	130
2086	121	130
2087	119	130
2088	123	130
2089	131	130
2090	133	130
2091	138	130
2092	142	130
2093	141	130
2094	134	130
2095	129	130
2096	126	130
2097	127	129
2098	131	130
2099	134	129
2100	133	130
2101	128	129
2102	131	130
2103	135	130
2104	138	129
2105	139	130
2106	136	130
2107	133	130
2108	128	130
2109	126	129
2110	126	130
2111	128	130
2112	131	129
2113	136	130
2114	137	130
2115	136	130
2116	133	130
2117	130	130
2118	128	130
2119	128	130
2120	130	130
2121	134	130
2122	136	129
2123	136	130
2124	133	130
2125	131	130
2126	129	130
2127	130	130
2128	133	129
2129	135	130
2130	137	130
2131	138	130
2132	137	130
2133	137	129
2134	138	130
2135	140	130
2136	143	129
2137	145	130
2138	142	130
2139	136	130
2140	130	130
2141	123	130
2142	118	129
2143	117	130
2144	121	130
2145	127	130
2146	134	130
2147	138	130
2148	138	130
2149	136	130
2150	137	130
2151	142	130
2152	146	130
2153	154	130
2154	156	130
2155	150	130
2156	147	130
2157	144	129
2158	129	129
2159	124	130
2160	125	130
2161	125	129
2162	123	130
2163	124	130
2164	124	130
2165	125	130
2166	122	129
2167	129	130
2168	127	130
2169	124	129
2170	127	130
2171	133	130
2172	135	130
2173	135	130
2174	136	130
2175	135	129
2176	139	130
2177	141	130
2178	136	130
2179	120	129
2180	99	130
2181	80	129
2182	69	130
2183	64	130
2184	61	130
2185	60	130
2186	61	130
2187	61	129
2188	61	130
2189	61	129
2190	60	130
2191	59	130
2192	59	130
2193	58	129
2194	59	129
2195	212	130
2196	255	129
2197	83	130
2198	77	130
2199	74	130
2200	75	130
2201	83	130
2202	105	130
2203	148	130
2204	192	130
2205	183	130
2206	143	130
2207	113	130
2208	99	130
2209	95	130
2210	98	130
2211	110	130
2212	128	130
2213	145	130
2214	147	129
2215	136	130
2216	120	130
2217	111	130
2218	111	130
2219	124	130
2220	150	130
2221	164	130
2222	152	130
2223	132	130
2224	119	130
2225	114	129
2226	117	130
2227	125	130
2228	132	130
2229	132	129
2230	125	129
2231	120	130
2232	120	130
2233	124	130
2234	128	130
2235	130	130
2236	129	130
2237	126	130
2238	126	130
2239	125	130
2240	124	130
2241	125	130
2242	123	129
2243	123	130
2244	125	129
2245	126	130
2246	128	129
2247	130	129
2248	129	130
2249	130	130
2250	128	130
2251	130	130
2252	131	129
2253	129	130
2254	127	130
2255	130	130
2256	133	130
2257	134	129
2258	133	130
2259	133	129
2260	131	129
2261	129	130
2262	129	130
2263	129	130
2264	131	130
2265	132	130
2266	131	130
2267	131	130
2268	131	130
2269	133	130
2270	134	130
2271	133	130
2272	133	130
2273	133	130
2274	133	129
2275	132	130
2276	133	130
2277	134	130
2278	135	130
2279	136	130
2280	136	129
2281	135	130
2282	133	130
2283	133	130
2284	132	130
2285	134	130
2286	134	130
2287	136	130
2288	136	130
2289	136	129
2290	136	130
2291	134	129
2292	132	130
2293	131	130
2294	131	130
2295	132	130
2296	135	130
2297	137	130
2298	137	130
2299	138	130
2300	136	130
2301	133	130
2302	131	130
2303	129	130
2304	129	130
2305	131	130
2306	130	130
2307	124	130
2308	121	130
2309	119	130
2310	125	130
2311	139	130
2312	151	130
2313	150	130
2314	134	130
2315	123	130
2316	118	130
2317	122	130
2318	130	130
2319	140	130
2320	147	130
2321	142	130
2322	131	129
2323	124	130
2324	122	129
2325	122	130
2326	125	130
2327	132	130
2328	140	130
2329	147	130
2330	143	130
2331	132	130
2332	124	130
2333	123	130
2334	127	130
2335	133	130
2336	138	130
2337	141	130
2338	139	130
2339	131	130
2340	126	130
2341	125	130
2342	126	130
2343	129	130
2344	131	129
2345	132	130
2346	132	130
2347	135	130
2348	137	130
2349	139	130
2350	137	130
2351	133	130
2352	129	130
2353	127	130
2354	126	130
2355	128	130
2356	133	129
2357	137	130
2358	140	130
2359	139	130
2360	136	130
2361	131	130
2362	127	130
2363	127	130
2364	128	130
2365	131	130
2366	134	130
2367	135	129
2368	134	130
2369	133	130
2370	133	130
2371	133	130
2372	133	130
2373	133	130
2374	135	129
2375	135	129
2376	134	130
2377	134	130
2378	134	130
2379	132	129
2380	128	129
2381	124	129
2382	129	129
2383	136	129
2384	143	129
2385	148	129
2386	148	129
2387	144	130
2388	142	130
2389	140	130
2390	137	130
2391	128	130
2392	121	129
2393	126	129
2394	131	130
2395	134	129
2396	133	130
2397	131	129
2398	128	130
2399	125	130
2400	126	130
2401	128	130
2402	133	130
2403	139	129
2404	147	130
2405	156	130
2406	169	130
2407	162	129
2408	131	130
2409	119	130
2410	119	130
2411	123	130
2412	121	130
2413	126	130
2414	121	130
2415	120	130
2416	121	129
2417	125	130
2418	125	129
2419	125	130
2420	125	130
2421	131	130
2422	138	129
2423	136	130
2424	134	130
2425	136	130
2426	140	130
2427	141	130
2428	143	129
2429	150	130
2430	156	130
2431	154	130
2432	146	130
2433	135	130
2434	128	129
2435	126	130
2436	128	130
2437	133	130
2438	135	130
2439	135	130
2440	133	130
2441	130	129
2442	128	130
2443	127	130
2444	126	130
2445	127	130
2446	127	130
2447	128	130
2448	128	130
2449	127	130
2450	126	130
2451	125	130
2452	122	130
2453	121	130
2454	122	130
2455	123	130
2456	126	129
2457	131	130
2458	134	130
2459	130	130
2460	126	129
2461	125	130
2462	126	130
2463	127	130
2464	128	130
2465	128	130
2466	129	130
2467	129	129
2468	129	130
2469	129	130
2470	128	130
2471	127	130
2472	125	130
2473	125	130
2474	128	130
2475	131	129
2476	130	130
2477	128	130
2478	125	130
2479	124	130
2480	127	130
2481	131	130
2482	132	130
2483	129	130
2484	126	129
2485	128	129
2486	132	130
2487	129	130
2488	126	130
2489	128	130
2490	130	130
2491	131	130
2492	132	130
2493	134	130
2494	131	130
2495	130	130
2496	129	129
2497	132	130
2498	133	130
2499	132	130
2500	131	129
2501	131	130
2502	132	130
2503	132	130
2504	131	130
2505	131	129
2506	130	130
2507	132	130
2508	133	130
2509	134	130
2510	134	130
2511	133	130
2512	132	130
2513	132	129
2514	132	129
2515	133	129
2516	135	130
2517	137	129
2518	138	130
2519	137	130
2520	135	130
2521	135	130
2522	133	130
2523	133	130
2524	133	130
2525	134	130
2526	135	129
2527	136	129
2528	135	129
2529	134	130
2530	133	130
2531	133	130
2532	133	130
2533	133	130
2534	132	130
2535	132	129
2536	132	130
2537	133	130
2538	134	130
2539	133	130
2540	131	130
2541	131	129
2542	126	130
2543	122	129
2544	125	130
2545	132	129
2546	141	130
2547	137	129
2548	130	130
2549	130	130
2550	132	130
2551	132	130
2552	131	130
2553	131	130
2554	131	130
2555	132	130
2556	135	130
2557	135	130
2558	132	130
2559	130	130
2560	132	129
2561	134	129
2562	136	130
2563	136	130
2564	134	130
2565	130	130
2566	126	129
2567	125	130
2568	123	130
2569	125	130
2570	133	130
2571	141	130
2572	143	129
2573	139	130
2574	133	129
2575	129	130
2576	128	130
2577	129	130
2578	131	130
2579	132	130
2580	126	130
2581	125	130
2582	131	130
2583	139	130
2584	144	130
2585	142	130
2586	132	130
2587	128	130
2588	126	130
2589	128	130
2590	129	130
2591	129	130
2592	131	129
2593	133	130
2594	135	130
2595	134	130
2596	134	129
2597	133	130
2598	132	130
2599	131	130
2600	130	130
2601	130	130
2602	131	130
2603	131	129
2604	132	130
2605	128	130
2606	128	129
2607	130	129
2608	134	130
2609	136	130
2610	139	130
2611	136	130
2612	132	130
2613	130	130
2614	129	130
2615	130	130
2616	132	130
2617	137	130
2618	140	130
2619	142	130
2620	142	130
2621	143	130
2622	142	130
2623	139	130
2624	131	130
2625	126	130
2626	124	129
2627	127	130
2628	133	130
2629	141	130
2630	140	129
2631	138	129
2632	131	130
2633	123	130
2634	120	130
2635	122	130
2636	124	130
2637	125	130
2638	126	130
2639	122	130
2640	121	130
2641	125	130
2642	125	129
2643	119	130
2644	126	130
2645	129	130
2646	131	130
2647	132	130
2648	131	130
2649	128	130
2650	131	130
2651	137	129
2652	140	130
2653	144	130
2654	149	130
2655	154	129
2656	155	130
2657	151	130
2658	144	129
2659	136	129
2660	127	130
2661	121	130
2662	121	130
2663	127	129
2664	131	129
2665	133	130
2666	135	129
2667	130	130
2668	114	130
2669	95	130
2670	80	130
2671	68	130
2672	63	130
2673	60	130
2674	61	129
2675	58	130
2676	61	130
2677	61	130
2678	60	130
2679	60	130
2680	59	130
2681	61	130
2682	59	130
2683	58	130
2684	58	129
2685	58	130
2686	63	130
2687	255	130
2688	110	130
2689	79	129
2690	68	130
2691	66	130
2692	67	130
2693	85	130
2694	140	130
2695	208	129
2696	192	130
2697	146	130
2698	125	130
2699	117	130
2700	123	130
2701	131	130
2702	138	130
2703	137	130
2704	131	130
2705	127	130
2706	124	130
2707	122	130
2708	123	129
2709	126	130
2710	130	130
2711	131	130
2712	131	130
2713	131	130
2714	134	130
2715	135	130
2716	132	130
2717	129	130
2718	125	130
2719	125	130
2720	127	130
2721	129	130
2722	131	129
2723	131	130
2724	132	130
2725	130	130
2726	129	130
2727	127	130
2728	128	130
2729	129	130
2730	131	130
2731	134	130
2732	133	130
2733	132	130
2734	132	130
2735	130	130
2736	130	130
2737	129	130
2738	133	130
2739	137	130
2740	139	130
2741	138	129
2742	137	130
2743	133	130
2744	129	130
2745	130	130
2746	130	130
2747	132	130
2748	135	130
2749	138	130
2750	139	130
2751	135	130
2752	125	130
2753	117	130
2754	117	130
2755	123	130
2756	135	129
2757	146	130
2758	148	130
2759	139	130
2760	127	130
2761	120	129
2762	119	130
2763	123	130
2764	132	130
2765	141	130
2766	148	130
2767	146	130
2768	138	130
2769	128	130
2770	122	130
2771	120	130
2772	122	130
2773	127	130
2774	134	130
2775	135	130
2776	135	130
2777	134	130
2778	133	130
2779	132	130
2780	132	130
2781	133	130
2782	135	130
2783	131	130
2784	129	129
2785	130	129
2786	132	129
2787	133	130
2788	134	130
2789	133	129
2790	129	129
2791	126	130
2792	129	130
2793	132	130
2794	136	130
2795	136	130
2796	135	130
2797	133	130
2798	129	130
2799	128	130
2800	128	129
2801	129	130
2802	134	130
2803	137	129
2804	134	129
2805	131	130
2806	132	130
2807	131	130
2808	131	130
2809	131	130
2810	132	130
2811	132	130
2812	130	130
2813	130	130
2814	134	130
2815	137	130
2816	138	130
2817	137	129
2818	136	130
2819	133	130
2820	133	130
2821	134	130
2822	139	130
2823	145	130
2824	147	130
2825	141	130
2826	128	129
2827	117	130
2828	115	130
2829	118	130
2830	123	130
2831	127	130
2832	131	130
2833	132	130
2834	131	130
2835	133	130
2836	135	130
2837	136	130
2838	140	130
2839	145	130
2840	154	130
2841	162	130
2842	165	130
2843	155	130
2844	146	130
2845	140	130
2846	135	130
2847	129	130
2848	121	130
2849	118	130
2850	120	129
2851	124	130
2852	125	129
2853	124	130
2854	121	130
2855	119	130
2856	118	130
2857	121	130
2858	125	130
2859	125	130
2860	125	130
2861	123	130
2862	123	129
2863	122	130
2864	124	130
2865	127	130
2866	129	130
2867	121	130
2868	124	130
2869	133	130
2870	129	130
2871	123	130
2872	124	130
2873	125	130
2874	128	130
2875	129	130
2876	130	130
2877	129	130
2878	134	130
2879	140	130
2880	150	130
2881	158	130
2882	149	130
2883	131	130
2884	121	129
2885	119	130
2886	123	130
2887	128	130
2888	131	130
2889	132	129
2890	125	130
2891	120	130
2892	121	130
2893	127	130
2894	132	129
2895	133	130
2896	133	129
2897	130	130
2898	128	130
2899	127	130
2900	128	130
2901	132	130
2902	134	130
2903	135	130
2904	135	130
2905	134	130
2906	135	130
2907	140	130
2908	143	130
2909	145	130
2910	142	130
2911	137	130
2912	130	130
2913	125	130
2914	122	130
2915	123	130
2916	123	130
2917	125	130
2918	128	129
2919	128	130
2920	125	129
2921	122	130
2922	119	130
2923	119	130
2924	123	130
2925	130	130
2926	137	129
2927	139	130
2928	134	130
2929	128	130
2930	121	130
2931	116	130
2932	118	130
2933	122	130
2934	128	130
2935	129	130
2936	131	129
2937	132	129
2938	137	130
2939	141	130
2940	141	130
2941	139	129
2942	133	130
2943	131	130
2944	129	129
2945	129	129
2946	130	129
2947	131	130
2948	131	130
2949	131	130
2950	133	130
2951	133	130
2952	131	130
2953	130	130
2954	129	129
2955	129	130
2956	129	130
2957	130	130
2958	131	130
2959	131	130
2960	131	130
2961	132	130
2962	133	130
2963	132	130
2964	134	130
2965	136	130
2966	135	130
2967	135	129
2968	135	130
2969	132	130
2970	131	130
2971	133	130
2972	133	129
2973	135	129
2974	136	129
2975	137	130
2976	137	130
2977	136	130
2978	134	130
2979	133	130
2980	131	130
2981	131	130
2982	135	129
2983	137	130
2984	136	130
2985	136	130
2986	135	130
2987	133	130
2988	134	129
2989	133	130
2990	133	130
2991	133	129
2992	133	130
2993	134	130
2994	135	129
2995	134	130
2996	135	130
2997	135	129
2998	126	130
2999	113	130
3000	113	130
3001	120	130
3002	136	130
3003	151	130
3004	150	130
3005	140	130
3006	134	130
3007	128	130
3008	127	129
3009	128	129
3010	132	130
3011	136	130
3012	138	130
3013	135	130
3014	131	129
3015	125	130
3016	123	130
3017	126	130
3018	130	129
3019	131	130
3020	136	130
3021	140	130
3022	139	130
3023	132	130
3024	124	129
3025	121	130
3026	127	130
3027	135	130
3028	143	130
3029	142	130
3030	135	130
3031	130	130
3032	131	130
3033	129	130
3034	130	130
3035	131	130
3036	131	130
3037	133	130
3038	133	130
3039	129	129
3040	130	130
3041	134	130
3042	138	130
3043	139	129
3044	136	130
3045	129	130
3046	126	130
3047	125	129
3048	126	130
3049	129	130
3050	132	130
3051	132	130
3052	136	130
3053	138	130
3054	137	130
3055	134	130
3056	131	129
3057	127	130
3058	127	130
3059	129	130
3060	132	130
3061	135	130
3062	136	130
3063	134	130
3064	134	130
3065	131	129
3066	128	130
3067	130	130
3068	133	130
3069	137	129
3070	143	130
3071	146	130
3072	149	130
3073	148	130
3074	141	130
3075	128	129
3076	118	129
3077	113	130
3078	116	130
3079	122	129
3080	131	130
3081	137	130
3082	137	129
3083	135	130
3084	135	130
3085	139	129
3086	144	130
3087	152	130
3088	159	130
3089	158	130
3090	153	130
3091	142	129
3092	130	129
3093	125	130
3094	123	130
3095	124	130
3096	124	130
3097	122	130
3098	125	130
3099	125	130
3100	122	130
3101	124	130
3102	130	130
3103	126	129
3104	129	130
3105	133	130
3106	134	130
3107	134	129
3108	137	130
3109	137	130
3110	138	130
3111	141	130
3112	149	130
3113	153	130
3114	152	130
3115	144	130
3116	143	130
3117	141	129
3118	136	130
3119	131	130
3120	127	129
3121	124	130
3122	123	130
3123	122	130
3124	123	130
3125	126	130
3126	128	130
3127	129	130
3128	130	130
3129	124	130
3130	121	129
3131	121	130
3132	121	130
3133	122	130
3134	124	130
3135	124	129
3136	124	130
3137	123	130
3138	122	130
3139	121	130
3140	119	130
3141	116	129
3142	119	130
3143	124	130
3144	129	129
3145	134	130
3146	138	130
3147	137	130
3148	143	130
3149	146	130
3150	147	130
3151	142	130
3152	133	130
3153	127	130
3154	126	130
3155	126	130
3156	129	130
3157	128	130
3158	117	130
3159	104	130
3160	91	130
3161	75	130
3162	67	130
3163	64	130
3164	61	130
3165	60	130
3166	60	130
3167	60	130
3168	62	130
3169	60	130
3170	60	130
3171	60	130
3172	58	130
3173	57	130
3174	59	130
3175	62	130
3176	255	130
3177	173	130
3178	98	130
3179	106	130
3180	110	129
3181	125	130
3182	136	130
3183	138	130
3184	134	130
3185	131	129
3186	132	130
3187	135	130
3188	142	130
3189	147	130
3190	145	130
3191	143	130
3192	140	129
3193	135	130
3194	133	130
3195	131	130
3196	129	130
3197	130	130
3198	130	130
3199	131	129
3200	133	130
3201	132	130
3202	132	130
3203	133	129
3204	133	130
3205	133	130
3206	135	130
3207	135	130
3208	134	130
3209	134	130
3210	133	130
3211	132	130
3212	128	130
3213	122	130
3214	123	129
3215	127	129
3216	134	130
3217	140	130
3218	140	130
3219	133	130
3220	127	130
3221	119	130
3222	114	130
3223	115	130
3224	119	130
3225	130	130
3226	144	130
3227	149	130
3228	143	130
3229	131	130
3230	122	130
3231	121	130
3232	126	130
3233	132	129
3234	140	130
3235	143	129
3236	137	130
3237	128	130
3238	124	130
3239	124	130
3240	128	130
3241	134	130
3242	137	130
3243	133	130
3244	130	130
3245	128	130
3246	129	129
3247	132	130
3248	136	130
3249	136	130
3250	135	130
3251	133	129
3252	131	130
3253	125	130
3254	124	129
3255	130	129
3256	137	130
3257	142	130
3258	143	130
3259	139	129
3260	133	130
3261	128	130
3262	125	129
3263	125	130
3264	129	129
3265	129	129
3266	129	130
3267	132	130
3268	135	130
3269	139	130
3270	141	130
3271	137	130
3272	131	129
3273	126	130
3274	124	130
3275	127	130
3276	132	130
3277	136	130
3278	138	130
3279	136	129
3280	133	130
3281	133	130
3282	131	130
3283	128	129
3284	130	130
3285	131	130
3286	133	130
3287	135	130
3288	137	130
3289	135	130
3290	135	130
3291	135	130
3292	136	129
3293	139	130
3294	141	130
3295	142	130
3296	139	130
3297	134	130
3298	127	130
3299	122	129
3300	119	130
3301	122	130
3302	131	129
3303	133	130
3304	131	130
3305	129	130
3306	125	130
3307	126	130
3308	132	130
3309	142	129
3310	154	129
3311	165	130
3312	167	130
3313	164	130
3314	156	129
3315	140	129
3316	129	130
3317	124	130
3318	121	130
3319	122	130
3320	125	129
3321	125	130
3322	127	130
3323	128	130
3324	128	130
3325	125	130
3326	119	129
3327	117	130
3328	122	129
3329	123	130
3330	121	130
3331	121	130
3332	124	130
3333	119	130
3334	125	130
3335	131	130
3336	126	130
3337	125	130
3338	123	130
3339	121	129
3340	127	130
3341	125	130
3342	126	130
3343	127	129
3344	131	130
3345	131	129
3346	132	130
3347	137	130
3348	147	129
3349	151	130
3350	147	130
3351	138	130
3352	129	130
3353	121	129
3354	118	129
3355	119	130
3356	125	130
3357	130	130
3358	132	130
3359	130	130
3360	129	130
3361	127	129
3362	129	130
3363	129	130
3364	128	130
3365	127	129
3366	131	129
3367	131	129
3368	132	130
3369	132	130
3370	131	130
3371	128	130
3372	131	130
3373	133	130
3374	134	130
3375	136	129
3376	139	130
3377	140	130
3378	141	130
3379	138	130
3380	139	130
3381	140	130
3382	138	130
3383	135	130
3384	131	130
3385	124	130
3386	122	130
3387	122	130
3388	123	129
3389	124	130
3390	126	130
3391	125	130
3392	124	130
3393	122	130
3394	123	130
3395	126	130
3396	133	130
3397	137	130
3398	136	130
3399	126	130
3400	116	130
3401	114	130
3402	117	130
3403	119	130
3404	125	129
3405	128	130
3406	131	130
3407	138	130
3408	143	130
3409	142	130
3410	140	129
3411	133	130
3412	131	129
3413	130	129
3414	130	130
3415	131	130
3416	133	129
3417	131	130
3418	131	129
3419	131	130
3420	132	130
3421	132	130
3422	131	130
3423	129	130
3424	130	130
3425	128	130
3426	129	130
3427	129	130
3428	129	130
3429	129	130
3430	131	130
3431	129	130
3432	127	129
3433	128	130
3434	127	129
3435	128	130
3436	129	129
3437	129	129
3438	130	130
3439	130	130
3440	130	130
3441	132	130
3442	133	129
3443	131	130
3444	133	130
3445	133	129
3446	132	130
3447	134	130
3448	135	129
3449	136	129
3450	137	130
3451	137	130
3452	136	129
3453	135	130
3454	132	130
3455	134	130
3456	136	130
3457	134	130
3458	135	130
3459	135	130
3460	133	129
3461	135	130
3462	135	130
3463	134	129
3464	135	130
3465	135	130
3466	133	130
3467	135	130
3468	132	130
3469	132	130
3470	135	129
3471	136	130
3472	135	130
3473	134	130
3474	129	130
3475	126	130
3476	129	130
3477	132	130
3478	134	129
3479	131	129
3480	127	130
3481	133	129
3482	137	130
3483	139	130
3484	136	130
3485	128	130
3486	120	129
3487	123	130
3488	128	130
3489	135	130
3490	139	130
3491	134	130
3492	126	130
3493	127	130
3494	129	130
3495	137	130
3496	144	130
3497	146	130
3498	140	129
3499	130	130
3500	117	130
3501	115	130
3502	119	130
3503	129	130
3504	142	130
3505	152	130
3506	143	130
3507	131	130
3508	124	130
3509	123	130
3510	127	130
3511	133	130
3512	136	129
3513	140	130
3514	137	130
3515	132	130
3516	124	130
3517	121	130
3518	124	130
3519	134	130
3520	141	130
3521	143	130
3522	134	130
3523	129	130
3524	127	130
3525	129	130
3526	129	130
3527	132	130
3528	135	130
3529	136	130
3530	134	130
3531	133	129
3532	128	130
3533	130	130
3534	131	130
3535	134	130
3536	136	130
3537	138	129
3538	136	130
3539	135	130
3540	131	130
3541	130	130
3542	131	130
3543	133	130
3544	135	129
3545	142	130
3546	144	129
3547	144	130
3548	141	130
3549	134	130
3550	128	130
3551	128	130
3552	125	130
3553	122	130
3554	119	130
3555	118	130
3556	122	130
3557	128	130
3558	133	130
3559	141	130
3560	144	130
3561	145	130
3562	151	130
3563	163	130
3564	165	129
3565	154	130
3566	139	130
3567	129	130
3568	127	130
3569	130	129
3570	127	130
3571	123	129
3572	119	130
3573	119	130
3574	124	130
3575	126	130
3576	126	130
3577	129	130
3578	127	130
3579	127	130
3580	131	130
3581	132	129
3582	128	130
3583	129	130
3584	137	130
3585	142	130
3586	146	130
3587	146	130
3588	149	130
3589	151	130
3590	150	130
3591	149	130
3592	144	129
3593	138	130
3594	133	130
3595	133	129
3596	129	130
3597	129	130
3598	127	130
3599	124	130
3600	123	130
3601	123	129
3602	123	130
3603	126	129
3604	125	130
3605	125	129
3606	124	130
3607	122	130
3608	120	130
3609	123	130
3610	122	130
3611	121	130
3612	120	130
3613	121	130
3614	121	130
3615	125	129
3616	126	129
3617	128	129
3618	133	130
3619	140	129
3620	141	130
3621	133	129
3622	121	130
3623	120	130
3624	125	130
3625	132	130
3626	135	130
3627	137	129
3628	132	130
3629	130	130
3630	128	130
3631	126	130
3632	126	129
3633	128	130
3634	129	130
3635	131	130
3636	129	130
3637	127	129
3638	124	130
3639	125	130
3640	127	130
3641	133	130
3642	131	130
3643	132	130
3644	133	130
3645	133	130
3646	128	130
3647	130	130
3648	122	130
3649	111	130
3650	96	130
3651	81	130
3652	69	130
3653	66	130
3654	61	129
3655	60	130
3656	60	130
3657	61	130
3658	61	130
3659	62	130
3660	60	130
3661	61	130
3662	59	130
3663	58	130
3664	59	130
3665	63	130
3666	255	130
3667	196	129
3668	102	130
3669	101	130
3670	96	130
3671	109	130
3672	125	130
3673	150	130
3674	158	130
3675	154	130
3676	147	130
3677	141	130
3678	137	129
3679	139	130
3680	138	130
3681	138	130
3682	137	130
3683	134	130
3684	130	130
3685	129	130
3686	125	129
3687	126	129
3688	128	130
3689	131	130
3690	134	130
3691	140	129
3692	137	130
3693	136	130
3694	135	129
3695	133	130
3696	131	129
3697	133	130
3698	133	130
3699	133	130
3700	130	130
3701	129	130
3702	131	130
3703	134	130
3704	131	130
3705	128	129
3706	121	130
3707	122	130
3708	129	130
3709	137	129
3710	139	130
3711	139	129
3712	128	130
3713	114	130
3714	111	130
3715	115	130
3716	124	130
3717	139	130
3718	147	129
3719	145	130
3720	134	130
3721	123	130
3722	120	130
3723	126	130
3724	133	130
3725	139	130
3726	140	130
3727	137	130
3728	133	130
3729	132	129
3730	129	130
3731	129	130
3732	131	130
3733	132	130
3734	132	130
3735	133	130
3736	132	130
3737	133	130
3738	132	130
3739	130	130
3740	130	129
3741	132	130
3742	133	130
3743	137	130
3744	139	130
3745	135	130
3746	131	130
3747	124	130
3748	121	130
3749	125	130
3750	133	130
3751	141	129
3752	147	130
3753	144	129
3754	137	130
3755	130	129
3756	123	130
3757	121	130
3758	125	129
3759	130	130
3760	136	130
3761	143	130
3762	142	130
3763	135	130
3764	130	130
3765	125	130
3766	123	130
3767	125	129
3768	129	129
3769	133	130
3770	140	130
3771	142	130
3772	140	130
3773	135	130
3774	128	130
3775	125	130
3776	127	130
3777	129	129
3778	134	130
3779	139	130
3780	141	129
3781	139	130
3782	138	129
3783	134	129
3784	134	130
3785	137	130
3786	139	130
3787	139	130
3788	139	129
3789	131	130
3790	126	130
3791	124	130
3792	124	130
3793	127	129
3794	133	130
3795	131	130
3796	131	130
3797	131	130
3798	131	130
3799	134	130
3800	136	130
3801	132	130
3802	131	130
3803	134	130
3804	140	130
3805	153	130
3806	164	129
3807	162	130
3808	163	130
3809	155	129
3810	144	130
3811	131	130
3812	121	130
3813	114	130
3814	117	130
3815	119	130
3816	126	130
3817	133	129
3818	135	129
3819	130	130
3820	125	130
3821	119	130
3822	121	130
3823	125	130
3824	128	130
3825	128	130
3826	131	130
3827	131	130
3828	131	130
3829	128	129
3830	127	130
3831	128	130
3832	128	130
3833	127	130
3834	127	130
3835	129	129
3836	128	130
3837	129	129
3838	131	129
3839	128	130
3840	126	130
3841	124	130
3842	127	130
3843	131	130
3844	132	130
3845	128	130
3846	129	130
3847	131	130
3848	133	129
3849	133	130
3850	129	130
3851	128	130
3852	134	130
3853	137	130
3854	137	130
3855	137	130
3856	135	130
3857	133	129
3858	137	130
3859	137	130
3860	139	130
3861	140	130
3862	138	129
3863	136	130
3864	136	129
3865	130	130
3866	128	130
3867	127	129
3868	125	130
3869	124	130
3870	125	130
3871	123	130
3872	125	130
3873	128	129
3874	130	130
3875	132	130
3876	131	130
3877	126	129
3878	123	130
3879	124	130
3880	123	129
3881	124	130
3882	125	130
3883	126	130
3884	131	130
3885	130	130
3886	126	130
3887	127	130
3888	131	130
3889	133	130
3890	133	130
3891	132	130
3892	130	130
3893	130	130
3894	131	130
3895	130	130
3896	130	129
3897	128	130
3898	127	130
3899	129	129
3900	129	130
3901	130	130
3902	132	129
3903	130	130
3904	128	130
3905	129	130
3906	128	129
3907	130	130
3908	132	130
3909	131	129
3910	130	130
3911	132	130
3912	131	130
3913	131	130
3914	132	130
3915	131	130
3916	132	130
3917	133	129
3918	131	130
3919	131	129
3920	131	129
3921	129	130
3922	128	130
3923	129	130
3924	128	130
3925	128	130
3926	128	130
3927	127	130
3928	128	130
3929	129	130
3930	130	130
3931	132	130
3932	132	130
3933	131	130
3934	132	130
3935	132	130
3936	131	130
3937	133	130
3938	133	130
3939	133	130
3940	133	130
3941	134	130
3942	133	130
3943	136	130
3944	137	130
3945	137	130
3946	135	130
3947	132	130
3948	130	130
3949	133	130
3950	134	130
3951	138	130
3952	140	130
3953	138	130
3954	133	130
3955	128	129
3956	124	130
3957	127	130
3958	135	130
3959	142	130
3960	144	130
3961	142	130
3962	132	130
3963	127	130
3964	126	130
3965	128	130
3966	132	130
3967	136	130
3968	133	130
3969	134	130
3970	135	129
3971	135	130
3972	134	130
3973	131	130
3974	124	130
3975	124	130
3976	127	130
3977	133	130
3978	137	130
3979	140	130
3980	136	130
3981	132	130
3982	125	129
3983	124	129
3984	129	130
3985	136	130
3986	133	130
3987	131	130
3988	130	130
3989	135	129
3990	140	129
3991	141	130
3992	137	130
3993	134	130
3994	127	129
3995	122	130
3996	122	130
3997	126	130
3998	132	130
3999	137	130
4000	134	130
4001	133	130
4002	135	130
4003	137	130
4004	139	130
4005	139	130
4006	132	130
4007	125	130
4008	119	130
4009	120	130
4010	128	130
4011	139	129
4012	144	130
4013	144	130
4014	134	130
4015	128	129
4016	126	130
4017	127	130
4018	128	130
4019	135	130
4020	138	130
4021	137	129
4022	130	130
4023	126	130
4024	124	129
4025	131	130
4026	136	130
4027	139	130
4028	140	129
4029	137	129
4030	130	130
4031	127	129
4032	123	129
4033	125	130
4034	131	130
4035	137	129
4036	144	129
4037	149	130
4038	146	130
4039	144	130
4040	139	130
4041	133	130
4042	127	129
4043	125	130
4044	121	130
4045	122	130
4046	125	130
4047	130	129
4048	134	130
4049	137	129
4050	137	130
4051	144	129
4052	153	130
4053	165	129
4054	163	130
4055	143	130
4056	129	130
4057	126	130
4058	123	129
4059	125	130
4060	121	130
4061	118	130
4062	118	129
4063	126	130
4064	125	129
4065	127	130
4066	124	130
4067	128	130
4068	125	130
4069	127	130
4070	128	130
4071	131	130
4072	134	130
4073	137	130
4074	141	130
4075	145	130
4076	144	130
4077	146	130
4078	151	130
4079	151	130
4080	151	130
4081	149	130
4082	139	130
4083	134	130
4084	127	130
4085	122	130
4086	122	130
4087	125	129
4088	126	130
4089	131	130
4090	131	130
4091	127	130
4092	124	130
4093	121	130
4094	117	130
4095	119	130
