
TIME STEP:
125 = 0.2ms

VOLTAGE STEP:
CH1:  32 = 0.15V
CH2:  32 = 5V
GND	54	128
N	CH1	CH2

0	58	130
1	63	130
2	255	130
3	95	129
4	68	129
5	63	129
6	62	130
7	63	130
8	62	130
9	75	130
10	133	130
11	242	130
12	245	130
13	150	129
14	101	130
15	83	129
16	76	130
17	75	130
18	80	130
19	95	130
20	122	130
21	167	130
22	183	130
23	152	130
24	117	130
25	96	129
26	85	130
27	84	129
28	87	129
29	98	129
30	118	130
31	139	129
32	143	130
33	132	130
34	115	130
35	105	129
36	101	130
37	101	130
38	105	130
39	118	130
40	125	130
41	123	130
42	117	130
43	111	130
44	105	130
45	104	129
46	103	130
47	108	130
48	112	130
49	114	129
50	115	130
51	117	130
52	115	130
53	115	130
54	112	130
55	112	130
56	115	130
57	116	130
58	114	129
59	117	130
60	119	130
61	118	129
62	115	130
63	115	130
64	114	130
65	117	130
66	117	130
67	119	130
68	118	130
69	116	130
70	113	130
71	116	130
72	116	130
73	117	130
74	119	130
75	120	130
76	120	130
77	121	130
78	119	130
79	119	130
80	119	130
81	119	130
82	119	130
83	121	130
84	119	130
85	121	130
86	121	130
87	119	130
88	118	130
89	118	130
90	114	130
91	114	130
92	114	129
93	115	130
94	117	130
95	119	130
96	116	130
97	116	130
98	114	129
99	113	129
100	113	129
101	113	129
102	113	130
103	116	130
104	116	130
105	117	130
106	117	130
107	115	130
108	112	130
109	114	130
110	113	130
111	115	130
112	117	130
113	118	129
114	118	130
115	118	130
116	115	130
117	116	130
118	116	130
119	116	129
120	117	129
121	119	129
122	116	130
123	115	129
124	115	129
125	113	130
126	113	129
127	114	129
128	114	129
129	116	130
130	117	130
131	118	130
132	119	130
133	118	129
134	114	130
135	114	130
136	111	129
137	110	130
138	111	130
139	111	129
140	111	129
141	115	130
142	115	130
143	116	130
144	115	130
145	110	130
146	108	130
147	112	130
148	114	130
149	120	129
150	123	130
151	123	129
152	120	129
153	118	130
154	111	130
155	111	129
156	111	129
157	112	129
158	115	130
159	120	129
160	120	130
161	120	130
162	117	129
163	114	130
164	111	130
165	111	130
166	111	130
167	117	130
168	118	130
169	118	130
170	118	130
171	117	130
172	114	129
173	117	130
174	117	130
175	119	130
176	120	130
177	122	130
178	122	130
179	122	130
180	117	130
181	117	130
182	117	130
183	119	130
184	120	129
185	124	130
186	120	130
187	119	130
188	117	130
189	116	130
190	116	130
191	119	130
192	118	130
193	121	130
194	121	130
195	120	130
196	118	130
197	117	130
198	114	130
199	118	129
200	118	130
201	118	129
202	117	130
203	117	130
204	115	130
205	118	130
206	117	130
207	116	130
208	117	130
209	118	129
210	119	130
211	122	130
212	120	129
213	117	130
214	113	130
215	112	130
216	113	130
217	115	130
218	111	130
219	113	130
220	119	130
221	122	130
222	124	130
223	123	130
224	116	130
225	114	130
226	113	130
227	114	130
228	117	130
229	121	130
230	120	130
231	122	130
232	118	130
233	116	130
234	115	129
235	116	130
236	115	130
237	120	130
238	121	130
239	121	130
240	120	129
241	119	130
242	116	130
243	116	130
244	114	130
245	115	130
246	114	130
247	111	130
248	113	130
249	121	130
250	124	130
251	127	130
252	127	130
253	121	130
254	115	130
255	113	130
256	109	130
257	112	130
258	115	129
259	119	130
260	123	130
261	125	130
262	120	130
263	118	130
264	116	130
265	115	130
266	117	130
267	119	130
268	118	129
269	123	130
270	122	129
271	120	129
272	118	130
273	116	130
274	114	130
275	116	130
276	116	130
277	117	130
278	115	130
279	115	130
280	123	129
281	136	129
282	143	130
283	145	130
284	134	130
285	117	130
286	104	130
287	100	130
288	96	129
289	101	130
290	109	129
291	118	129
292	125	129
293	128	129
294	129	130
295	136	130
296	146	130
297	149	130
298	139	130
299	126	130
300	118	129
301	119	130
302	117	130
303	115	130
304	116	129
305	116	130
306	115	130
307	111	130
308	109	130
309	114	130
310	120	130
311	122	130
312	122	130
313	127	130
314	127	130
315	127	130
316	126	130
317	121	129
318	118	130
319	118	130
320	116	130
321	117	130
322	118	130
323	117	130
324	117	130
325	117	130
326	114	129
327	116	130
328	116	130
329	117	130
330	119	129
331	119	130
332	117	129
333	119	130
334	121	130
335	121	130
336	122	130
337	123	130
338	121	130
339	122	130
340	122	129
341	122	130
342	121	130
343	120	130
344	119	130
345	120	130
346	117	130
347	116	130
348	118	130
349	118	130
350	119	130
351	120	130
352	117	130
353	115	130
354	115	130
355	114	130
356	114	130
357	115	130
358	116	130
359	119	130
360	118	130
361	115	130
362	115	130
363	113	130
364	112	130
365	116	130
366	117	130
367	116	130
368	119	130
369	118	130
370	115	130
371	115	130
372	113	130
373	112	130
374	116	130
375	119	130
376	119	129
377	121	129
378	118	130
379	115	130
380	116	130
381	118	130
382	120	130
383	122	129
384	119	130
385	116	130
386	116	130
387	115	130
388	115	130
389	115	130
390	116	129
391	117	130
392	118	130
393	116	130
394	117	130
395	117	130
396	116	130
397	118	129
398	119	130
399	119	130
400	119	130
401	118	129
402	116	130
403	117	130
404	118	129
405	117	129
406	117	130
407	115	129
408	115	130
409	115	129
410	115	130
411	116	130
412	118	130
413	117	129
414	117	130
415	117	130
416	116	130
417	114	130
418	115	129
419	115	130
420	116	130
421	118	130
422	119	129
423	118	130
424	117	130
425	115	130
426	114	130
427	113	130
428	113	129
429	114	130
430	116	130
431	116	130
432	116	130
433	116	129
434	114	130
435	113	130
436	114	130
437	113	130
438	113	130
439	114	129
440	114	130
441	115	129
442	114	130
443	113	129
444	113	130
445	115	129
446	117	130
447	119	129
448	121	130
449	119	129
450	118	130
451	115	130
452	114	130
453	114	130
454	114	129
455	113	130
456	114	130
457	114	130
458	115	130
459	116	130
460	116	130
461	116	130
462	117	130
463	115	130
464	115	129
465	115	130
466	115	130
467	116	130
468	119	130
469	119	130
470	120	130
471	117	130
472	105	130
473	90	130
474	78	129
475	67	129
476	64	130
477	62	130
478	61	130
479	61	130
480	61	130
481	60	130
482	61	130
483	60	130
484	60	130
485	59	130
486	59	130
487	58	130
488	59	130
489	58	129
490	58	130
491	65	130
492	255	130
493	119	130
494	97	130
495	79	130
496	75	130
497	78	130
498	88	130
499	112	129
500	158	129
501	181	130
502	157	130
503	124	129
504	104	129
505	93	130
506	94	130
507	99	129
508	111	130
509	128	130
510	140	130
511	139	130
512	130	129
513	115	129
514	108	130
515	104	130
516	104	130
517	109	130
518	118	130
519	123	130
520	130	130
521	130	130
522	124	130
523	117	130
524	111	130
525	105	130
526	103	130
527	103	130
528	107	130
529	115	130
530	120	130
531	120	130
532	119	130
533	117	130
534	115	130
535	114	130
536	111	129
537	109	129
538	113	130
539	116	130
540	120	129
541	121	130
542	120	129
543	116	129
544	116	130
545	114	129
546	115	130
547	115	130
548	116	129
549	116	129
550	117	130
551	115	130
552	117	130
553	118	130
554	118	130
555	119	130
556	120	130
557	117	130
558	117	130
559	117	129
560	117	130
561	118	130
562	119	130
563	117	130
564	118	130
565	117	130
566	115	130
567	114	130
568	114	130
569	115	130
570	123	130
571	127	130
572	130	130
573	129	130
574	125	130
575	119	130
576	113	130
577	107	130
578	106	130
579	108	130
580	111	130
581	113	130
582	113	130
583	108	130
584	108	130
585	111	130
586	114	130
587	117	130
588	124	130
589	124	130
590	124	130
591	123	130
592	120	130
593	117	130
594	116	130
595	115	130
596	117	130
597	118	130
598	117	130
599	115	130
600	113	130
601	111	129
602	114	130
603	117	130
604	119	130
605	120	130
606	119	130
607	116	130
608	115	130
609	115	130
610	116	130
611	118	130
612	118	130
613	117	130
614	116	130
615	114	130
616	116	130
617	120	130
618	120	129
619	120	130
620	121	130
621	119	130
622	118	130
623	119	130
624	119	130
625	120	130
626	121	130
627	120	130
628	120	130
629	120	130
630	119	130
631	118	130
632	117	130
633	116	130
634	117	130
635	118	130
636	117	130
637	117	130
638	117	130
639	116	130
640	116	130
641	116	130
642	116	129
643	115	130
644	115	130
645	114	130
646	115	130
647	116	130
648	116	129
649	117	130
650	114	130
651	112	130
652	113	130
653	114	130
654	114	130
655	116	130
656	116	129
657	116	130
658	117	130
659	118	130
660	118	130
661	117	130
662	116	129
663	115	129
664	115	130
665	115	130
666	117	130
667	119	130
668	119	130
669	118	130
670	117	130
671	116	130
672	115	130
673	116	130
674	115	129
675	115	129
676	116	129
677	117	130
678	116	130
679	118	130
680	117	130
681	116	129
682	115	130
683	114	130
684	114	130
685	115	129
686	114	129
687	115	130
688	115	130
689	114	130
690	115	130
691	115	130
692	114	130
693	114	130
694	114	129
695	113	130
696	113	130
697	114	130
698	113	130
699	114	129
700	114	130
701	114	130
702	114	130
703	114	130
704	113	130
705	116	129
706	117	129
707	117	130
708	118	130
709	117	130
710	114	130
711	115	130
712	115	130
713	115	130
714	115	130
715	115	130
716	115	130
717	116	130
718	115	130
719	116	130
720	117	130
721	117	130
722	117	130
723	118	129
724	115	130
725	114	130
726	114	130
727	115	130
728	115	129
729	118	130
730	119	130
731	121	130
732	121	130
733	120	130
734	119	130
735	117	129
736	116	130
737	118	130
738	119	130
739	120	130
740	121	130
741	121	130
742	119	129
743	120	130
744	119	130
745	117	130
746	117	130
747	115	129
748	114	129
749	115	130
750	117	130
751	120	130
752	123	130
753	123	130
754	122	129
755	119	130
756	112	130
757	110	129
758	111	129
759	115	129
760	120	130
761	126	130
762	125	130
763	122	130
764	117	129
765	114	129
766	112	130
767	112	130
768	114	130
769	116	130
770	118	130
771	118	130
772	117	129
773	115	129
774	113	130
775	115	129
776	118	130
777	120	130
778	121	130
779	120	130
780	117	130
781	115	130
782	114	130
783	113	130
784	115	130
785	117	130
786	119	130
787	122	130
788	123	130
789	121	130
790	119	130
791	115	130
792	111	130
793	111	130
794	112	129
795	115	130
796	121	129
797	125	130
798	127	130
799	125	130
800	122	130
801	117	130
802	113	130
803	111	130
804	110	130
805	109	130
806	112	130
807	119	130
808	127	130
809	130	130
810	128	130
811	122	129
812	114	129
813	109	130
814	108	130
815	110	130
816	114	130
817	121	129
818	126	130
819	126	130
820	123	130
821	118	130
822	115	130
823	114	129
824	114	129
825	114	129
826	112	130
827	115	130
828	121	130
829	128	130
830	128	130
831	125	130
832	120	130
833	114	130
834	111	130
835	111	130
836	114	130
837	119	130
838	127	130
839	133	130
840	140	130
841	139	130
842	131	130
843	116	130
844	105	130
845	98	130
846	101	130
847	106	130
848	114	129
849	122	130
850	128	130
851	134	130
852	153	130
853	157	130
854	135	129
855	117	130
856	109	130
857	108	130
858	111	130
859	112	130
860	115	130
861	115	130
862	115	130
863	114	129
864	118	130
865	117	130
866	118	129
867	124	130
868	130	129
869	131	130
870	128	130
871	121	130
872	117	130
873	115	130
874	115	130
875	116	130
876	118	130
877	117	130
878	119	130
879	117	130
880	116	130
881	117	130
882	120	130
883	119	130
884	120	130
885	120	130
886	119	130
887	119	130
888	119	130
889	118	130
890	119	130
891	119	130
892	119	130
893	120	130
894	121	130
895	122	130
896	124	130
897	121	130
898	118	130
899	116	130
900	115	130
901	115	130
902	117	130
903	117	130
904	118	129
905	119	130
906	120	130
907	119	130
908	117	130
909	112	130
910	112	130
911	113	130
912	114	130
913	115	130
914	117	130
915	115	130
916	116	130
917	117	130
918	118	130
919	118	130
920	116	130
921	115	130
922	114	130
923	114	130
924	114	130
925	116	130
926	117	130
927	119	130
928	122	130
929	122	129
930	120	130
931	118	130
932	117	130
933	117	130
934	117	130
935	115	130
936	114	130
937	115	129
938	116	130
939	117	130
940	118	129
941	117	130
942	117	130
943	117	130
944	116	130
945	116	130
946	117	130
947	118	130
948	118	130
949	118	129
950	117	130
951	118	130
952	118	130
953	115	130
954	114	130
955	114	129
956	114	130
957	114	130
958	117	130
959	119	130
960	120	130
961	119	130
962	112	129
963	98	130
964	84	129
965	71	129
966	66	130
967	63	130
968	60	130
969	60	130
970	60	130
971	60	130
972	61	130
973	61	129
974	60	130
975	60	130
976	59	130
977	58	130
978	58	130
979	57	130
980	57	130
981	61	130
982	255	130
983	162	129
984	105	130
985	78	129
986	71	130
987	72	130
988	75	130
989	87	130
990	120	130
991	178	130
992	207	130
993	163	130
994	115	130
995	90	130
996	80	130
997	77	130
998	79	129
999	89	130
1000	109	129
1001	142	129
1002	168	130
1003	157	129
1004	127	130
1005	105	130
1006	92	130
1007	87	130
1008	90	130
1009	97	130
1010	113	130
1011	133	130
1012	143	130
1013	137	130
1014	123	129
1015	110	130
1016	101	130
1017	97	130
1018	97	130
1019	103	130
1020	111	130
1021	121	130
1022	127	130
1023	127	130
1024	119	130
1025	113	130
1026	106	130
1027	103	129
1028	103	130
1029	106	130
1030	112	130
1031	121	130
1032	127	130
1033	129	129
1034	124	130
1035	117	130
1036	110	130
1037	107	130
1038	105	130
1039	107	130
1040	113	129
1041	119	130
1042	124	130
1043	127	130
1044	123	130
1045	117	130
1046	112	130
1047	108	130
1048	107	130
1049	109	130
1050	113	130
1051	116	129
1052	119	130
1053	121	130
1054	120	130
1055	118	130
1056	116	130
1057	115	130
1058	116	130
1059	117	129
1060	119	130
1061	120	130
1062	119	130
1063	119	129
1064	119	130
1065	119	130
1066	117	130
1067	117	129
1068	116	130
1069	117	130
1070	118	130
1071	119	129
1072	118	130
1073	117	130
1074	116	130
1075	116	130
1076	115	130
1077	115	130
1078	118	129
1079	119	130
1080	120	130
1081	122	130
1082	121	130
1083	120	130
1084	119	130
1085	118	130
1086	117	129
1087	117	129
1088	117	129
1089	117	129
1090	118	130
1091	115	130
1092	112	129
1093	112	130
1094	115	130
1095	118	130
1096	123	130
1097	122	130
1098	120	130
1099	118	130
1100	116	130
1101	113	129
1102	113	130
1103	113	130
1104	115	130
1105	118	130
1106	121	130
1107	122	130
1108	121	130
1109	118	130
1110	116	130
1111	115	130
1112	117	130
1113	120	130
1114	125	130
1115	125	130
1116	124	130
1117	119	130
1118	114	129
1119	111	129
1120	111	130
1121	110	130
1122	110	130
1123	110	130
1124	111	130
1125	112	130
1126	110	130
1127	106	130
1128	109	130
1129	108	130
1130	108	130
1131	110	130
1132	115	130
1133	117	130
1134	122	129
1135	123	130
1136	119	130
1137	114	130
1138	113	130
1139	115	130
1140	118	130
1141	119	130
1142	121	130
1143	121	130
1144	125	130
1145	133	130
1146	141	130
1147	135	130
1148	125	130
1149	116	130
1150	111	130
1151	111	130
1152	116	130
1153	120	130
1154	123	129
1155	125	130
1156	123	130
1157	119	130
1158	116	130
1159	113	129
1160	113	129
1161	113	130
1162	115	130
1163	116	130
1164	117	130
1165	115	130
1166	114	130
1167	113	130
1168	113	130
1169	115	130
1170	117	130
1171	117	130
1172	116	130
1173	116	130
1174	113	130
1175	112	129
1176	112	130
1177	112	129
1178	113	130
1179	115	130
1180	116	130
1181	116	129
1182	115	130
1183	117	130
1184	118	130
1185	115	130
1186	115	130
1187	117	130
1188	120	130
1189	122	130
1190	121	130
1191	117	130
1192	113	130
1193	112	130
1194	114	130
1195	116	130
1196	118	130
1197	119	130
1198	118	130
1199	118	130
1200	116	130
1201	115	130
1202	115	129
1203	117	130
1204	118	130
1205	119	130
1206	117	130
1207	114	130
1208	112	130
1209	112	130
1210	113	130
1211	117	130
1212	119	130
1213	120	130
1214	120	130
1215	119	129
1216	118	130
1217	117	130
1218	115	129
1219	115	130
1220	115	130
1221	116	130
1222	116	130
1223	117	130
1224	115	130
1225	115	130
1226	115	130
1227	115	129
1228	116	130
1229	117	130
1230	116	129
1231	115	130
1232	115	130
1233	114	130
1234	114	130
1235	114	130
1236	113	129
1237	115	130
1238	115	130
1239	115	130
1240	114	129
1241	114	130
1242	112	130
1243	113	130
1244	113	130
1245	113	130
1246	115	130
1247	116	130
1248	117	130
1249	118	130
1250	117	130
1251	117	130
1252	116	130
1253	115	129
1254	114	130
1255	115	130
1256	115	130
1257	115	130
1258	117	130
1259	117	130
1260	117	130
1261	117	129
1262	115	130
1263	115	130
1264	115	130
1265	117	130
1266	118	130
1267	119	130
1268	118	129
1269	117	130
1270	117	130
1271	118	130
1272	119	130
1273	119	129
1274	117	129
1275	118	129
1276	119	129
1277	119	130
1278	120	129
1279	121	130
1280	119	130
1281	118	130
1282	119	130
1283	118	130
1284	118	130
1285	118	130
1286	117	130
1287	117	130
1288	117	130
1289	116	130
1290	117	130
1291	117	129
1292	118	130
1293	119	130
1294	119	129
1295	118	130
1296	119	130
1297	119	130
1298	120	129
1299	121	130
1300	121	130
1301	120	130
1302	119	130
1303	117	129
1304	116	130
1305	114	130
1306	114	130
1307	114	130
1308	116	129
1309	117	130
1310	115	130
1311	115	129
1312	117	130
1313	120	130
1314	123	130
1315	124	130
1316	121	130
1317	117	130
1318	112	130
1319	108	130
1320	108	129
1321	110	130
1322	114	130
1323	120	130
1324	125	130
1325	126	130
1326	123	130
1327	117	130
1328	112	129
1329	110	130
1330	109	129
1331	113	130
1332	119	130
1333	122	130
1334	125	130
1335	125	130
1336	122	130
1337	118	130
1338	115	130
1339	112	129
1340	112	130
1341	114	130
1342	118	130
1343	121	129
1344	124	130
1345	123	129
1346	123	130
1347	120	130
1348	117	130
1349	114	130
1350	114	130
1351	113	130
1352	116	130
1353	119	129
1354	120	130
1355	121	130
1356	120	130
1357	115	130
1358	112	130
1359	113	130
1360	117	130
1361	121	129
1362	123	130
1363	124	130
1364	123	130
1365	119	130
1366	115	130
1367	114	130
1368	113	130
1369	115	130
1370	119	130
1371	121	130
1372	123	130
1373	124	130
1374	122	130
1375	119	130
1376	117	130
1377	115	130
1378	116	130
1379	120	130
1380	125	130
1381	132	130
1382	137	130
1383	133	130
1384	119	130
1385	106	130
1386	100	130
1387	100	130
1388	105	130
1389	113	130
1390	124	130
1391	134	130
1392	145	130
1393	154	129
1394	143	130
1395	124	130
1396	115	130
1397	112	130
1398	110	130
1399	111	130
1400	113	130
1401	113	130
1402	113	130
1403	117	130
1404	117	129
1405	116	130
1406	114	130
1407	114	130
1408	115	130
1409	120	130
1410	121	130
1411	129	130
1412	139	130
1413	135	130
1414	125	130
1415	118	130
1416	113	130
1417	113	130
1418	116	130
1419	120	130
1420	123	130
1421	123	130
1422	120	130
1423	116	130
1424	113	129
1425	112	130
1426	115	130
1427	119	130
1428	123	130
1429	125	130
1430	123	129
1431	121	130
1432	118	130
1433	117	130
1434	117	130
1435	121	130
1436	121	130
1437	121	130
1438	119	130
1439	117	130
1440	116	130
1441	116	130
1442	114	129
1443	115	130
1444	118	130
1445	119	130
1446	118	130
1447	118	130
1448	115	130
1449	115	130
1450	115	130
1451	116	130
1452	110	130
1453	101	130
1454	87	129
1455	76	130
1456	68	130
1457	64	129
1458	61	129
1459	60	130
1460	58	130
1461	60	129
1462	60	130
1463	60	130
1464	60	130
1465	60	130
1466	58	130
1467	59	129
1468	58	130
1469	58	130
1470	58	130
1471	62	130
1472	255	130
1473	149	130
1474	109	130
1475	98	130
1476	96	130
1477	103	130
1478	114	130
1479	127	130
1480	132	130
1481	130	130
1482	127	130
1483	125	130
1484	126	130
1485	127	130
1486	125	130
1487	121	130
1488	118	130
1489	115	130
1490	113	130
1491	112	130
1492	113	130
1493	114	130
1494	116	130
1495	117	130
1496	117	130
1497	115	130
1498	113	130
1499	112	130
1500	113	130
1501	113	130
1502	115	130
1503	116	130
1504	115	130
1505	113	130
1506	112	130
1507	111	130
1508	112	130
1509	113	130
1510	114	130
1511	115	130
1512	115	130
1513	113	130
1514	113	130
1515	113	130
1516	113	130
1517	115	130
1518	116	130
1519	115	130
1520	114	130
1521	114	130
1522	114	130
1523	114	130
1524	115	130
1525	115	130
1526	116	130
1527	117	130
1528	117	130
1529	117	130
1530	116	129
1531	114	130
1532	114	130
1533	114	130
1534	114	130
1535	114	130
1536	114	130
1537	112	129
1538	113	130
1539	114	130
1540	114	130
1541	115	130
1542	115	130
1543	114	130
1544	115	130
1545	114	129
1546	114	130
1547	113	130
1548	114	130
1549	115	130
1550	117	130
1551	117	130
1552	116	129
1553	116	130
1554	115	130
1555	115	130
1556	116	130
1557	115	129
1558	114	130
1559	114	130
1560	115	130
1561	115	130
1562	117	130
1563	117	130
1564	116	129
1565	115	130
1566	114	130
1567	114	130
1568	114	130
1569	115	130
1570	117	130
1571	119	130
1572	118	130
1573	117	129
1574	117	130
1575	115	130
1576	115	130
1577	117	130
1578	117	130
1579	117	130
1580	117	130
1581	116	130
1582	116	130
1583	115	130
1584	116	130
1585	117	130
1586	117	130
1587	118	130
1588	119	130
1589	119	130
1590	117	130
1591	115	130
1592	115	130
1593	114	130
1594	115	130
1595	117	130
1596	118	130
1597	119	130
1598	119	130
1599	119	130
1600	119	130
1601	118	130
1602	117	129
1603	117	130
1604	116	130
1605	117	130
1606	118	130
1607	119	130
1608	118	130
1609	119	129
1610	119	129
1611	118	130
1612	118	130
1613	117	130
1614	116	130
1615	117	129
1616	118	130
1617	119	130
1618	120	130
1619	120	130
1620	116	130
1621	112	129
1622	111	130
1623	113	130
1624	117	130
1625	122	130
1626	124	130
1627	125	130
1628	120	130
1629	115	130
1630	111	130
1631	110	130
1632	111	130
1633	116	129
1634	120	130
1635	122	129
1636	122	130
1637	120	130
1638	117	129
1639	116	130
1640	114	130
1641	113	129
1642	112	129
1643	113	130
1644	117	130
1645	122	130
1646	124	130
1647	125	130
1648	123	130
1649	119	130
1650	116	129
1651	114	130
1652	112	129
1653	114	130
1654	117	130
1655	120	130
1656	123	130
1657	123	130
1658	122	130
1659	120	130
1660	117	130
1661	113	130
1662	112	130
1663	112	130
1664	113	130
1665	117	130
1666	120	130
1667	122	130
1668	121	130
1669	119	130
1670	117	130
1671	115	130
1672	116	130
1673	124	130
1674	137	130
1675	145	130
1676	137	130
1677	120	129
1678	105	130
1679	98	129
1680	97	130
1681	99	129
1682	103	130
1683	108	130
1684	108	130
1685	107	130
1686	110	130
1687	111	130
1688	110	130
1689	108	130
1690	109	129
1691	113	130
1692	118	130
1693	120	130
1694	122	130
1695	125	129
1696	132	130
1697	139	130
1698	135	130
1699	124	130
1700	115	130
1701	110	130
1702	109	130
1703	111	130
1704	116	130
1705	119	130
1706	123	130
1707	125	130
1708	122	130
1709	118	130
1710	117	130
1711	116	130
1712	117	129
1713	119	130
1714	120	130
1715	120	130
1716	119	130
1717	118	130
1718	119	130
1719	118	129
1720	117	130
1721	116	130
1722	116	129
1723	115	130
1724	116	130
1725	116	130
1726	114	130
1727	112	130
1728	111	130
1729	111	130
1730	113	130
1731	114	129
1732	116	130
1733	115	130
1734	113	130
1735	113	130
1736	117	130
1737	119	130
1738	118	130
1739	118	130
1740	116	130
1741	114	129
1742	114	129
1743	114	130
1744	116	129
1745	118	130
1746	118	130
1747	116	130
1748	117	130
1749	118	129
1750	120	130
1751	120	130
1752	118	130
1753	116	130
1754	114	130
1755	111	130
1756	111	130
1757	113	130
1758	116	130
1759	119	130
1760	120	130
1761	119	130
1762	118	130
1763	117	130
1764	115	129
1765	114	130
1766	114	130
1767	116	130
1768	118	130
1769	120	130
1770	120	130
1771	119	130
1772	117	130
1773	115	130
1774	115	130
1775	115	130
1776	115	130
1777	116	129
1778	117	129
1779	117	130
1780	117	129
1781	116	129
1782	114	129
1783	113	130
1784	113	129
1785	113	129
1786	114	129
1787	115	130
1788	115	130
1789	116	129
1790	115	129
1791	115	130
1792	114	130
1793	113	130
1794	112	130
1795	113	130
1796	114	129
1797	114	130
1798	115	130
1799	115	130
1800	113	130
1801	112	130
1802	110	129
1803	111	130
1804	113	129
1805	118	130
1806	123	130
1807	125	129
1808	121	130
1809	117	130
1810	113	129
1811	110	130
1812	110	130
1813	112	130
1814	113	130
1815	114	130
1816	117	130
1817	118	130
1818	118	130
1819	119	130
1820	117	130
1821	116	130
1822	115	130
1823	115	130
1824	115	129
1825	116	130
1826	117	130
1827	119	130
1828	121	130
1829	121	130
1830	121	130
1831	120	130
1832	118	130
1833	118	130
1834	119	130
1835	118	130
1836	118	130
1837	118	130
1838	117	130
1839	118	130
1840	118	130
1841	117	130
1842	116	130
1843	115	130
1844	114	130
1845	116	130
1846	117	130
1847	118	130
1848	119	130
1849	118	130
1850	117	129
1851	117	130
1852	116	130
1853	116	130
1854	118	130
1855	120	130
1856	121	130
1857	123	129
1858	123	130
1859	121	130
1860	120	130
1861	119	129
1862	118	130
1863	117	129
1864	117	130
1865	118	130
1866	119	130
1867	117	130
1868	113	130
1869	112	130
1870	110	129
1871	111	130
1872	115	130
1873	119	129
1874	124	129
1875	128	130
1876	126	130
1877	121	130
1878	116	130
1879	112	130
1880	110	129
1881	110	129
1882	113	130
1883	117	130
1884	122	130
1885	123	129
1886	123	130
1887	121	129
1888	118	130
1889	114	130
1890	113	130
1891	111	130
1892	111	130
1893	117	130
1894	122	130
1895	126	130
1896	128	130
1897	123	129
1898	116	130
1899	109	130
1900	106	130
1901	106	130
1902	111	130
1903	118	130
1904	126	130
1905	130	130
1906	128	129
1907	122	130
1908	115	130
1909	110	129
1910	110	130
1911	112	129
1912	116	130
1913	121	129
1914	125	130
1915	125	130
1916	125	130
1917	121	130
1918	117	130
1919	114	130
1920	113	130
1921	113	130
1922	116	130
1923	118	130
1924	120	130
1925	122	130
1926	122	130
1927	120	129
1928	118	130
1929	113	130
1930	111	130
1931	115	130
1932	123	129
1933	132	130
1934	140	130
1935	138	130
1936	126	130
1937	113	130
1938	104	130
1939	101	130
1940	102	130
1941	109	130
1942	117	130
1943	119	130
1944	112	130
1945	100	130
1946	84	130
1947	72	129
1948	67	129
1949	63	130
1950	61	129
1951	61	129
1952	61	130
1953	61	129
1954	61	129
1955	60	129
1956	59	129
1957	59	129
1958	59	129
1959	59	130
1960	225	130
1961	199	130
1962	110	130
1963	97	129
1964	104	130
1965	111	129
1966	113	129
1967	112	130
1968	109	130
1969	109	130
1970	113	130
1971	115	130
1972	118	130
1973	119	129
1974	120	130
1975	121	130
1976	121	130
1977	122	130
1978	129	130
1979	139	130
1980	146	130
1981	148	129
1982	132	130
1983	115	130
1984	105	130
1985	103	130
1986	104	130
1987	114	130
1988	125	130
1989	132	129
1990	131	130
1991	125	130
1992	117	130
1993	112	130
1994	109	130
1995	110	130
1996	112	130
1997	115	130
1998	118	130
1999	120	130
2000	119	130
2001	117	130
2002	114	130
2003	112	130
2004	111	129
2005	112	130
2006	110	130
2007	111	130
2008	112	130
2009	114	130
2010	114	130
2011	115	129
2012	114	130
2013	113	130
2014	113	130
2015	115	129
2016	116	129
2017	118	130
2018	115	130
2019	115	130
2020	117	130
2021	118	130
2022	119	130
2023	119	130
2024	117	130
2025	115	130
2026	115	129
2027	116	129
2028	115	130
2029	115	129
2030	116	130
2031	118	130
2032	118	130
2033	118	130
2034	119	130
2035	119	130
2036	117	130
2037	119	130
2038	119	130
2039	118	130
2040	116	130
2041	115	130
2042	114	129
2043	115	130
2044	115	130
2045	114	130
2046	115	130
2047	116	130
2048	118	130
2049	118	130
2050	118	130
2051	119	130
2052	119	130
2053	119	129
2054	118	129
2055	117	129
2056	115	130
2057	114	130
2058	116	129
2059	116	129
2060	117	130
2061	118	130
2062	119	130
2063	118	130
2064	118	130
2065	116	130
2066	115	130
2067	114	130
2068	115	130
2069	116	130
2070	117	130
2071	117	130
2072	117	130
2073	117	130
2074	115	130
2075	115	130
2076	116	130
2077	115	130
2078	115	130
2079	115	130
2080	115	130
2081	115	130
2082	116	130
2083	115	130
2084	115	130
2085	115	130
2086	115	130
2087	115	130
2088	115	130
2089	113	129
2090	113	130
2091	113	130
2092	113	130
2093	114	130
2094	115	130
2095	113	130
2096	113	130
2097	112	130
2098	111	129
2099	113	130
2100	115	130
2101	117	130
2102	121	130
2103	122	130
2104	120	130
2105	117	130
2106	113	130
2107	111	130
2108	112	130
2109	114	130
2110	116	130
2111	118	130
2112	117	130
2113	116	130
2114	115	130
2115	115	130
2116	114	129
2117	114	130
2118	115	130
2119	115	130
2120	117	130
2121	117	129
2122	117	130
2123	118	130
2124	117	130
2125	117	129
2126	117	130
2127	116	129
2128	116	129
2129	117	129
2130	116	129
2131	116	130
2132	116	130
2133	116	130
2134	117	130
2135	119	130
2136	119	130
2137	117	130
2138	117	130
2139	116	130
2140	115	130
2141	116	130
2142	117	129
2143	118	130
2144	117	130
2145	116	129
2146	116	130
2147	115	129
2148	114	130
2149	115	130
2150	117	130
2151	119	130
2152	121	130
2153	124	130
2154	122	130
2155	120	130
2156	117	130
2157	116	130
2158	115	130
2159	117	130
2160	118	130
2161	120	130
2162	121	130
2163	121	130
2164	119	130
2165	117	130
2166	115	130
2167	116	130
2168	116	130
2169	118	130
2170	120	130
2171	121	130
2172	121	129
2173	121	130
2174	119	129
2175	113	130
2176	108	130
2177	108	130
2178	112	130
2179	119	130
2180	125	130
2181	127	129
2182	123	130
2183	115	130
2184	112	130
2185	113	129
2186	113	130
2187	116	130
2188	120	130
2189	123	129
2190	123	130
2191	122	130
2192	115	130
2193	110	130
2194	109	130
2195	113	130
2196	117	129
2197	122	130
2198	121	130
2199	117	129
2200	115	130
2201	117	130
2202	119	130
2203	119	130
2204	119	130
2205	119	130
2206	120	130
2207	119	130
2208	119	130
2209	117	130
2210	116	130
2211	117	130
2212	119	130
2213	120	130
2214	120	130
2215	120	130
2216	119	130
2217	115	130
2218	113	129
2219	114	130
2220	118	129
2221	120	129
2222	122	130
2223	123	130
2224	122	130
2225	119	129
2226	117	130
2227	117	130
2228	117	130
2229	119	130
2230	123	130
2231	126	129
2232	127	130
2233	124	130
2234	118	130
2235	110	130
2236	105	130
2237	103	130
2238	107	130
2239	108	129
2240	108	130
2241	107	130
2242	106	129
2243	107	130
2244	109	129
2245	112	130
2246	119	130
2247	130	130
2248	133	130
2249	125	130
2250	120	129
2251	116	130
2252	115	130
2253	115	130
2254	118	130
2255	118	130
2256	119	130
2257	117	130
2258	117	130
2259	116	130
2260	115	130
2261	115	130
2262	118	130
2263	118	130
2264	119	130
2265	118	130
2266	116	130
2267	114	129
2268	116	129
2269	116	130
2270	119	130
2271	119	130
2272	118	130
2273	117	130
2274	117	130
2275	117	130
2276	121	130
2277	121	130
2278	119	130
2279	118	130
2280	119	130
2281	118	130
2282	121	130
2283	122	130
2284	120	130
2285	118	130
2286	116	130
2287	113	129
2288	115	130
2289	115	130
2290	116	130
2291	117	130
2292	118	130
2293	118	130
2294	119	130
2295	116	130
2296	114	130
2297	114	130
2298	113	130
2299	113	130
2300	116	130
2301	116	129
2302	115	129
2303	116	130
2304	115	129
2305	115	130
2306	116	130
2307	116	130
2308	115	130
2309	115	130
2310	113	130
2311	114	129
2312	116	130
2313	117	130
2314	119	130
2315	120	130
2316	117	130
2317	116	130
2318	115	129
2319	115	129
2320	115	130
2321	118	130
2322	118	130
2323	118	130
2324	117	130
2325	116	130
2326	114	130
2327	116	130
2328	115	130
2329	116	130
2330	117	130
2331	117	129
2332	117	130
2333	118	130
2334	115	130
2335	115	129
2336	113	130
2337	112	130
2338	113	129
2339	115	130
2340	114	130
2341	116	130
2342	117	130
2343	117	130
2344	117	129
2345	117	129
2346	114	130
2347	113	130
2348	112	130
2349	111	130
2350	112	130
2351	113	130
2352	113	129
2353	116	130
2354	116	130
2355	115	130
2356	114	130
2357	114	130
2358	111	130
2359	113	129
2360	114	130
2361	114	130
2362	115	130
2363	116	130
2364	116	130
2365	118	130
2366	118	130
2367	119	129
2368	119	130
2369	118	130
2370	115	130
2371	115	129
2372	112	130
2373	111	130
2374	113	130
2375	115	130
2376	118	130
2377	121	130
2378	120	129
2379	118	130
2380	116	130
2381	114	130
2382	112	130
2383	113	130
2384	115	130
2385	119	130
2386	121	130
2387	123	130
2388	122	130
2389	120	130
2390	116	130
2391	114	130
2392	114	130
2393	115	130
2394	117	129
2395	121	130
2396	122	130
2397	121	130
2398	120	130
2399	117	129
2400	116	129
2401	117	130
2402	118	130
2403	119	129
2404	121	129
2405	121	130
2406	121	129
2407	120	130
2408	119	130
2409	118	129
2410	117	130
2411	115	129
2412	114	129
2413	113	129
2414	114	130
2415	117	130
2416	121	130
2417	123	130
2418	126	130
2419	126	130
2420	123	130
2421	117	130
2422	113	130
2423	108	130
2424	109	129
2425	109	129
2426	111	130
2427	117	130
2428	123	130
2429	124	129
2430	126	129
2431	123	130
2432	117	130
2433	108	129
2434	93	130
2435	79	129
2436	69	130
2437	64	130
2438	62	130
2439	60	130
2440	60	130
2441	59	130
2442	62	130
2443	59	129
2444	60	130
2445	60	130
2446	59	130
2447	59	130
2448	60	130
2449	57	130
2450	57	130
2451	58	130
2452	58	130
2453	61	130
2454	255	130
2455	179	130
2456	128	130
2457	96	130
2458	86	130
2459	84	130
2460	87	130
2461	98	129
2462	123	130
2463	157	130
2464	174	129
2465	157	130
2466	129	129
2467	105	130
2468	95	130
2469	91	130
2470	91	129
2471	98	129
2472	113	130
2473	131	130
2474	147	130
2475	148	129
2476	134	129
2477	112	129
2478	99	130
2479	94	129
2480	96	129
2481	102	129
2482	112	130
2483	127	130
2484	139	130
2485	140	130
2486	130	130
2487	117	130
2488	105	130
2489	100	130
2490	99	130
2491	102	129
2492	110	130
2493	123	130
2494	131	129
2495	133	130
2496	127	129
2497	117	129
2498	108	130
2499	103	130
2500	101	130
2501	105	130
2502	111	130
2503	116	130
2504	118	130
2505	115	130
2506	109	130
2507	107	130
2508	107	129
2509	111	130
2510	115	130
2511	117	129
2512	116	130
2513	118	130
2514	116	130
2515	113	129
2516	111	130
2517	110	129
2518	111	130
2519	115	130
2520	117	130
2521	119	129
2522	119	129
2523	118	130
2524	117	130
2525	117	129
2526	113	130
2527	113	129
2528	116	129
2529	118	130
2530	119	130
2531	119	130
2532	116	130
2533	115	130
2534	115	130
2535	116	130
2536	117	130
2537	118	130
2538	116	130
2539	117	130
2540	118	129
2541	119	130
2542	119	129
2543	118	130
2544	116	130
2545	119	129
2546	121	130
2547	120	130
2548	121	129
2549	121	130
2550	120	130
2551	121	130
2552	120	130
2553	119	130
2554	118	130
2555	118	130
2556	116	130
2557	117	130
2558	115	130
2559	114	130
2560	115	130
2561	116	130
2562	117	130
2563	119	130
2564	117	130
2565	115	130
2566	115	130
2567	113	130
2568	112	130
2569	114	130
2570	116	129
2571	116	130
2572	117	130
2573	116	130
2574	115	130
2575	115	130
2576	115	130
2577	115	130
2578	117	130
2579	117	130
2580	117	129
2581	117	130
2582	115	130
2583	112	130
2584	114	130
2585	113	130
2586	114	130
2587	116	130
2588	118	130
2589	118	130
2590	121	130
2591	117	129
2592	115	130
2593	113	130
2594	113	130
2595	114	130
2596	117	130
2597	116	130
2598	118	130
2599	117	130
2600	115	130
2601	114	130
2602	115	129
2603	112	130
2604	113	129
2605	114	130
2606	114	130
2607	115	129
2608	116	130
2609	113	130
2610	115	129
2611	114	130
2612	114	130
2613	114	129
2614	114	130
2615	112	130
2616	114	130
2617	111	130
2618	107	130
2619	107	130
2620	111	130
2621	114	129
2622	121	130
2623	124	130
2624	122	130
2625	119	130
2626	114	130
2627	111	129
2628	114	130
2629	116	130
2630	118	130
2631	121	130
2632	121	130
2633	118	130
2634	117	130
2635	112	130
2636	111	130
2637	113	130
2638	114	130
2639	117	130
2640	121	129
2641	120	130
2642	119	130
2643	119	130
2644	117	130
2645	117	130
2646	118	130
2647	119	130
2648	119	130
2649	121	130
2650	120	130
2651	120	130
2652	120	130
2653	118	129
2654	119	130
2655	121	130
2656	120	130
2657	121	129
2658	119	129
2659	117	130
2660	115	129
2661	117	130
2662	116	130
2663	117	130
2664	119	130
2665	120	130
2666	119	130
2667	121	130
2668	118	130
2669	119	130
2670	118	130
2671	117	130
2672	118	130
2673	119	130
2674	117	130
2675	119	130
2676	119	130
2677	118	130
2678	118	130
2679	119	130
2680	115	129
2681	115	130
2682	115	130
2683	114	130
2684	110	130
2685	109	130
2686	109	130
2687	113	130
2688	116	130
2689	121	130
2690	128	129
2691	128	130
2692	120	129
2693	116	129
2694	111	129
2695	110	129
2696	113	130
2697	115	130
2698	118	130
2699	124	130
2700	125	129
2701	122	130
2702	118	130
2703	113	129
2704	110	129
2705	113	130
2706	114	130
2707	119	130
2708	123	130
2709	125	130
2710	124	130
2711	122	130
2712	114	130
2713	110	130
2714	109	130
2715	109	129
2716	112	130
2717	119	130
2718	123	130
2719	127	130
2720	129	130
2721	125	130
2722	119	130
2723	114	130
2724	110	130
2725	110	130
2726	113	130
2727	115	129
2728	121	130
2729	125	130
2730	125	130
2731	125	130
2732	123	130
2733	116	130
2734	113	129
2735	111	130
2736	111	129
2737	114	129
2738	119	130
2739	122	130
2740	125	129
2741	123	129
2742	121	130
2743	116	130
2744	114	129
2745	111	130
2746	114	130
2747	117	129
2748	121	130
2749	125	129
2750	133	129
2751	138	129
2752	140	129
2753	112	129
2754	106	129
2755	107	130
2756	111	130
2757	114	130
2758	121	129
2759	123	130
2760	124	130
2761	128	130
2762	137	130
2763	142	129
2764	140	130
2765	127	129
2766	118	130
2767	113	130
2768	113	130
2769	114	130
2770	121	130
2771	121	130
2772	116	130
2773	111	130
2774	109	130
2775	104	130
2776	111	130
2777	115	130
2778	116	130
2779	118	130
2780	117	129
2781	115	130
2782	120	130
2783	120	130
2784	123	130
2785	123	130
2786	119	130
2787	119	130
2788	122	130
2789	117	130
2790	116	130
2791	116	130
2792	115	130
2793	116	130
2794	119	129
2795	116	130
2796	117	130
2797	117	129
2798	117	130
2799	117	130
2800	118	130
2801	117	130
2802	118	129
2803	119	130
2804	119	130
2805	121	130
2806	120	130
2807	118	129
2808	119	129
2809	121	130
2810	121	130
2811	121	129
2812	121	130
2813	119	130
2814	119	130
2815	120	130
2816	118	130
2817	118	130
2818	118	130
2819	118	130
2820	118	130
2821	119	130
2822	117	130
2823	117	130
2824	117	130
2825	117	130
2826	117	130
2827	117	130
2828	114	130
2829	115	130
2830	115	130
2831	115	130
2832	115	130
2833	117	130
2834	115	129
2835	118	130
2836	118	130
2837	117	130
2838	117	129
2839	117	129
2840	113	130
2841	115	129
2842	114	130
2843	117	130
2844	121	130
2845	121	129
2846	118	130
2847	119	130
2848	116	130
2849	114	130
2850	114	129
2851	115	130
2852	114	129
2853	119	130
2854	117	130
2855	117	130
2856	116	130
2857	116	130
2858	114	129
2859	117	130
2860	115	130
2861	117	129
2862	118	130
2863	116	129
2864	115	130
2865	117	129
2866	115	130
2867	117	130
2868	120	130
2869	120	130
2870	119	130
2871	120	130
2872	117	130
2873	116	130
2874	116	130
2875	115	130
2876	115	130
2877	116	130
2878	115	129
2879	117	130
2880	117	129
2881	116	130
2882	117	130
2883	116	130
2884	113	130
2885	114	130
2886	115	130
2887	113	129
2888	114	130
2889	115	129
2890	114	130
2891	115	130
2892	116	130
2893	114	130
2894	114	130
2895	114	130
2896	113	129
2897	113	130
2898	114	129
2899	113	129
2900	114	130
2901	114	130
2902	114	129
2903	115	130
2904	114	129
2905	111	130
2906	112	130
2907	111	130
2908	111	130
2909	114	130
2910	117	130
2911	117	130
2912	121	130
2913	120	130
2914	120	130
2915	118	130
2916	117	130
2917	113	130
2918	114	130
2919	111	129
2920	111	130
2921	112	130
2922	115	130
2923	109	130
2924	104	130
2925	90	130
2926	76	130
2927	66	130
2928	63	129
2929	60	130
2930	61	130
2931	58	130
2932	61	130
2933	60	130
2934	60	130
2935	60	130
2936	62	130
2937	57	130
2938	59	130
2939	59	130
2940	58	130
2941	58	129
2942	64	130
2943	255	129
2944	134	130
2945	92	130
2946	70	130
2947	65	130
2948	66	130
2949	63	130
2950	69	130
2951	94	130
2952	160	130
2953	210	130
2954	163	130
2955	117	130
2956	97	130
2957	90	130
2958	91	130
2959	101	130
2960	121	130
2961	142	130
2962	156	130
2963	147	130
2964	125	130
2965	109	130
2966	100	130
2967	95	130
2968	99	130
2969	107	130
2970	118	130
2971	133	129
2972	141	130
2973	136	130
2974	125	130
2975	113	130
2976	103	130
2977	101	130
2978	100	129
2979	103	130
2980	109	130
2981	114	130
2982	117	130
2983	125	130
2984	126	130
2985	123	130
2986	119	130
2987	114	129
2988	108	130
2989	108	130
2990	107	130
2991	109	130
2992	111	130
2993	116	130
2994	120	130
2995	126	130
2996	125	130
2997	122	129
2998	118	130
2999	114	130
3000	110	130
3001	114	130
3002	113	130
3003	115	130
3004	118	130
3005	120	130
3006	119	129
3007	120	130
3008	115	130
3009	114	130
3010	114	130
3011	115	130
3012	116	129
3013	122	129
3014	121	130
3015	123	129
3016	122	130
3017	119	130
3018	117	129
3019	117	130
3020	113	130
3021	114	130
3022	116	130
3023	117	130
3024	110	129
3025	112	130
3026	115	129
3027	124	130
3028	130	130
3029	131	130
3030	127	130
3031	121	130
3032	111	130
3033	109	130
3034	108	129
3035	109	130
3036	115	130
3037	123	130
3038	126	130
3039	131	130
3040	128	130
3041	120	130
3042	115	129
3043	111	130
3044	108	129
3045	111	129
3046	116	129
3047	121	129
3048	128	130
3049	131	130
3050	129	130
3051	131	130
3052	130	130
3053	127	130
3054	124	129
3055	117	130
3056	112	130
3057	112	130
3058	113	130
3059	114	130
3060	118	129
3061	117	129
3062	115	130
3063	113	130
3064	111	130
3065	110	130
3066	112	130
3067	112	130
3068	113	130
3069	114	130
3070	114	130
3071	112	130
3072	115	130
3073	114	130
3074	116	130
3075	120	130
3076	119	129
3077	115	130
3078	116	129
3079	115	130
3080	117	130
3081	118	130
3082	117	130
3083	115	130
3084	116	130
3085	113	130
3086	114	130
3087	115	130
3088	115	130
3089	119	130
3090	123	130
3091	119	130
3092	120	130
3093	117	130
3094	113	130
3095	112	130
3096	118	130
3097	119	130
3098	121	130
3099	121	129
3100	119	130
3101	117	130
3102	118	130
3103	116	130
3104	118	130
3105	118	130
3106	119	130
3107	120	130
3108	121	130
3109	118	129
3110	120	129
3111	119	130
3112	118	130
3113	120	130
3114	121	130
3115	120	130
3116	123	130
3117	121	130
3118	119	130
3119	118	129
3120	116	130
3121	113	130
3122	115	130
3123	115	129
3124	115	130
3125	117	130
3126	117	130
3127	117	130
3128	119	130
3129	116	130
3130	114	130
3131	113	130
3132	111	130
3133	111	130
3134	114	130
3135	117	129
3136	119	130
3137	120	130
3138	116	130
3139	113	130
3140	113	130
3141	113	130
3142	115	130
3143	118	130
3144	117	130
3145	117	130
3146	118	130
3147	115	130
3148	116	130
3149	118	130
3150	117	130
3151	117	129
3152	117	130
3153	115	130
3154	115	130
3155	117	130
3156	115	130
3157	116	130
3158	117	130
3159	116	129
3160	115	129
3161	116	129
3162	113	130
3163	115	130
3164	115	130
3165	116	130
3166	118	130
3167	119	130
3168	117	130
3169	117	130
3170	116	130
3171	114	129
3172	114	129
3173	114	130
3174	112	130
3175	113	130
3176	114	130
3177	114	129
3178	114	129
3179	115	130
3180	113	130
3181	115	130
3182	113	130
3183	113	130
3184	113	130
3185	113	130
3186	113	130
3187	117	130
3188	116	130
3189	116	130
3190	116	130
3191	114	130
3192	111	130
3193	114	130
3194	113	130
3195	115	130
3196	117	130
3197	118	130
3198	116	130
3199	117	130
3200	113	130
3201	113	130
3202	113	130
3203	113	130
3204	115	130
3205	119	129
3206	118	130
3207	118	130
3208	119	130
3209	117	130
3210	114	129
3211	115	130
3212	113	130
3213	115	129
3214	118	130
3215	119	130
3216	120	130
3217	121	130
3218	118	130
3219	118	129
3220	117	130
3221	116	130
3222	117	130
3223	119	130
3224	118	130
3225	120	130
3226	121	130
3227	117	130
3228	117	130
3229	116	130
3230	115	130
3231	116	130
3232	118	129
3233	119	130
3234	121	130
3235	121	130
3236	121	130
3237	120	129
3238	119	129
3239	115	130
3240	116	130
3241	115	130
3242	115	130
3243	117	130
3244	117	130
3245	117	130
3246	121	130
3247	123	129
3248	123	130
3249	123	130
3250	121	130
3251	117	130
3252	116	130
3253	115	130
3254	115	130
3255	113	129
3256	112	130
3257	114	130
3258	120	129
3259	121	130
3260	120	130
3261	119	130
3262	114	130
3263	110	129
3264	115	130
3265	117	130
3266	119	130
3267	119	130
3268	118	130
3269	116	130
3270	119	130
3271	118	130
3272	117	130
3273	114	129
3274	112	129
3275	111	129
3276	115	130
3277	117	130
3278	122	129
3279	125	130
3280	124	130
3281	121	130
3282	117	130
3283	109	130
3284	109	130
3285	113	130
3286	117	130
3287	122	130
3288	128	130
3289	126	130
3290	125	130
3291	121	130
3292	116	130
3293	113	129
3294	112	129
3295	111	129
3296	116	129
3297	120	130
3298	121	130
3299	124	129
3300	123	130
3301	116	130
3302	109	130
3303	109	130
3304	111	129
3305	117	130
3306	123	129
3307	126	130
3308	128	130
3309	125	129
3310	119	130
3311	114	130
3312	111	129
3313	109	129
3314	112	130
3315	115	130
3316	117	130
3317	122	130
3318	124	130
3319	123	130
3320	122	129
3321	120	130
3322	115	129
3323	117	129
3324	119	130
3325	124	129
3326	131	130
3327	137	130
3328	132	130
3329	124	130
3330	113	130
3331	107	130
3332	105	130
3333	107	130
3334	111	130
3335	122	130
3336	131	130
3337	142	130
3338	154	130
3339	147	130
3340	126	129
3341	114	130
3342	105	130
3343	105	130
3344	111	130
3345	118	130
3346	113	129
3347	112	129
3348	109	130
3349	114	130
3350	115	130
3351	115	130
3352	113	130
3353	117	130
3354	120	130
3355	128	130
3356	133	130
3357	136	130
3358	132	130
3359	128	129
3360	119	130
3361	115	130
3362	113	130
3363	113	130
3364	115	130
3365	121	130
3366	121	130
3367	121	130
3368	120	130
3369	118	130
3370	116	130
3371	115	130
3372	114	130
3373	116	130
3374	119	130
3375	120	130
3376	122	129
3377	122	129
3378	119	130
3379	119	130
3380	122	130
3381	121	130
3382	121	130
3383	119	130
3384	115	130
3385	115	130
3386	116	130
3387	117	130
3388	119	129
3389	120	130
3390	119	130
3391	117	130
3392	114	130
3393	111	130
3394	113	130
3395	114	130
3396	115	130
3397	119	130
3398	120	130
3399	117	130
3400	116	129
3401	115	130
3402	116	130
3403	119	130
3404	119	130
3405	116	130
3406	116	130
3407	115	130
3408	115	130
3409	116	129
3410	116	130
3411	115	130
3412	117	130
3413	113	130
3414	104	129
3415	94	130
3416	81	130
3417	68	129
3418	65	130
3419	62	130
3420	61	130
3421	60	130
3422	60	130
3423	61	130
3424	61	129
3425	59	130
3426	60	130
3427	60	130
3428	58	130
3429	59	129
3430	60	129
3431	57	129
3432	63	130
3433	255	129
3434	137	129
3435	87	130
3436	84	130
3437	79	129
3438	83	129
3439	98	130
3440	123	130
3441	150	130
3442	157	130
3443	140	130
3444	124	130
3445	116	130
3446	113	130
3447	115	130
3448	119	130
3449	122	130
3450	125	130
3451	123	130
3452	117	130
3453	112	130
3454	108	130
3455	105	130
3456	108	130
3457	113	130
3458	116	130
3459	120	130
3460	122	130
3461	119	130
3462	115	130
3463	112	130
3464	109	130
3465	107	130
3466	108	130
3467	109	129
3468	112	130
3469	115	130
3470	115	130
3471	116	130
3472	114	130
3473	111	130
3474	110	130
3475	109	130
3476	107	130
3477	109	130
3478	111	130
3479	113	130
3480	115	130
3481	117	130
3482	113	130
3483	112	130
3484	112	129
3485	112	130
3486	114	130
3487	117	130
3488	117	130
3489	118	129
3490	117	130
3491	116	130
3492	114	130
3493	114	130
3494	112	130
3495	115	130
3496	116	130
3497	115	130
3498	116	129
3499	116	129
3500	114	129
3501	116	130
3502	117	130
3503	115	130
3504	115	130
3505	115	130
3506	113	130
3507	113	130
3508	115	130
3509	114	130
3510	115	130
3511	116	130
3512	115	130
3513	117	130
3514	117	130
3515	115	129
3516	116	130
3517	117	129
3518	117	129
3519	119	130
3520	119	130
3521	116	130
3522	117	130
3523	116	130
3524	115	130
3525	115	130
3526	117	130
3527	116	130
3528	117	130
3529	117	130
3530	117	130
3531	117	129
3532	118	130
3533	117	130
3534	118	130
3535	119	130
3536	118	129
3537	118	130
3538	118	130
3539	116	130
3540	118	129
3541	119	130
3542	118	130
3543	119	130
3544	119	130
3545	117	130
3546	118	130
3547	120	129
3548	119	129
3549	119	129
3550	119	130
3551	117	130
3552	116	130
3553	115	130
3554	113	130
3555	114	130
3556	117	129
3557	120	130
3558	124	130
3559	123	130
3560	118	130
3561	113	130
3562	109	130
3563	107	130
3564	112	130
3565	118	130
3566	120	129
3567	120	130
3568	124	130
3569	125	130
3570	123	130
3571	120	129
3572	114	129
3573	111	130
3574	110	130
3575	111	130
3576	115	130
3577	119	130
3578	123	130
3579	126	130
3580	123	130
3581	120	130
3582	116	130
3583	110	130
3584	105	130
3585	109	130
3586	114	130
3587	120	130
3588	128	130
3589	130	130
3590	126	130
3591	121	130
3592	114	130
3593	110	130
3594	109	130
3595	110	130
3596	114	130
3597	120	130
3598	123	130
3599	127	130
3600	126	130
3601	122	130
3602	116	130
3603	112	129
3604	108	130
3605	109	130
3606	113	129
3607	116	130
3608	118	129
3609	123	130
3610	124	130
3611	123	130
3612	123	130
3613	121	130
3614	119	130
3615	116	130
3616	114	130
3617	117	130
3618	123	130
3619	127	130
3620	130	130
3621	127	130
3622	117	130
3623	111	130
3624	108	130
3625	105	129
3626	107	130
3627	109	130
3628	108	130
3629	104	130
3630	103	130
3631	105	129
3632	110	130
3633	114	129
3634	119	130
3635	119	130
3636	120	130
3637	126	130
3638	133	129
3639	129	130
3640	122	130
3641	117	130
3642	113	129
3643	110	130
3644	112	130
3645	115	129
3646	119	130
3647	122	130
3648	122	129
3649	119	130
3650	117	130
3651	115	130
3652	115	130
3653	115	130
3654	117	130
3655	119	130
3656	121	130
3657	118	130
3658	115	129
3659	113	130
3660	112	130
3661	114	130
3662	119	130
3663	122	130
3664	122	130
3665	121	130
3666	119	129
3667	116	129
3668	116	130
3669	118	129
3670	120	130
3671	121	130
3672	122	130
3673	120	130
3674	118	129
3675	115	130
3676	114	129
3677	114	130
3678	115	130
3679	116	130
3680	119	130
3681	119	130
3682	117	130
3683	116	130
3684	114	130
3685	111	130
3686	111	130
3687	113	129
3688	114	129
3689	117	130
3690	117	130
3691	117	130
3692	117	130
3693	116	130
3694	115	130
3695	115	130
3696	115	130
3697	116	130
3698	117	130
3699	116	130
3700	117	130
3701	119	130
3702	117	129
3703	116	130
3704	114	130
3705	112	129
3706	112	130
3707	115	130
3708	116	129
3709	117	130
3710	116	130
3711	115	129
3712	114	130
3713	115	129
3714	116	130
3715	119	130
3716	120	129
3717	121	130
3718	119	130
3719	116	130
3720	112	130
3721	111	129
3722	112	130
3723	114	129
3724	117	130
3725	120	130
3726	119	130
3727	117	129
3728	116	130
3729	113	130
3730	112	130
3731	113	130
3732	114	129
3733	114	130
3734	116	130
3735	117	130
3736	117	130
3737	117	130
3738	116	130
3739	115	130
3740	113	130
3741	112	130
3742	112	130
3743	112	130
3744	112	130
3745	113	129
3746	113	130
3747	112	130
3748	113	130
3749	116	130
3750	117	130
3751	118	129
3752	118	130
3753	117	130
3754	116	130
3755	116	130
3756	115	130
3757	114	130
3758	113	130
3759	115	130
3760	117	130
3761	117	130
3762	117	130
3763	116	130
3764	113	130
3765	113	130
3766	113	130
3767	114	129
3768	116	130
3769	117	129
3770	119	130
3771	118	130
3772	116	130
3773	116	130
3774	116	130
3775	116	130
3776	119	130
3777	121	130
3778	121	130
3779	122	130
3780	121	130
3781	119	130
3782	117	130
3783	116	130
3784	116	130
3785	116	130
3786	119	130
3787	121	130
3788	122	130
3789	119	129
3790	117	130
3791	116	130
3792	115	130
3793	116	130
3794	118	130
3795	118	130
3796	118	129
3797	116	130
3798	113	130
3799	111	130
3800	114	130
3801	118	130
3802	122	130
3803	124	130
3804	126	130
3805	123	130
3806	119	129
3807	116	130
3808	113	130
3809	112	129
3810	114	130
3811	117	130
3812	120	130
3813	122	130
3814	121	130
3815	116	130
3816	112	130
3817	113	130
3818	115	130
3819	118	130
3820	120	130
3821	122	130
3822	120	130
3823	118	130
3824	116	130
3825	114	130
3826	114	130
3827	116	130
3828	119	129
3829	121	130
3830	121	130
3831	120	130
3832	118	130
3833	114	130
3834	112	130
3835	110	130
3836	113	130
3837	115	130
3838	119	130
3839	121	130
3840	122	130
3841	120	130
3842	119	130
3843	117	129
3844	118	130
3845	118	130
3846	118	130
3847	120	129
3848	120	129
3849	119	129
3850	118	129
3851	117	130
3852	116	129
3853	116	130
3854	117	129
3855	119	129
3856	119	129
3857	121	130
3858	121	130
3859	119	129
3860	117	130
3861	117	129
3862	115	129
3863	115	130
3864	117	129
3865	119	130
3866	120	130
3867	122	130
3868	121	130
3869	120	130
3870	118	130
3871	117	130
3872	116	130
3873	115	130
3874	117	129
3875	118	130
3876	119	130
3877	122	130
3878	126	130
3879	129	130
3880	132	130
3881	129	130
3882	122	130
3883	110	130
3884	103	130
3885	101	130
3886	104	130
3887	109	130
3888	120	129
3889	126	130
3890	131	129
3891	140	130
3892	153	129
3893	147	129
3894	128	130
3895	117	129
3896	113	130
3897	113	130
3898	114	130
3899	115	130
3900	115	130
3901	110	130
3902	109	130
3903	107	130
3904	103	129
3905	95	130
3906	88	130
3907	77	130
3908	69	130
3909	65	130
3910	62	130
3911	60	130
3912	61	130
3913	59	130
3914	61	130
3915	60	130
3916	60	130
3917	60	130
3918	60	130
3919	57	130
3920	58	129
3921	61	130
3922	255	129
3923	233	130
3924	115	129
3925	101	130
3926	89	130
3927	90	130
3928	95	130
3929	106	130
3930	121	130
3931	133	130
3932	136	130
3933	132	130
3934	123	130
3935	117	130
3936	114	129
3937	115	130
3938	116	130
3939	120	130
3940	121	130
3941	121	130
3942	118	130
3943	117	129
3944	115	130
3945	115	130
3946	114	130
3947	115	129
3948	117	130
3949	117	130
3950	116	130
3951	117	130
3952	114	130
3953	112	130
3954	113	130
3955	113	130
3956	114	130
3957	115	130
3958	115	130
3959	113	130
3960	115	130
3961	114	130
3962	113	130
3963	113	129
3964	117	130
3965	115	130
3966	115	129
3967	113	130
3968	111	130
3969	110	130
3970	110	130
3971	108	130
3972	112	130
3973	115	129
3974	119	130
3975	119	130
3976	121	130
3977	117	129
3978	117	130
3979	117	130
3980	118	130
3981	120	130
3982	120	129
3983	116	129
3984	113	130
3985	113	130
3986	114	130
3987	117	129
3988	119	129
3989	117	130
3990	117	130
3991	117	130
3992	117	129
3993	118	129
3994	118	130
3995	118	130
3996	117	129
3997	117	130
3998	116	130
3999	115	130
4000	115	130
4001	115	130
4002	114	129
4003	118	130
4004	119	130
4005	120	130
4006	120	130
4007	118	130
4008	115	130
4009	115	130
4010	115	130
4011	114	130
4012	116	129
4013	116	130
4014	117	130
4015	117	130
4016	118	129
4017	117	130
4018	116	130
4019	115	130
4020	114	130
4021	112	130
4022	114	130
4023	114	130
4024	115	130
4025	116	129
4026	116	130
4027	117	130
4028	116	130
4029	115	130
4030	114	130
4031	114	130
4032	113	130
4033	113	130
4034	113	130
4035	114	130
4036	114	129
4037	114	130
4038	114	130
4039	114	130
4040	112	130
4041	114	130
4042	114	130
4043	114	130
4044	115	130
4045	115	129
4046	116	130
4047	117	130
4048	118	130
4049	118	130
4050	118	130
4051	116	130
4052	115	130
4053	115	130
4054	113	130
4055	113	130
4056	114	130
4057	116	130
4058	117	129
4059	118	130
4060	119	130
4061	117	130
4062	116	130
4063	115	129
4064	114	130
4065	114	130
4066	113	130
4067	115	129
4068	118	130
4069	118	130
4070	118	129
4071	117	130
4072	115	130
4073	115	130
4074	116	129
4075	115	130
4076	116	130
4077	117	130
4078	117	130
4079	118	130
4080	118	129
4081	118	130
4082	119	130
4083	118	130
4084	117	130
4085	117	129
4086	116	129
4087	115	129
4088	116	130
4089	117	130
4090	118	130
4091	119	130
4092	118	130
4093	118	130
4094	116	130
4095	116	130
