
TIME STEP:
125 = 0.2ms

VOLTAGE STEP:
CH1:  32 = 0.15V
CH2:  32 = 5V
GND	54	128
N	CH1	CH2

0	125	130
1	125	130
2	126	130
3	125	130
4	125	130
5	127	130
6	127	130
7	125	130
8	122	130
9	123	130
10	126	130
11	126	130
12	125	130
13	126	130
14	127	130
15	127	130
16	127	130
17	125	129
18	122	130
19	122	130
20	123	130
21	124	130
22	127	130
23	128	130
24	127	130
25	125	130
26	123	129
27	122	130
28	121	130
29	121	130
30	124	129
31	126	130
32	128	129
33	128	129
34	127	130
35	124	129
36	121	130
37	120	130
38	120	130
39	121	130
40	123	130
41	125	129
42	126	130
43	126	129
44	125	130
45	122	130
46	121	129
47	121	130
48	122	129
49	124	129
50	126	130
51	127	130
52	127	130
53	126	129
54	125	130
55	123	130
56	121	130
57	122	130
58	124	129
59	125	129
60	126	129
61	127	130
62	125	130
63	123	130
64	121	129
65	121	129
66	122	130
67	126	130
68	132	130
69	137	130
70	137	130
71	133	130
72	125	130
73	118	130
74	115	130
75	116	130
76	118	130
77	125	130
78	130	130
79	133	129
80	132	130
81	130	130
82	128	130
83	126	130
84	127	130
85	129	129
86	130	130
87	130	129
88	129	130
89	125	130
90	123	130
91	124	130
92	127	130
93	131	130
94	133	129
95	134	130
96	132	130
97	129	130
98	125	130
99	119	130
100	115	130
101	119	129
102	125	130
103	134	130
104	137	130
105	134	130
106	127	130
107	123	130
108	121	130
109	122	130
110	124	130
111	128	130
112	131	130
113	132	129
114	130	130
115	122	129
116	117	130
117	117	130
118	123	130
119	130	130
120	136	130
121	137	130
122	134	129
123	123	130
124	118	130
125	116	129
126	118	130
127	123	130
128	131	130
129	127	130
130	111	130
131	93	130
132	74	130
133	65	130
134	63	129
135	60	130
136	60	130
137	60	130
138	60	130
139	61	130
140	61	130
141	59	130
142	60	130
143	59	129
144	58	130
145	58	130
146	59	129
147	58	129
148	148	129
149	224	130
150	171	130
151	138	129
152	118	130
153	110	129
154	113	129
155	128	130
156	141	130
157	141	130
158	135	130
159	126	129
160	118	130
161	120	130
162	122	130
163	118	129
164	115	130
165	113	129
166	117	129
167	123	130
168	120	130
169	118	130
170	121	130
171	125	130
172	124	129
173	127	129
174	123	130
175	123	129
176	125	130
177	132	129
178	138	130
179	143	130
180	143	130
181	142	130
182	139	130
183	135	129
184	129	130
185	126	129
186	124	130
187	123	130
188	122	130
189	120	130
190	119	130
191	120	130
192	120	130
193	117	130
194	117	130
195	114	130
196	115	129
197	117	130
198	119	130
199	115	130
200	116	130
201	115	130
202	115	130
203	119	130
204	124	130
205	125	130
206	127	130
207	127	130
208	125	130
209	122	130
210	122	129
211	122	130
212	122	130
213	121	129
214	120	130
215	121	129
216	121	129
217	120	130
218	123	129
219	126	130
220	125	129
221	125	130
222	122	130
223	122	129
224	123	130
225	125	130
226	125	129
227	125	130
228	125	130
229	125	130
230	123	130
231	124	130
232	123	130
233	120	130
234	121	130
235	125	129
236	124	130
237	126	130
238	124	130
239	123	130
240	121	129
241	123	130
242	126	130
243	129	130
244	129	130
245	126	130
246	125	130
247	124	130
248	124	130
249	125	129
250	126	130
251	125	130
252	125	130
253	126	129
254	124	130
255	123	130
256	125	130
257	124	130
258	125	130
259	127	130
260	126	130
261	126	129
262	127	130
263	125	129
264	124	130
265	124	130
266	124	130
267	124	129
268	124	129
269	124	130
270	125	130
271	125	130
272	124	130
273	123	130
274	122	130
275	123	130
276	122	129
277	123	130
278	124	130
279	125	130
280	126	129
281	127	130
282	126	130
283	125	130
284	124	130
285	123	130
286	123	129
287	122	130
288	123	130
289	123	130
290	123	130
291	124	130
292	124	130
293	123	130
294	124	130
295	122	130
296	122	130
297	122	130
298	122	130
299	123	130
300	124	130
301	122	130
302	118	130
303	116	130
304	118	130
305	125	129
306	134	130
307	141	130
308	141	130
309	133	129
310	124	130
311	117	129
312	115	129
313	118	129
314	123	130
315	128	130
316	133	130
317	134	129
318	133	129
319	129	130
320	127	129
321	125	130
322	125	130
323	127	130
324	129	130
325	129	129
326	129	129
327	127	130
328	126	130
329	126	130
330	127	130
331	128	130
332	130	130
333	129	130
334	130	130
335	129	129
336	128	129
337	126	129
338	125	130
339	124	130
340	125	130
341	123	130
342	122	130
343	120	130
344	116	130
345	118	130
346	126	130
347	134	129
348	139	130
349	135	130
350	125	129
351	120	129
352	122	130
353	124	130
354	127	130
355	131	130
356	131	130
357	128	130
358	126	130
359	123	130
360	124	129
361	127	130
362	129	130
363	130	130
364	128	130
365	125	130
366	124	130
367	124	129
368	123	130
369	126	130
370	129	129
371	132	129
372	137	130
373	140	129
374	142	130
375	139	130
376	131	130
377	123	130
378	116	130
379	111	129
380	113	130
381	119	129
382	123	130
383	125	130
384	128	130
385	131	130
386	135	129
387	142	130
388	147	129
389	146	130
390	148	129
391	141	130
392	130	129
393	122	130
394	117	129
395	119	130
396	123	130
397	123	130
398	125	130
399	122	129
400	117	130
401	115	129
402	121	129
403	123	129
404	127	129
405	123	130
406	121	130
407	124	130
408	126	129
409	124	130
410	125	130
411	127	129
412	130	130
413	136	130
414	142	130
415	144	130
416	144	129
417	141	130
418	139	129
419	135	130
420	132	129
421	130	130
422	129	130
423	126	129
424	125	129
425	123	130
426	122	130
427	120	130
428	118	130
429	116	130
430	117	130
431	118	130
432	119	130
433	121	130
434	121	129
435	120	130
436	119	130
437	119	130
438	123	130
439	139	130
440	161	129
441	147	130
442	124	129
443	108	130
444	101	130
445	101	129
446	107	130
447	116	130
448	123	129
449	126	130
450	122	130
451	117	129
452	117	129
453	119	130
454	121	130
455	124	130
456	127	130
457	128	130
458	127	130
459	128	130
460	130	130
461	131	129
462	133	129
463	131	130
464	128	129
465	126	130
466	125	130
467	122	130
468	121	130
469	120	129
470	121	129
471	123	130
472	125	130
473	126	130
474	123	130
475	122	130
476	123	129
477	121	130
478	122	129
479	123	129
480	126	130
481	127	130
482	125	130
483	125	130
484	124	130
485	125	130
486	125	129
487	125	130
488	125	130
489	124	130
490	126	130
491	126	130
492	126	130
493	124	130
494	124	130
495	123	130
496	123	130
497	124	130
498	126	129
499	128	130
500	128	130
501	128	130
502	127	130
503	125	130
504	124	130
505	124	130
506	124	130
507	126	130
508	126	130
509	126	130
510	125	130
511	123	130
512	122	130
513	122	130
514	122	130
515	123	129
516	123	129
517	124	130
518	124	130
519	124	130
520	123	130
521	121	130
522	121	130
523	121	130
524	122	130
525	123	130
526	125	130
527	126	130
528	126	130
529	125	129
530	125	130
531	124	130
532	123	130
533	122	130
534	122	129
535	123	130
536	125	130
537	126	130
538	126	130
539	126	130
540	124	130
541	123	130
542	122	130
543	121	130
544	121	129
545	123	130
546	125	129
547	126	130
548	128	130
549	128	130
550	129	130
551	130	130
552	131	130
553	131	130
554	131	129
555	129	129
556	123	130
557	119	130
558	117	130
559	119	129
560	124	130
561	129	129
562	132	130
563	133	130
564	131	129
565	128	129
566	127	130
567	128	129
568	129	129
569	131	130
570	131	130
571	131	130
572	129	130
573	128	129
574	127	130
575	126	129
576	122	130
577	121	130
578	124	130
579	129	130
580	131	130
581	130	129
582	127	130
583	126	130
584	125	130
585	126	130
586	127	130
587	126	130
588	121	130
589	119	130
590	123	130
591	126	130
592	127	130
593	129	129
594	133	130
595	134	130
596	132	130
597	127	129
598	121	130
599	119	129
600	120	130
601	124	130
602	129	130
603	133	130
604	134	130
605	133	129
606	129	130
607	125	130
608	123	130
609	121	130
610	122	129
611	124	129
612	127	130
613	129	130
614	131	129
615	130	130
616	129	130
617	127	130
618	124	130
619	116	130
620	106	130
621	93	130
622	80	130
623	69	130
624	65	130
625	62	130
626	61	130
627	60	130
628	61	130
629	60	129
630	61	130
631	60	130
632	60	129
633	59	130
634	59	130
635	58	130
636	59	129
637	167	130
638	216	130
639	125	130
640	95	130
641	99	130
642	119	130
643	147	130
644	152	130
645	136	130
646	127	130
647	126	129
648	127	130
649	127	130
650	125	130
651	119	130
652	117	129
653	118	129
654	119	130
655	117	130
656	120	129
657	122	130
658	121	130
659	123	129
660	123	130
661	123	130
662	128	130
663	127	130
664	122	129
665	128	130
666	141	130
667	146	130
668	147	129
669	140	130
670	132	130
671	127	129
672	127	130
673	130	130
674	134	130
675	131	130
676	125	130
677	119	129
678	114	129
679	111	130
680	111	130
681	113	130
682	117	130
683	121	130
684	124	130
685	125	130
686	127	130
687	131	130
688	133	129
689	132	130
690	125	130
691	116	130
692	110	130
693	107	130
694	110	129
695	115	130
696	118	129
697	121	129
698	119	130
699	117	130
700	118	130
701	118	129
702	120	129
703	124	130
704	125	130
705	125	129
706	127	130
707	131	130
708	133	130
709	129	130
710	125	129
711	123	129
712	124	130
713	124	130
714	125	130
715	124	130
716	123	130
717	123	130
718	124	130
719	124	130
720	122	130
721	122	130
722	123	130
723	125	130
724	126	130
725	126	130
726	125	129
727	122	130
728	121	130
729	121	129
730	121	129
731	123	130
732	125	130
733	128	130
734	128	129
735	125	130
736	125	129
737	124	130
738	125	130
739	127	129
740	129	130
741	129	130
742	128	129
743	126	130
744	123	130
745	121	129
746	122	130
747	124	130
748	126	129
749	125	129
750	125	129
751	124	130
752	123	130
753	124	130
754	125	130
755	127	130
756	129	130
757	128	130
758	126	130
759	124	130
760	121	130
761	120	130
762	121	130
763	122	129
764	125	130
765	127	130
766	128	130
767	127	130
768	126	130
769	123	130
770	121	129
771	120	130
772	119	130
773	120	129
774	122	130
775	123	130
776	125	130
777	125	130
778	123	130
779	122	130
780	122	129
781	121	129
782	124	130
783	125	130
784	126	130
785	126	130
786	125	130
787	124	130
788	124	130
789	123	130
790	122	130
791	123	130
792	123	130
793	124	129
794	126	129
795	125	130
796	125	130
797	125	130
798	125	130
799	126	130
800	130	130
801	132	130
802	134	130
803	133	130
804	127	130
805	120	130
806	115	130
807	114	130
808	118	130
809	124	130
810	129	130
811	134	130
812	134	130
813	130	130
814	129	130
815	128	130
816	127	130
817	128	130
818	129	130
819	130	130
820	131	129
821	130	130
822	129	130
823	127	130
824	126	130
825	122	130
826	123	130
827	125	130
828	129	130
829	133	129
830	133	129
831	131	130
832	128	130
833	124	129
834	121	130
835	119	130
836	121	130
837	123	129
838	122	130
839	122	130
840	127	129
841	133	130
842	139	129
843	138	130
844	130	130
845	122	130
846	118	130
847	119	130
848	122	130
849	127	130
850	131	129
851	134	130
852	134	130
853	130	130
854	126	130
855	123	130
856	120	129
857	119	130
858	119	130
859	123	130
860	129	129
861	133	130
862	134	130
863	131	130
864	130	130
865	126	130
866	125	130
867	126	129
868	129	130
869	137	130
870	142	129
871	142	129
872	130	130
873	118	130
874	111	130
875	110	130
876	115	130
877	123	130
878	133	130
879	142	130
880	146	130
881	152	130
882	153	130
883	143	130
884	131	130
885	121	130
886	115	130
887	116	129
888	119	130
889	118	130
890	114	129
891	116	129
892	117	130
893	119	130
894	123	129
895	117	129
896	119	130
897	121	130
898	123	130
899	123	130
900	128	130
901	127	130
902	126	130
903	126	130
904	129	129
905	133	129
906	137	130
907	140	130
908	141	130
909	141	130
910	139	129
911	135	130
912	133	130
913	132	130
914	130	130
915	127	129
916	125	130
917	122	129
918	119	130
919	117	129
920	117	130
921	118	130
922	118	129
923	119	130
924	120	130
925	120	130
926	119	130
927	119	129
928	120	130
929	125	130
930	139	130
931	154	130
932	146	130
933	121	130
934	103	130
935	97	130
936	100	130
937	107	130
938	117	130
939	126	130
940	125	130
941	122	130
942	121	129
943	121	130
944	124	130
945	128	130
946	129	129
947	129	130
948	128	130
949	126	130
950	125	130
951	127	130
952	126	130
953	122	130
954	123	130
955	126	130
956	125	130
957	123	129
958	123	130
959	125	130
960	123	130
961	123	130
962	125	129
963	126	130
964	125	130
965	124	129
966	121	130
967	120	129
968	121	129
969	125	130
970	128	129
971	129	129
972	128	130
973	127	130
974	125	130
975	124	129
976	123	129
977	123	130
978	125	129
979	126	130
980	125	130
981	125	129
982	125	130
983	125	130
984	126	130
985	125	130
986	125	130
987	126	130
988	127	130
989	127	130
990	126	130
991	124	130
992	122	129
993	123	130
994	124	130
995	125	129
996	128	130
997	128	130
998	127	130
999	125	130
1000	124	130
1001	124	129
1002	124	130
1003	124	130
1004	125	130
1005	125	130
1006	123	129
1007	123	130
1008	123	130
1009	123	130
1010	123	130
1011	124	129
1012	125	129
1013	125	130
1014	125	129
1015	123	130
1016	122	130
1017	119	130
1018	120	129
1019	120	130
1020	121	130
1021	123	130
1022	124	130
1023	127	130
1024	125	129
1025	124	130
1026	123	130
1027	121	130
1028	121	129
1029	122	130
1030	125	129
1031	126	130
1032	128	130
1033	130	129
1034	129	129
1035	129	129
1036	128	130
1037	128	129
1038	127	129
1039	126	129
1040	126	130
1041	126	130
1042	126	129
1043	126	130
1044	125	129
1045	122	130
1046	121	130
1047	124	130
1048	128	130
1049	129	130
1050	130	129
1051	130	130
1052	129	129
1053	128	129
1054	129	130
1055	130	130
1056	128	130
1057	127	129
1058	127	130
1059	128	130
1060	128	130
1061	127	130
1062	123	130
1063	120	130
1064	122	130
1065	128	130
1066	132	129
1067	129	130
1068	125	130
1069	126	130
1070	129	129
1071	131	129
1072	132	130
1073	129	129
1074	121	129
1075	117	130
1076	119	129
1077	123	130
1078	129	130
1079	136	129
1080	138	130
1081	136	130
1082	128	130
1083	122	130
1084	117	130
1085	116	129
1086	118	130
1087	126	130
1088	132	130
1089	135	130
1090	134	130
1091	128	130
1092	122	130
1093	119	129
1094	120	130
1095	123	130
1096	128	129
1097	132	130
1098	134	130
1099	134	129
1100	129	130
1101	126	130
1102	123	130
1103	122	130
1104	123	129
1105	126	130
1106	130	130
1107	134	130
1108	137	130
1109	134	130
1110	125	130
1111	110	130
1112	87	130
1113	73	130
1114	66	130
1115	63	129
1116	60	130
1117	60	130
1118	60	130
1119	62	130
1120	59	129
1121	60	130
1122	61	130
1123	59	130
1124	59	130
1125	58	130
1126	59	130
1127	58	130
1128	63	129
1129	255	130
1130	139	130
1131	107	130
1132	110	129
1133	132	129
1134	151	130
1135	148	129
1136	132	129
1137	122	130
1138	121	130
1139	127	130
1140	131	130
1141	124	130
1142	121	130
1143	121	130
1144	123	130
1145	117	129
1146	118	130
1147	122	130
1148	120	130
1149	119	129
1150	126	130
1151	128	130
1152	125	130
1153	127	130
1154	127	130
1155	130	130
1156	135	129
1157	136	130
1158	142	129
1159	143	129
1160	140	130
1161	137	129
1162	133	130
1163	130	130
1164	127	130
1165	125	130
1166	123	130
1167	121	130
1168	121	129
1169	119	129
1170	119	130
1171	116	129
1172	116	130
1173	115	130
1174	115	130
1175	115	130
1176	119	130
1177	128	130
1178	141	130
1179	142	130
1180	126	130
1181	111	130
1182	103	130
1183	102	130
1184	107	130
1185	111	129
1186	114	130
1187	114	130
1188	117	129
1189	122	130
1190	128	130
1191	131	130
1192	130	130
1193	129	130
1194	128	130
1195	129	130
1196	127	130
1197	124	130
1198	123	130
1199	122	130
1200	123	130
1201	124	130
1202	123	130
1203	123	130
1204	124	130
1205	125	129
1206	127	130
1207	127	129
1208	124	129
1209	126	130
1210	124	130
1211	123	129
1212	125	130
1213	127	130
1214	126	130
1215	124	130
1216	119	130
1217	120	130
1218	121	130
1219	121	130
1220	125	130
1221	127	130
1222	125	130
1223	124	130
1224	125	130
1225	126	130
1226	127	130
1227	127	130
1228	125	130
1229	125	130
1230	126	130
1231	127	130
1232	128	130
1233	126	130
1234	123	130
1235	123	130
1236	121	130
1237	122	130
1238	123	130
1239	125	130
1240	126	130
1241	128	130
1242	127	130
1243	125	130
1244	125	130
1245	125	130
1246	124	130
1247	123	129
1248	123	130
1249	125	130
1250	125	130
1251	124	129
1252	124	129
1253	124	130
1254	121	130
1255	122	130
1256	123	130
1257	125	130
1258	124	130
1259	125	130
1260	124	130
1261	124	130
1262	123	130
1263	125	130
1264	125	130
1265	125	129
1266	125	129
1267	125	130
1268	124	130
1269	123	130
1270	123	129
1271	123	130
1272	122	130
1273	123	130
1274	125	129
1275	125	130
1276	124	130
1277	123	129
1278	123	130
1279	122	129
1280	121	130
1281	123	130
1282	124	129
1283	125	129
1284	126	130
1285	127	130
1286	125	129
1287	122	129
1288	121	130
1289	121	130
1290	122	130
1291	125	130
1292	129	130
1293	132	130
1294	133	130
1295	133	130
1296	130	130
1297	125	129
1298	121	130
1299	120	130
1300	121	129
1301	124	130
1302	126	130
1303	128	130
1304	129	130
1305	127	130
1306	127	130
1307	127	129
1308	127	130
1309	128	130
1310	129	130
1311	129	129
1312	130	129
1313	131	130
1314	132	129
1315	131	130
1316	129	129
1317	128	130
1318	123	130
1319	118	130
1320	119	130
1321	125	130
1322	131	130
1323	135	130
1324	135	129
1325	130	130
1326	123	129
1327	120	130
1328	121	129
1329	124	129
1330	128	130
1331	131	130
1332	130	130
1333	124	129
1334	122	130
1335	123	130
1336	126	130
1337	129	130
1338	130	129
1339	128	129
1340	123	130
1341	122	130
1342	123	130
1343	124	130
1344	127	130
1345	130	130
1346	132	130
1347	131	130
1348	129	130
1349	125	130
1350	122	130
1351	119	130
1352	121	130
1353	125	130
1354	129	130
1355	131	130
1356	133	130
1357	132	130
1358	129	130
1359	126	130
1360	125	130
1361	127	130
1362	131	130
1363	140	130
1364	145	130
1365	140	130
1366	127	130
1367	116	130
1368	111	130
1369	110	129
1370	115	130
1371	125	129
1372	135	130
1373	143	130
1374	150	130
1375	157	130
1376	149	130
1377	137	130
1378	124	129
1379	114	130
1380	115	130
1381	118	129
1382	118	129
1383	120	130
1384	116	130
1385	117	130
1386	118	130
1387	113	130
1388	119	129
1389	123	129
1390	123	130
1391	121	130
1392	125	130
1393	122	130
1394	121	130
1395	123	130
1396	127	130
1397	132	130
1398	137	129
1399	141	129
1400	145	130
1401	144	130
1402	141	129
1403	140	129
1404	136	130
1405	132	130
1406	129	130
1407	127	130
1408	125	130
1409	124	130
1410	125	130
1411	125	130
1412	124	130
1413	121	130
1414	119	130
1415	118	130
1416	116	130
1417	117	130
1418	118	129
1419	120	129
1420	129	129
1421	145	130
1422	121	130
1423	116	130
1424	118	129
1425	119	130
1426	124	130
1427	124	129
1428	121	130
1429	115	129
1430	111	129
1431	109	130
1432	115	130
1433	117	130
1434	121	129
1435	128	130
1436	130	130
1437	128	130
1438	128	130
1439	128	130
1440	127	130
1441	130	130
1442	130	130
1443	127	130
1444	123	129
1445	122	129
1446	124	129
1447	125	130
1448	124	130
1449	123	130
1450	124	129
1451	123	130
1452	125	130
1453	124	130
1454	122	130
1455	121	130
1456	123	130
1457	123	130
1458	122	130
1459	120	130
1460	120	129
1461	124	130
1462	126	130
1463	126	130
1464	130	130
1465	128	129
1466	126	129
1467	127	130
1468	127	129
1469	125	130
1470	125	130
1471	123	130
1472	123	129
1473	125	130
1474	127	130
1475	129	130
1476	129	130
1477	124	130
1478	122	129
1479	121	130
1480	120	130
1481	122	129
1482	124	130
1483	126	130
1484	127	130
1485	128	130
1486	126	130
1487	125	130
1488	125	130
1489	125	130
1490	125	130
1491	125	129
1492	125	129
1493	126	130
1494	125	130
1495	123	129
1496	124	130
1497	122	130
1498	121	130
1499	122	130
1500	124	129
1501	124	129
1502	125	130
1503	125	129
1504	123	130
1505	123	129
1506	122	129
1507	122	130
1508	122	129
1509	122	130
1510	123	130
1511	125	130
1512	124	130
1513	125	130
1514	125	130
1515	123	130
1516	123	129
1517	124	130
1518	123	129
1519	122	130
1520	124	129
1521	124	130
1522	125	130
1523	127	130
1524	128	129
1525	128	130
1526	126	130
1527	127	130
1528	130	130
1529	129	130
1530	126	130
1531	124	130
1532	122	130
1533	122	130
1534	126	130
1535	129	130
1536	129	129
1537	131	130
1538	132	130
1539	131	130
1540	129	130
1541	127	130
1542	125	130
1543	125	130
1544	125	130
1545	126	130
1546	127	130
1547	127	129
1548	128	130
1549	130	130
1550	129	130
1551	126	130
1552	122	130
1553	121	130
1554	122	130
1555	128	130
1556	131	130
1557	131	130
1558	133	130
1559	133	130
1560	129	130
1561	124	130
1562	120	129
1563	121	129
1564	123	130
1565	127	129
1566	130	130
1567	130	130
1568	125	130
1569	124	130
1570	125	130
1571	126	130
1572	129	130
1573	132	130
1574	133	130
1575	133	130
1576	128	130
1577	124	130
1578	121	130
1579	119	130
1580	120	130
1581	125	130
1582	127	129
1583	130	130
1584	131	130
1585	127	130
1586	120	130
1587	117	130
1588	120	130
1589	127	130
1590	133	129
1591	136	130
1592	135	130
1593	131	130
1594	125	130
1595	124	129
1596	124	130
1597	126	130
1598	132	130
1599	137	130
1600	132	130
1601	116	130
1602	96	130
1603	77	130
1604	67	129
1605	62	130
1606	61	130
1607	61	130
1608	60	130
1609	61	130
1610	61	130
1611	59	130
1612	59	130
1613	60	130
1614	59	130
1615	58	130
1616	58	130
1617	57	130
1618	61	130
1619	255	130
1620	155	130
1621	106	130
1622	105	130
1623	124	130
1624	152	130
1625	153	129
1626	135	130
1627	123	130
1628	119	130
1629	121	130
1630	128	130
1631	127	130
1632	121	130
1633	122	129
1634	121	130
1635	122	130
1636	124	130
1637	119	129
1638	120	130
1639	122	130
1640	121	130
1641	124	130
1642	126	130
1643	124	130
1644	126	130
1645	131	130
1646	137	130
1647	141	130
1648	140	130
1649	138	130
1650	138	130
1651	136	130
1652	136	130
1653	134	130
1654	129	130
1655	124	130
1656	123	130
1657	119	130
1658	118	130
1659	119	130
1660	118	130
1661	118	130
1662	117	130
1663	115	130
1664	114	130
1665	115	130
1666	117	130
1667	126	130
1668	139	130
1669	148	130
1670	144	130
1671	126	129
1672	109	129
1673	99	130
1674	96	130
1675	100	129
1676	113	130
1677	127	130
1678	131	130
1679	125	130
1680	115	130
1681	111	130
1682	114	130
1683	116	129
1684	122	130
1685	125	129
1686	126	130
1687	124	130
1688	127	130
1689	129	129
1690	131	130
1691	135	130
1692	135	130
1693	131	129
1694	127	129
1695	122	129
1696	122	130
1697	119	130
1698	118	130
1699	123	129
1700	126	129
1701	123	130
1702	126	129
1703	125	129
1704	124	130
1705	124	130
1706	122	130
1707	120	129
1708	121	129
1709	121	130
1710	122	129
1711	124	130
1712	126	129
1713	127	130
1714	128	130
1715	124	130
1716	123	130
1717	121	129
1718	121	130
1719	125	130
1720	130	130
1721	127	130
1722	125	130
1723	123	129
1724	123	130
1725	125	130
1726	127	130
1727	128	129
1728	130	130
1729	128	130
1730	125	130
1731	125	129
1732	121	130
1733	120	130
1734	123	130
1735	125	130
1736	126	130
1737	128	130
1738	128	130
1739	125	129
1740	124	130
1741	121	130
1742	121	130
1743	122	129
1744	123	130
1745	126	130
1746	128	129
1747	125	130
1748	125	130
1749	123	129
1750	121	130
1751	121	130
1752	123	130
1753	122	130
1754	124	130
1755	125	130
1756	126	130
1757	126	130
1758	125	130
1759	123	129
1760	125	130
1761	123	130
1762	122	130
1763	123	130
1764	123	130
1765	122	129
1766	125	130
1767	125	130
1768	124	130
1769	124	130
1770	123	130
1771	121	130
1772	121	130
1773	119	130
1774	120	130
1775	121	130
1776	123	130
1777	126	130
1778	131	130
1779	131	130
1780	135	130
1781	136	130
1782	134	130
1783	130	129
1784	125	130
1785	117	129
1786	115	130
1787	116	130
1788	121	129
1789	126	130
1790	131	130
1791	133	129
1792	134	129
1793	130	130
1794	127	129
1795	127	130
1796	127	130
1797	127	130
1798	131	130
1799	131	130
1800	127	130
1801	125	130
1802	125	130
1803	125	130
1804	129	130
1805	130	130
1806	131	130
1807	131	130
1808	128	130
1809	126	130
1810	124	130
1811	117	130
1812	117	130
1813	122	130
1814	128	130
1815	135	129
1816	139	130
1817	134	130
1818	126	130
1819	120	130
1820	118	130
1821	119	129
1822	123	130
1823	127	129
1824	129	130
1825	129	130
1826	129	129
1827	130	130
1828	128	130
1829	125	130
1830	126	130
1831	124	130
1832	122	130
1833	122	130
1834	123	129
1835	123	130
1836	128	129
1837	131	129
1838	132	129
1839	129	129
1840	125	130
1841	124	130
1842	127	129
1843	126	130
1844	127	130
1845	128	130
1846	128	130
1847	129	130
1848	132	129
1849	131	130
1850	132	129
1851	133	130
1852	132	130
1853	132	130
1854	128	129
1855	122	130
1856	121	130
1857	119	130
1858	121	129
1859	124	130
1860	127	130
1861	128	130
1862	135	129
1863	141	130
1864	148	130
1865	150	130
1866	142	130
1867	129	130
1868	124	130
1869	119	130
1870	117	130
1871	121	130
1872	124	130
1873	117	130
1874	115	130
1875	115	130
1876	119	130
1877	117	129
1878	118	130
1879	127	130
1880	127	129
1881	119	130
1882	120	130
1883	125	130
1884	129	129
1885	127	130
1886	128	130
1887	128	130
1888	132	129
1889	133	130
1890	135	130
1891	139	130
1892	141	130
1893	143	130
1894	143	130
1895	139	130
1896	135	130
1897	131	130
1898	127	130
1899	125	129
1900	123	130
1901	121	130
1902	120	129
1903	119	130
1904	118	130
1905	119	129
1906	119	130
1907	119	130
1908	119	129
1909	119	130
1910	120	129
1911	125	129
1912	134	130
1913	148	130
1914	150	130
1915	126	130
1916	109	130
1917	101	130
1918	98	130
1919	104	130
1920	111	130
1921	118	130
1922	122	129
1923	124	130
1924	123	129
1925	124	130
1926	124	130
1927	125	130
1928	126	130
1929	127	130
1930	132	130
1931	137	130
1932	131	130
1933	125	130
1934	123	130
1935	121	130
1936	121	130
1937	124	130
1938	125	130
1939	129	130
1940	127	130
1941	125	130
1942	124	130
1943	121	129
1944	117	130
1945	123	129
1946	128	130
1947	130	130
1948	127	129
1949	123	130
1950	120	130
1951	125	130
1952	124	130
1953	123	130
1954	125	129
1955	125	129
1956	123	130
1957	123	130
1958	119	129
1959	123	130
1960	128	129
1961	129	130
1962	128	130
1963	128	130
1964	123	130
1965	123	130
1966	124	129
1967	125	130
1968	126	130
1969	126	129
1970	124	129
1971	126	130
1972	125	130
1973	125	129
1974	125	129
1975	125	129
1976	123	130
1977	127	130
1978	127	130
1979	127	130
1980	128	129
1981	128	130
1982	125	130
1983	124	130
1984	121	129
1985	122	130
1986	123	130
1987	123	130
1988	125	130
1989	127	130
1990	124	130
1991	125	130
1992	125	129
1993	123	130
1994	123	130
1995	123	130
1996	121	130
1997	123	129
1998	122	129
1999	123	130
2000	123	130
2001	122	130
2002	121	130
2003	123	130
2004	121	130
2005	122	130
2006	123	130
2007	124	129
2008	124	129
2009	127	130
2010	126	130
2011	125	130
2012	125	130
2013	124	130
2014	124	130
2015	125	130
2016	124	129
2017	126	130
2018	126	130
2019	125	130
2020	125	130
2021	126	129
2022	125	130
2023	130	130
2024	133	130
2025	132	130
2026	129	130
2027	125	130
2028	121	130
2029	122	130
2030	121	130
2031	123	130
2032	125	130
2033	126	130
2034	126	130
2035	130	130
2036	130	130
2037	130	130
2038	130	130
2039	128	130
2040	125	130
2041	128	129
2042	129	130
2043	131	130
2044	133	129
2045	133	130
2046	130	129
2047	125	130
2048	117	130
2049	119	130
2050	123	130
2051	128	130
2052	134	130
2053	138	130
2054	135	130
2055	131	130
2056	123	130
2057	119	130
2058	119	130
2059	124	130
2060	128	130
2061	134	130
2062	134	130
2063	129	129
2064	119	130
2065	115	130
2066	117	130
2067	126	129
2068	132	129
2069	134	130
2070	131	130
2071	126	130
2072	119	130
2073	119	130
2074	120	129
2075	126	130
2076	133	130
2077	136	130
2078	133	130
2079	130	130
2080	123	130
2081	121	130
2082	121	130
2083	122	130
2084	126	130
2085	131	130
2086	129	130
2087	130	130
2088	129	130
2089	129	130
2090	120	130
2091	109	130
2092	90	130
2093	78	129
2094	67	130
2095	64	130
2096	62	130
2097	60	129
2098	58	130
2099	62	130
2100	61	130
2101	60	130
2102	60	130
2103	60	130
2104	58	130
2105	59	130
2106	58	130
2107	60	129
2108	255	130
2109	181	130
2110	120	130
2111	122	130
2112	120	130
2113	138	129
2114	143	130
2115	140	130
2116	134	130
2117	134	130
2118	128	129
2119	124	130
2120	122	130
2121	123	130
2122	121	129
2123	117	130
2124	116	130
2125	119	130
2126	125	130
2127	124	130
2128	125	129
2129	123	129
2130	118	130
2131	122	130
2132	126	129
2133	126	130
2134	129	130
2135	133	130
2136	133	130
2137	141	130
2138	143	130
2139	140	130
2140	137	130
2141	135	129
2142	131	130
2143	132	130
2144	128	130
2145	125	130
2146	122	130
2147	119	130
2148	118	130
2149	118	130
2150	116	130
2151	116	130
2152	117	129
2153	116	130
2154	117	130
2155	119	130
2156	117	130
2157	119	130
2158	127	130
2159	137	130
2160	145	129
2161	141	130
2162	123	129
2163	111	129
2164	104	130
2165	103	130
2166	110	130
2167	119	130
2168	123	130
2169	125	130
2170	122	130
2171	118	129
2172	115	130
2173	115	130
2174	116	130
2175	122	130
2176	128	129
2177	126	130
2178	122	130
2179	125	130
2180	129	130
2181	133	130
2182	134	130
2183	131	130
2184	126	130
2185	123	130
2186	123	130
2187	127	129
2188	125	129
2189	122	130
2190	122	130
2191	121	130
2192	121	130
2193	124	130
2194	124	130
2195	122	130
2196	125	130
2197	125	130
2198	125	130
2199	123	130
2200	122	130
2201	122	130
2202	126	130
2203	127	130
2204	127	130
2205	125	130
2206	123	130
2207	122	130
2208	125	130
2209	125	130
2210	126	130
2211	127	130
2212	126	130
2213	124	130
2214	126	130
2215	124	130
2216	123	130
2217	122	130
2218	123	130
2219	124	129
2220	125	129
2221	124	130
2222	126	130
2223	128	130
2224	129	130
2225	129	130
2226	128	129
2227	123	130
2228	124	130
2229	124	130
2230	124	130
2231	125	130
2232	126	130
2233	125	130
2234	126	130
2235	124	130
2236	123	129
2237	122	129
2238	121	129
2239	121	130
2240	124	130
2241	124	130
2242	124	130
2243	125	130
2244	124	130
2245	122	130
2246	125	130
2247	123	129
2248	123	130
2249	123	130
2250	123	130
2251	121	130
2252	124	130
2253	123	130
2254	124	130
2255	125	130
2256	124	130
2257	124	130
2258	125	130
2259	122	129
2260	123	130
2261	124	130
2262	123	130
2263	124	130
2264	127	130
2265	124	130
2266	125	130
2267	126	130
2268	127	130
2269	128	130
2270	129	130
2271	129	129
2272	133	130
2273	132	130
2274	128	129
2275	123	130
2276	119	130
2277	116	130
2278	119	130
2279	122	130
2280	125	129
2281	131	130
2282	134	130
2283	132	130
2284	134	130
2285	130	130
2286	128	130
2287	127	130
2288	126	129
2289	127	130
2290	131	130
2291	131	130
2292	131	130
2293	131	130
2294	128	130
2295	126	130
2296	125	130
2297	120	130
2298	120	130
2299	121	130
2300	121	130
2301	125	130
2302	129	130
2303	130	130
2304	131	130
2305	132	129
2306	132	130
2307	132	130
2308	129	130
2309	125	130
2310	124	130
2311	123	129
2312	122	129
2313	124	129
2314	126	129
2315	123	130
2316	123	129
2317	126	130
2318	128	130
2319	131	130
2320	131	130
2321	129	130
2322	127	130
2323	123	130
2324	121	130
2325	123	130
2326	124	130
2327	127	130
2328	132	130
2329	132	130
2330	130	130
2331	130	130
2332	127	130
2333	125	130
2334	126	130
2335	125	129
2336	126	130
2337	129	130
2338	131	129
2339	133	130
2340	136	130
2341	138	129
2342	140	130
2343	140	129
2344	133	130
2345	125	130
2346	117	130
2347	110	130
2348	110	130
2349	114	130
2350	118	129
2351	127	129
2352	136	130
2353	139	130
2354	143	130
2355	152	129
2356	153	130
2357	142	129
2358	133	130
2359	127	130
2360	124	130
2361	125	130
2362	124	130
2363	123	130
2364	121	130
2365	119	130
2366	120	130
2367	119	130
2368	115	130
2369	116	130
2370	121	130
2371	127	130
2372	125	130
2373	120	130
2374	123	130
2375	127	130
2376	129	130
2377	127	130
2378	128	130
2379	132	130
2380	135	130
2381	142	129
2382	140	130
2383	139	130
2384	140	130
2385	138	130
2386	136	129
2387	138	129
2388	133	130
2389	130	130
2390	125	130
2391	120	130
2392	116	130
2393	117	129
2394	116	129
2395	120	130
2396	123	130
2397	124	130
2398	125	129
2399	125	130
2400	118	130
2401	116	129
2402	113	130
2403	114	130
2404	119	130
2405	134	130
2406	149	130
2407	133	130
2408	128	130
2409	125	130
2410	119	130
2411	112	130
2412	107	130
2413	111	129
2414	115	130
2415	120	130
2416	121	130
2417	118	130
2418	118	130
2419	126	130
2420	126	130
2421	125	130
2422	127	130
2423	128	130
2424	129	130
2425	131	130
2426	128	130
2427	128	129
2428	126	129
2429	125	130
2430	125	130
2431	126	129
2432	123	129
2433	125	130
2434	125	129
2435	123	130
2436	123	130
2437	124	130
2438	122	130
2439	124	130
2440	119	130
2441	121	130
2442	123	130
2443	129	130
2444	128	130
2445	127	130
2446	124	130
2447	120	130
2448	122	129
2449	127	130
2450	125	130
2451	129	129
2452	128	130
2453	126	129
2454	127	130
2455	126	130
2456	123	130
2457	127	129
2458	127	129
2459	125	130
2460	124	130
2461	122	130
2462	121	130
2463	124	130
2464	123	130
2465	126	130
2466	127	129
2467	126	130
2468	126	130
2469	128	130
2470	124	130
2471	125	130
2472	127	130
2473	128	130
2474	129	130
2475	129	129
2476	123	130
2477	123	130
2478	121	130
2479	121	130
2480	123	130
2481	125	130
2482	124	130
2483	128	129
2484	126	129
2485	123	129
2486	123	130
2487	121	129
2488	120	130
2489	123	130
2490	124	129
2491	125	129
2492	126	130
2493	125	130
2494	123	130
2495	124	129
2496	120	130
2497	121	130
2498	122	130
2499	123	130
2500	125	130
2501	129	130
2502	126	130
2503	125	130
2504	124	130
2505	121	130
2506	119	130
2507	120	130
2508	119	129
2509	124	130
2510	127	129
2511	129	130
2512	129	129
2513	128	130
2514	124	130
2515	126	130
2516	127	130
2517	128	130
2518	132	130
2519	131	129
2520	124	130
2521	122	130
2522	121	130
2523	123	130
2524	129	130
2525	133	129
2526	133	130
2527	133	129
2528	127	130
2529	125	130
2530	125	130
2531	124	130
2532	125	130
2533	130	130
2534	128	130
2535	129	130
2536	131	130
2537	130	130
2538	129	130
2539	129	130
2540	126	130
2541	126	130
2542	127	130
2543	126	130
2544	126	130
2545	126	130
2546	121	130
2547	118	130
2548	118	129
2549	123	130
2550	128	130
2551	134	129
2552	137	130
2553	139	130
2554	130	130
2555	120	130
2556	117	130
2557	117	130
2558	120	130
2559	129	130
2560	134	129
2561	132	130
2562	125	130
2563	121	130
2564	122	129
2565	128	130
2566	128	130
2567	132	129
2568	133	130
2569	131	129
2570	127	130
2571	125	130
2572	121	130
2573	121	130
2574	123	130
2575	125	129
2576	128	130
2577	131	130
2578	130	130
2579	133	130
2580	127	130
2581	111	130
2582	95	130
2583	79	130
2584	66	130
2585	64	129
2586	61	130
2587	60	129
2588	60	130
2589	60	130
2590	60	130
2591	63	129
2592	59	130
2593	59	130
2594	60	129
2595	59	129
2596	58	129
2597	61	130
2598	57	130
2599	67	130
2600	255	130
2601	118	129
2602	103	130
2603	90	130
2604	92	130
2605	115	130
2606	150	130
2607	157	130
2608	137	130
2609	121	130
2610	118	130
2611	125	129
2612	131	130
2613	123	130
2614	116	130
2615	119	130
2616	118	130
2617	120	130
2618	122	130
2619	123	130
2620	121	130
2621	120	130
2622	121	130
2623	124	130
2624	124	130
2625	124	129
2626	127	130
2627	130	130
2628	133	129
2629	137	130
2630	139	130
2631	143	129
2632	143	130
2633	139	130
2634	135	129
2635	134	130
2636	129	130
2637	125	130
2638	121	130
2639	117	130
2640	116	130
2641	116	130
2642	114	130
2643	118	130
2644	119	130
2645	118	130
2646	118	130
2647	117	130
2648	116	130
2649	123	130
2650	133	130
2651	137	130
2652	130	130
2653	118	130
2654	110	129
2655	110	130
2656	111	130
2657	115	130
2658	120	129
2659	118	130
2660	114	129
2661	116	130
2662	115	130
2663	116	130
2664	120	130
2665	122	129
2666	123	129
2667	131	130
2668	132	129
2669	131	129
2670	130	130
2671	129	130
2672	129	130
2673	129	130
2674	125	130
2675	125	130
2676	122	130
2677	119	130
2678	122	130
2679	125	129
2680	125	130
2681	126	130
2682	122	130
2683	118	129
2684	121	130
2685	123	130
2686	124	129
2687	125	129
2688	123	129
2689	123	130
2690	124	130
2691	124	129
2692	125	130
2693	127	130
2694	124	130
2695	123	130
2696	125	129
2697	126	129
2698	127	130
2699	129	130
2700	127	130
2701	125	130
2702	127	130
2703	126	130
2704	126	129
2705	125	130
2706	121	130
2707	122	130
2708	125	130
2709	125	129
2710	126	129
2711	127	129
2712	125	130
2713	126	129
2714	125	130
2715	121	129
2716	121	130
2717	121	130
2718	122	130
2719	127	130
2720	129	130
2721	129	130
2722	129	130
2723	125	130
2724	123	130
2725	122	130
2726	119	130
2727	120	130
2728	124	130
2729	125	130
2730	127	130
2731	127	130
2732	124	129
2733	122	130
2734	121	130
2735	120	130
2736	121	129
2737	123	129
2738	124	130
2739	126	130
2740	128	130
2741	125	130
2742	124	129
2743	122	130
2744	119	130
2745	120	130
2746	121	130
2747	121	130
2748	123	130
2749	123	130
2750	123	130
2751	124	130
2752	125	130
2753	124	130
2754	125	130
2755	123	130
2756	125	129
2757	128	130
2758	130	130
2759	132	130
2760	137	130
2761	136	130
2762	132	130
2763	128	130
2764	123	130
2765	119	129
2766	119	130
2767	120	130
2768	124	130
2769	127	130
2770	127	130
2771	127	130
2772	128	130
2773	129	130
2774	132	130
2775	134	129
2776	133	129
2777	132	130
2778	130	130
2779	124	130
2780	122	130
2781	123	130
2782	125	130
2783	128	130
2784	132	130
2785	133	130
2786	133	130
2787	128	130
2788	124	130
2789	122	130
2790	121	130
2791	121	130
2792	126	130
2793	129	129
2794	132	130
2795	132	130
2796	128	130
2797	122	129
2798	121	130
2799	121	130
2800	125	130
2801	128	130
2802	131	129
2803	131	130
2804	131	129
2805	127	130
2806	125	130
2807	123	130
2808	122	129
2809	123	130
2810	127	130
2811	127	130
2812	129	130
2813	130	130
2814	128	130
2815	125	130
2816	125	130
2817	124	130
2818	126	130
2819	127	130
2820	128	130
2821	128	129
2822	129	130
2823	127	130
2824	128	130
2825	127	130
2826	128	130
2827	129	130
2828	133	130
2829	133	129
2830	137	130
2831	138	130
2832	139	130
2833	134	130
2834	127	129
2835	118	129
2836	116	130
2837	115	129
2838	118	129
2839	122	130
2840	125	130
2841	126	130
2842	132	130
2843	134	130
2844	138	129
2845	143	130
2846	154	130
2847	157	130
2848	151	130
2849	136	129
2850	127	129
2851	119	130
2852	120	130
2853	120	130
2854	123	130
2855	120	130
2856	121	130
2857	119	130
2858	118	129
2859	116	130
2860	123	130
2861	124	130
2862	119	129
2863	119	130
2864	125	129
2865	125	130
2866	125	130
2867	123	130
2868	128	130
2869	130	129
2870	136	130
2871	139	130
2872	137	130
2873	133	130
2874	140	130
2875	143	130
2876	142	129
2877	138	130
2878	134	130
2879	129	130
2880	130	130
2881	126	130
2882	123	130
2883	121	130
2884	119	129
2885	118	130
2886	121	129
2887	121	130
2888	123	130
2889	123	130
2890	121	129
2891	119	130
2892	119	130
2893	115	130
2894	118	130
2895	119	130
2896	123	130
2897	135	130
2898	154	130
2899	133	130
2900	125	130
2901	122	130
2902	117	130
2903	112	130
2904	109	130
2905	109	130
2906	117	130
2907	122	129
2908	125	130
2909	123	130
2910	119	129
2911	116	130
2912	120	130
2913	123	130
2914	125	130
2915	129	130
2916	127	130
2917	127	129
2918	133	130
2919	134	130
2920	131	130
2921	125	130
2922	121	130
2923	120	130
2924	123	130
2925	122	130
2926	125	130
2927	125	130
2928	124	129
2929	124	130
2930	126	130
2931	123	130
2932	123	130
2933	126	130
2934	125	130
2935	123	129
2936	123	130
2937	123	130
2938	128	129
2939	129	129
2940	125	130
2941	124	130
2942	124	129
2943	123	130
2944	125	130
2945	124	130
2946	121	129
2947	123	130
2948	125	130
2949	125	130
2950	129	130
2951	127	130
2952	127	130
2953	127	130
2954	127	129
2955	125	130
2956	126	130
2957	122	130
2958	122	130
2959	125	130
2960	125	130
2961	127	130
2962	129	130
2963	126	130
2964	123	130
2965	122	129
2966	122	130
2967	125	130
2968	128	130
2969	128	130
2970	129	130
2971	126	130
2972	122	130
2973	121	130
2974	121	130
2975	121	129
2976	124	130
2977	125	129
2978	123	130
2979	124	130
2980	124	129
2981	123	130
2982	125	130
2983	124	130
2984	123	130
2985	122	130
2986	122	130
2987	122	130
2988	125	130
2989	126	130
2990	126	130
2991	126	130
2992	124	130
2993	123	130
2994	123	130
2995	122	130
2996	122	130
2997	125	130
2998	125	130
2999	125	130
3000	126	130
3001	124	129
3002	123	130
3003	124	130
3004	123	130
3005	121	130
3006	121	130
3007	122	130
3008	127	130
3009	130	130
3010	130	130
3011	131	130
3012	130	130
3013	127	130
3014	127	130
3015	128	130
3016	126	130
3017	125	130
3018	123	129
3019	123	130
3020	125	130
3021	128	129
3022	128	129
3023	130	130
3024	131	130
3025	131	130
3026	131	129
3027	129	130
3028	126	129
3029	127	130
3030	126	130
3031	127	129
3032	128	129
3033	128	130
3034	126	130
3035	128	130
3036	128	129
3037	129	130
3038	130	130
3039	130	129
3040	128	130
3041	125	130
3042	119	130
3043	118	129
3044	121	130
3045	127	129
3046	133	130
3047	137	130
3048	129	130
3049	123	129
3050	121	130
3051	122	130
3052	124	130
3053	130	129
3054	131	129
3055	130	130
3056	124	130
3057	117	130
3058	117	130
3059	123	130
3060	129	129
3061	136	130
3062	136	130
3063	131	129
3064	127	130
3065	125	130
3066	121	130
3067	122	130
3068	123	130
3069	127	130
3070	128	130
3071	122	130
3072	102	130
3073	87	130
3074	71	130
3075	64	130
3076	62	129
3077	60	129
3078	58	130
3079	61	129
3080	60	130
3081	60	129
3082	60	130
3083	59	130
3084	58	130
3085	59	130
3086	57	130
3087	58	130
3088	58	130
3089	58	130
3090	68	129
3091	255	130
3092	119	130
3093	73	130
3094	69	130
3095	67	130
3096	72	130
3097	96	130
3098	155	129
3099	178	130
3100	139	130
3101	121	129
3102	120	130
3103	124	130
3104	124	130
3105	122	130
3106	117	130
3107	114	129
3108	117	130
3109	119	130
3110	115	129
3111	121	130
3112	126	130
3113	125	130
3114	125	130
3115	127	130
3116	127	130
3117	129	130
3118	130	130
3119	129	130
3120	131	130
3121	132	129
3122	133	129
3123	137	130
3124	137	129
3125	138	130
3126	137	130
3127	133	130
3128	128	130
3129	123	130
3130	117	130
3131	114	130
3132	115	130
3133	115	130
3134	118	130
3135	124	130
3136	126	130
3137	127	130
3138	122	130
3139	114	130
3140	109	130
3141	108	130
3142	108	130
3143	114	130
3144	120	130
3145	125	129
3146	125	130
3147	122	130
3148	117	130
3149	117	130
3150	119	130
3151	121	130
3152	125	130
3153	130	130
3154	129	130
3155	127	130
3156	126	130
3157	124	130
3158	124	129
3159	124	130
3160	122	130
3161	122	130
3162	121	130
3163	122	130
3164	123	130
3165	125	130
3166	125	130
3167	125	130
3168	122	130
3169	120	130
3170	120	130
3171	123	130
3172	124	129
3173	125	130
3174	124	130
3175	121	130
3176	121	130
3177	125	129
3178	128	130
3179	129	130
3180	127	130
3181	126	130
3182	126	130
3183	125	130
3184	126	130
3185	126	130
3186	123	130
3187	123	130
3188	123	129
3189	122	130
3190	123	130
3191	126	130
3192	128	130
3193	127	129
3194	124	130
3195	122	129
3196	124	129
3197	127	130
3198	129	130
3199	128	130
3200	126	129
3201	123	129
3202	123	130
3203	123	130
3204	124	130
3205	126	130
3206	127	129
3207	126	129
3208	126	130
3209	124	130
3210	123	130
3211	123	129
3212	124	129
3213	125	129
3214	127	130
3215	125	130
3216	125	129
3217	123	130
3218	121	129
3219	120	130
3220	122	130
3221	122	130
3222	123	129
3223	125	130
3224	125	130
3225	124	130
3226	125	130
3227	123	130
3228	120	130
3229	118	130
3230	120	129
3231	125	130
3232	130	130
3233	129	130
3234	128	130
3235	125	130
3236	123	130
3237	122	130
3238	123	130
3239	124	130
3240	127	129
3241	129	129
3242	129	130
3243	127	130
3244	127	129
3245	123	130
3246	124	130
3247	125	130
3248	126	130
3249	127	130
3250	129	129
3251	128	129
3252	130	129
3253	128	130
3254	127	129
3255	127	130
3256	127	130
3257	126	130
3258	130	130
3259	131	130
3260	130	130
3261	129	129
3262	128	130
3263	127	130
3264	128	130
3265	123	130
3266	120	130
3267	122	130
3268	125	130
3269	127	130
3270	125	130
3271	125	130
3272	130	130
3273	133	130
3274	132	130
3275	129	129
3276	127	130
3277	122	130
3278	121	129
3279	123	130
3280	125	130
3281	129	130
3282	131	130
3283	129	130
3284	130	130
3285	129	130
3286	127	130
3287	125	130
3288	124	130
3289	122	129
3290	125	129
3291	126	130
3292	127	130
3293	129	129
3294	129	130
3295	127	130
3296	127	130
3297	125	130
3298	123	129
3299	123	129
3300	124	129
3301	125	130
3302	127	130
3303	126	130
3304	126	129
3305	128	130
3306	129	130
3307	129	130
3308	130	129
3309	128	130
3310	129	129
3311	133	130
3312	136	130
3313	140	130
3314	141	130
3315	133	130
3316	123	130
3317	115	130
3318	112	130
3319	115	130
3320	121	129
3321	124	130
3322	129	130
3323	133	130
3324	134	130
3325	136	129
3326	137	130
3327	140	130
3328	152	130
3329	159	130
3330	143	129
3331	126	130
3332	120	130
3333	121	130
3334	120	130
3335	119	130
3336	121	130
3337	124	130
3338	121	130
3339	119	130
3340	122	130
3341	119	130
3342	121	130
3343	121	130
3344	118	130
3345	116	130
3346	127	129
3347	134	130
3348	126	130
3349	124	130
3350	129	130
3351	131	130
3352	133	129
3353	137	130
3354	140	130
3355	141	129
3356	143	130
3357	145	130
3358	142	129
3359	135	130
3360	131	129
3361	128	129
3362	124	129
3363	121	130
3364	121	130
3365	120	130
3366	119	130
3367	121	130
3368	120	130
3369	120	130
3370	120	130
3371	119	130
3372	119	129
3373	120	130
3374	118	130
3375	118	130
3376	118	130
3377	117	129
3378	121	130
3379	132	130
3380	151	129
3381	165	130
3382	139	130
3383	111	129
3384	99	130
3385	98	129
3386	102	130
3387	113	130
3388	122	130
3389	127	130
3390	124	130
3391	119	130
3392	115	129
3393	119	130
3394	125	129
3395	125	130
3396	125	130
3397	126	130
3398	128	130
3399	133	130
3400	133	130
3401	132	130
3402	129	130
3403	125	130
3404	124	130
3405	125	130
3406	123	130
3407	125	130
3408	126	130
3409	124	130
3410	123	129
3411	123	130
3412	120	130
3413	120	130
3414	123	130
3415	127	130
3416	131	129
3417	133	130
3418	127	130
3419	123	130
3420	120	130
3421	119	130
3422	120	129
3423	123	130
3424	125	130
3425	128	130
3426	128	130
3427	127	130
3428	126	130
3429	124	130
3430	122	129
3431	125	130
3432	125	130
3433	125	130
3434	127	130
3435	127	130
3436	124	129
3437	124	130
3438	125	130
3439	126	130
3440	126	129
3441	125	130
3442	125	130
3443	125	129
3444	125	130
3445	125	129
3446	127	130
3447	127	130
3448	127	130
3449	128	129
3450	125	129
3451	123	130
3452	123	130
3453	122	130
3454	122	130
3455	125	130
3456	125	130
3457	125	130
3458	125	130
3459	123	130
3460	122	130
3461	122	130
3462	121	130
3463	122	129
3464	122	130
3465	123	130
3466	123	130
3467	124	130
3468	123	130
3469	124	130
3470	125	130
3471	123	130
3472	122	130
3473	121	130
3474	120	130
3475	121	130
3476	123	130
3477	125	130
3478	127	129
3479	127	130
3480	125	130
3481	123	130
3482	121	130
3483	120	130
3484	121	130
3485	122	130
3486	124	129
3487	125	129
3488	126	130
3489	126	130
3490	126	130
3491	127	129
3492	128	130
3493	131	130
3494	133	129
3495	131	130
3496	129	130
3497	127	130
3498	126	129
3499	125	130
3500	124	130
3501	124	130
3502	126	130
3503	127	129
3504	129	129
3505	130	130
3506	129	130
3507	127	130
3508	127	130
3509	127	130
3510	128	130
3511	131	130
3512	133	129
3513	133	130
3514	127	130
3515	121	129
3516	121	130
3517	124	130
3518	128	130
3519	133	130
3520	136	130
3521	134	130
3522	131	130
3523	128	130
3524	123	129
3525	118	130
3526	117	130
3527	117	130
3528	121	130
3529	127	130
3530	134	130
3531	138	130
3532	136	129
3533	130	130
3534	124	130
3535	119	129
3536	117	130
3537	116	129
3538	117	130
3539	122	130
3540	132	130
3541	139	129
3542	139	130
3543	132	130
3544	124	130
3545	118	130
3546	117	130
3547	118	130
3548	123	130
3549	128	129
3550	133	130
3551	134	130
3552	130	130
3553	124	130
3554	123	130
3555	124	130
3556	127	130
3557	130	129
3558	133	130
3559	133	130
3560	135	129
3561	130	130
3562	116	130
3563	97	130
3564	81	130
3565	69	130
3566	65	130
3567	62	129
3568	60	130
3569	60	130
3570	61	130
3571	59	130
3572	61	130
3573	61	130
3574	60	130
3575	59	130
3576	59	130
3577	57	129
3578	58	130
3579	61	130
3580	255	130
3581	176	129
3582	105	130
3583	110	130
3584	121	130
3585	147	130
3586	149	130
3587	136	130
3588	127	130
3589	128	130
3590	129	130
3591	123	129
3592	118	130
3593	119	130
3594	122	130
3595	123	130
3596	122	130
3597	121	130
3598	124	129
3599	123	130
3600	119	130
3601	120	130
3602	127	129
3603	131	129
3604	126	130
3605	125	130
3606	127	130
3607	133	130
3608	139	130
3609	141	130
3610	140	130
3611	138	130
3612	135	130
3613	135	130
3614	134	129
3615	132	130
3616	129	130
3617	125	129
3618	120	130
3619	117	130
3620	115	130
3621	116	130
3622	118	130
3623	121	130
3624	121	130
3625	121	130
3626	119	129
3627	116	130
3628	117	130
3629	123	129
3630	133	130
3631	140	130
3632	134	130
3633	123	129
3634	111	130
3635	105	130
3636	101	130
3637	105	130
3638	113	130
3639	122	130
3640	121	129
3641	117	130
3642	116	130
3643	122	130
3644	127	130
3645	127	130
3646	129	130
3647	129	129
3648	129	130
3649	129	130
3650	129	130
3651	127	130
3652	127	130
3653	127	130
3654	126	130
3655	124	130
3656	122	130
3657	121	130
3658	121	129
3659	121	130
3660	123	130
3661	124	130
3662	125	130
3663	126	130
3664	127	130
3665	125	130
3666	124	130
3667	123	130
3668	122	130
3669	123	130
3670	124	129
3671	126	130
3672	126	130
3673	126	130
3674	125	130
3675	125	130
3676	124	130
3677	123	129
3678	124	130
3679	127	130
3680	127	130
3681	127	130
3682	125	129
3683	121	130
3684	120	129
3685	122	130
3686	123	130
3687	126	130
3688	128	130
3689	128	130
3690	126	130
3691	125	130
3692	125	130
3693	124	129
3694	124	130
3695	124	130
3696	125	130
3697	127	130
3698	127	130
3699	127	130
3700	125	130
3701	125	129
3702	124	130
3703	123	130
3704	123	129
3705	124	129
3706	125	129
3707	125	130
3708	125	130
3709	125	130
3710	123	129
3711	122	129
3712	122	130
3713	121	130
3714	122	130
3715	122	130
3716	123	130
3717	125	130
3718	125	130
3719	125	130
3720	126	130
3721	125	129
3722	125	130
3723	124	130
3724	122	130
3725	121	130
3726	122	130
3727	123	130
3728	123	130
3729	123	130
3730	123	130
3731	123	130
3732	123	130
3733	122	130
3734	123	130
3735	123	130
3736	124	129
3737	125	130
3738	126	130
3739	124	130
3740	124	130
3741	125	130
3742	127	130
3743	130	130
3744	134	130
3745	134	130
3746	133	130
3747	128	130
3748	123	130
3749	120	129
3750	121	130
3751	123	130
3752	127	130
3753	130	130
3754	130	130
3755	130	129
3756	129	130
3757	127	130
3758	129	130
3759	129	130
3760	129	129
3761	129	130
3762	129	130
3763	129	129
3764	130	130
3765	129	130
3766	129	130
3767	127	129
3768	125	129
3769	122	130
3770	121	130
3771	119	129
3772	118	130
3773	123	130
3774	131	130
3775	139	129
3776	143	130
3777	137	129
3778	127	129
3779	120	130
3780	115	129
3781	111	129
3782	114	130
3783	122	130
3784	133	129
3785	141	130
3786	137	130
3787	130	130
3788	125	130
3789	121	129
3790	121	130
3791	122	130
3792	123	129
3793	126	130
3794	128	130
3795	129	130
3796	129	130
3797	128	130
3798	125	130
3799	123	130
3800	122	130
3801	123	130
3802	125	130
3803	127	130
3804	129	130
3805	130	130
3806	130	130
3807	129	130
3808	128	130
3809	126	130
3810	126	130
3811	129	129
3812	134	130
3813	141	130
3814	146	130
3815	141	129
3816	128	130
3817	117	129
3818	112	130
3819	114	130
3820	119	130
3821	124	130
3822	129	130
3823	133	130
3824	136	130
3825	141	130
3826	150	129
3827	158	130
3828	147	130
3829	126	130
3830	116	130
3831	116	130
3832	120	130
3833	120	130
3834	121	129
3835	120	130
3836	119	130
3837	119	130
3838	120	130
3839	121	130
3840	119	130
3841	118	130
3842	120	130
3843	119	130
3844	124	130
3845	126	130
3846	125	130
3847	124	130
3848	125	130
3849	129	130
3850	136	130
3851	137	130
3852	137	130
3853	140	130
3854	140	130
3855	140	130
3856	140	129
3857	138	130
3858	135	130
3859	132	129
3860	129	130
3861	128	130
3862	126	130
3863	125	130
3864	123	130
3865	120	130
3866	116	130
3867	116	130
3868	115	130
3869	115	129
3870	115	130
3871	117	130
3872	118	130
3873	121	130
3874	122	130
3875	122	129
3876	124	130
3877	132	130
3878	147	130
3879	158	130
3880	141	129
3881	115	130
3882	100	129
3883	96	130
3884	102	129
3885	115	129
3886	122	129
3887	123	130
3888	121	130
3889	117	130
3890	116	129
3891	119	130
3892	122	130
3893	123	130
3894	126	130
3895	131	130
3896	134	130
3897	137	130
3898	135	130
3899	131	130
3900	128	130
3901	127	130
3902	123	130
3903	121	130
3904	121	130
3905	123	130
3906	125	130
3907	126	130
3908	124	129
3909	121	129
3910	121	130
3911	121	130
3912	122	130
3913	123	130
3914	126	130
3915	128	130
3916	126	130
3917	125	130
3918	123	130
3919	124	130
3920	125	130
3921	125	129
3922	124	130
3923	126	130
3924	126	130
3925	126	130
3926	126	129
3927	127	130
3928	125	130
3929	124	130
3930	124	129
3931	125	130
3932	125	129
3933	125	130
3934	125	129
3935	123	130
3936	122	130
3937	123	130
3938	128	130
3939	131	130
3940	130	130
3941	128	130
3942	125	130
3943	122	130
3944	123	130
3945	123	130
3946	124	129
3947	125	130
3948	127	129
3949	126	130
3950	125	130
3951	122	129
3952	121	130
3953	120	130
3954	120	130
3955	122	130
3956	125	130
3957	126	130
3958	127	130
3959	127	130
3960	125	130
3961	123	130
3962	123	130
3963	121	130
3964	122	130
3965	123	129
3966	125	130
3967	126	130
3968	127	130
3969	125	130
3970	124	130
3971	123	130
3972	122	130
3973	122	129
3974	122	130
3975	122	130
3976	124	130
3977	125	130
3978	122	130
3979	119	129
3980	119	129
3981	120	130
3982	123	130
3983	124	130
3984	125	130
3985	128	130
3986	132	130
3987	135	130
3988	137	130
3989	133	130
3990	127	130
3991	122	130
3992	119	130
3993	120	130
3994	124	130
3995	127	130
3996	129	129
3997	131	130
3998	131	130
3999	129	130
4000	127	129
4001	125	130
4002	124	129
4003	125	130
4004	129	130
4005	131	129
4006	134	130
4007	133	129
4008	131	130
4009	129	130
4010	126	129
4011	125	129
4012	125	130
4013	125	130
4014	127	129
4015	129	130
4016	129	130
4017	122	130
4018	117	130
4019	117	129
4020	122	130
4021	130	130
4022	136	130
4023	136	130
4024	130	130
4025	124	130
4026	121	130
4027	121	130
4028	123	129
4029	126	130
4030	129	130
4031	129	130
4032	128	129
4033	127	130
4034	125	130
4035	124	129
4036	126	130
4037	129	129
4038	131	130
4039	132	130
4040	129	130
4041	126	129
4042	124	130
4043	123	129
4044	124	130
4045	126	130
4046	128	129
4047	131	130
4048	132	129
4049	131	130
4050	129	130
4051	122	130
4052	108	130
4053	94	130
4054	79	130
4055	68	130
4056	64	130
4057	61	129
4058	60	130
4059	60	130
4060	60	130
4061	60	130
4062	60	130
4063	60	129
4064	60	130
4065	61	130
4066	59	130
4067	58	130
4068	58	130
4069	58	130
4070	67	130
4071	255	130
4072	141	130
4073	83	130
4074	77	129
4075	77	129
4076	90	130
4077	134	130
4078	171	129
4079	151	130
4080	130	130
4081	121	130
4082	120	130
4083	122	129
4084	121	129
4085	121	130
4086	120	130
4087	117	129
4088	121	130
4089	125	130
4090	118	130
4091	117	130
4092	125	130
4093	126	130
4094	120	130
4095	121	130
