
TIME STEP:
125 = 0.2ms

VOLTAGE STEP:
CH1:  32 = 0.15V
CH2:  32 = 5V
GND	54	128
N	CH1	CH2

0	114	129
1	112	129
2	111	130
3	110	129
4	108	129
5	107	129
6	106	130
7	102	130
8	103	129
9	106	129
10	111	130
11	116	130
12	119	130
13	117	130
14	114	129
15	109	129
16	105	130
17	102	129
18	102	130
19	102	130
20	106	130
21	110	130
22	114	130
23	117	129
24	118	130
25	115	130
26	112	130
27	107	130
28	104	130
29	103	130
30	104	130
31	107	130
32	114	130
33	121	130
34	129	130
35	131	130
36	120	130
37	108	130
38	101	130
39	96	130
40	96	130
41	98	130
42	101	130
43	103	130
44	104	130
45	103	130
46	103	130
47	104	129
48	104	130
49	105	130
50	108	130
51	108	129
52	108	129
53	105	129
54	105	130
55	109	130
56	115	130
57	118	130
58	123	130
59	128	130
60	126	130
61	118	130
62	110	130
63	104	130
64	102	130
65	102	130
66	105	130
67	109	130
68	112	130
69	113	130
70	113	130
71	113	130
72	111	130
73	110	130
74	110	130
75	109	130
76	109	130
77	109	130
78	109	130
79	109	129
80	110	130
81	111	130
82	111	130
83	106	130
84	97	130
85	86	130
86	74	130
87	66	130
88	63	130
89	60	129
90	59	130
91	59	129
92	60	129
93	60	129
94	60	129
95	59	130
96	59	130
97	59	130
98	58	130
99	58	129
100	58	130
101	58	130
102	58	130
103	59	130
104	66	130
105	254	130
106	162	130
107	115	130
108	104	130
109	93	130
110	89	130
111	91	130
112	97	130
113	110	130
114	124	130
115	133	130
116	129	130
117	117	129
118	107	130
119	99	129
120	95	130
121	95	130
122	96	130
123	101	130
124	107	130
125	113	130
126	113	130
127	111	130
128	105	130
129	103	129
130	102	130
131	102	130
132	103	130
133	105	130
134	106	130
135	108	130
136	107	129
137	105	130
138	104	130
139	104	130
140	104	129
141	106	129
142	105	130
143	105	130
144	105	130
145	106	130
146	107	130
147	109	130
148	109	130
149	108	130
150	108	130
151	107	130
152	107	130
153	107	130
154	108	130
155	108	130
156	109	130
157	110	130
158	109	130
159	108	130
160	107	130
161	106	130
162	107	130
163	106	130
164	106	130
165	107	130
166	105	130
167	105	129
168	106	130
169	107	130
170	107	130
171	107	130
172	107	130
173	107	130
174	108	130
175	107	129
176	107	130
177	107	129
178	106	130
179	106	130
180	106	130
181	105	130
182	105	130
183	105	130
184	105	130
185	106	130
186	107	130
187	105	130
188	105	130
189	104	130
190	104	130
191	103	130
192	104	130
193	103	130
194	104	130
195	104	129
196	105	130
197	105	130
198	106	130
199	104	130
200	103	130
201	103	130
202	103	130
203	105	130
204	108	130
205	109	130
206	111	130
207	111	130
208	109	129
209	107	130
210	106	130
211	105	130
212	107	130
213	107	130
214	108	130
215	110	130
216	111	130
217	109	129
218	108	130
219	106	130
220	105	130
221	105	130
222	105	130
223	105	130
224	107	130
225	106	129
226	105	130
227	105	130
228	106	129
229	106	129
230	108	129
231	109	129
232	110	129
233	111	130
234	112	130
235	111	130
236	111	130
237	109	129
238	109	130
239	110	129
240	110	130
241	109	130
242	109	130
243	108	129
244	108	130
245	109	130
246	108	129
247	107	130
248	107	130
249	108	130
250	109	130
251	111	130
252	112	130
253	113	130
254	111	129
255	110	130
256	109	130
257	107	130
258	106	130
259	106	129
260	107	129
261	109	130
262	111	130
263	113	130
264	112	130
265	110	130
266	108	130
267	106	130
268	105	130
269	105	130
270	105	130
271	107	130
272	108	130
273	110	130
274	111	130
275	110	129
276	108	130
277	108	130
278	107	130
279	106	130
280	105	130
281	106	130
282	105	130
283	108	130
284	109	130
285	109	130
286	109	129
287	108	130
288	106	129
289	107	130
290	106	130
291	109	129
292	111	130
293	113	130
294	114	130
295	114	130
296	111	130
297	109	130
298	107	130
299	106	130
300	103	130
301	99	130
302	99	130
303	104	130
304	111	130
305	118	130
306	122	130
307	121	130
308	115	130
309	108	130
310	102	130
311	100	130
312	101	130
313	105	129
314	108	130
315	115	130
316	119	129
317	119	130
318	115	130
319	110	130
320	104	130
321	101	130
322	100	130
323	102	130
324	106	130
325	111	130
326	116	130
327	120	130
328	118	130
329	114	130
330	110	130
331	105	130
332	99	129
333	97	129
334	98	130
335	104	130
336	115	130
337	127	130
338	132	130
339	134	130
340	129	130
341	113	130
342	101	130
343	95	130
344	94	130
345	97	130
346	100	130
347	103	130
348	105	130
349	102	130
350	100	129
351	100	130
352	101	130
353	105	130
354	107	130
355	106	130
356	105	130
357	106	130
358	107	130
359	109	129
360	112	130
361	114	130
362	115	129
363	114	130
364	113	130
365	114	130
366	119	130
367	124	130
368	129	130
369	127	129
370	118	130
371	108	130
372	102	130
373	97	129
374	98	130
375	103	130
376	109	130
377	117	130
378	123	130
379	121	130
380	117	130
381	111	130
382	106	130
383	103	129
384	101	129
385	100	130
386	103	129
387	107	130
388	109	130
389	112	130
390	113	129
391	110	130
392	108	130
393	105	130
394	102	130
395	101	130
396	102	129
397	103	129
398	105	129
399	106	130
400	107	130
401	109	130
402	110	130
403	110	130
404	110	129
405	107	130
406	105	130
407	105	130
408	103	130
409	103	130
410	106	130
411	108	130
412	110	130
413	112	130
414	112	129
415	112	130
416	112	129
417	110	130
418	107	129
419	106	130
420	105	130
421	106	130
422	107	130
423	107	130
424	107	130
425	108	130
426	108	130
427	108	130
428	107	130
429	105	130
430	105	130
431	107	129
432	107	130
433	108	130
434	108	130
435	108	130
436	107	130
437	107	129
438	108	130
439	108	129
440	107	129
441	107	130
442	108	130
443	109	130
444	109	130
445	110	130
446	110	130
447	110	129
448	109	130
449	109	130
450	106	130
451	104	130
452	105	130
453	105	130
454	107	130
455	110	130
456	111	130
457	112	130
458	110	130
459	108	130
460	106	130
461	105	130
462	104	130
463	106	130
464	107	129
465	107	129
466	108	130
467	108	130
468	106	130
469	107	130
470	102	130
471	97	130
472	99	130
473	103	130
474	108	130
475	113	130
476	114	130
477	109	130
478	103	130
479	101	130
480	100	130
481	102	130
482	102	130
483	104	130
484	106	130
485	108	130
486	108	129
487	109	130
488	107	130
489	105	130
490	104	130
491	103	130
492	102	130
493	103	130
494	103	130
495	106	130
496	108	130
497	110	130
498	111	130
499	112	130
500	109	129
501	109	130
502	108	129
503	107	129
504	107	130
505	108	129
506	107	130
507	107	129
508	107	130
509	107	130
510	107	130
511	108	130
512	107	130
513	107	129
514	106	130
515	104	129
516	104	129
517	105	129
518	106	130
519	109	130
520	109	130
521	109	130
522	110	130
523	110	130
524	108	130
525	107	130
526	107	130
527	107	130
528	109	129
529	112	129
530	113	130
531	113	129
532	111	130
533	109	129
534	109	130
535	107	129
536	107	130
537	108	130
538	108	130
539	107	130
540	109	130
541	108	130
542	108	129
543	108	130
544	109	129
545	109	130
546	112	130
547	112	129
548	111	129
549	110	129
550	108	129
551	106	130
552	107	130
553	106	130
554	107	130
555	109	130
556	111	130
557	112	130
558	114	130
559	111	130
560	109	130
561	108	130
562	106	130
563	105	130
564	107	129
565	106	129
566	108	130
567	110	130
568	111	130
569	111	130
570	111	130
571	108	130
572	110	130
573	107	130
574	99	130
575	88	130
576	77	130
577	66	130
578	64	130
579	61	130
580	60	130
581	59	130
582	60	130
583	59	130
584	61	130
585	59	130
586	59	130
587	59	130
588	59	130
589	58	130
590	60	129
591	58	130
592	57	130
593	58	130
594	58	130
595	64	130
596	204	130
597	201	129
598	134	130
599	109	130
600	90	130
601	84	130
602	83	130
603	86	130
604	97	130
605	115	130
606	138	130
607	152	130
608	144	130
609	123	130
610	104	130
611	93	130
612	86	130
613	85	129
614	88	129
615	95	129
616	108	130
617	127	130
618	137	129
619	131	130
620	117	130
621	104	130
622	94	130
623	91	130
624	89	130
625	93	129
626	98	130
627	104	130
628	106	130
629	105	130
630	101	130
631	100	130
632	101	130
633	100	130
634	102	130
635	106	130
636	108	130
637	112	130
638	116	130
639	117	130
640	115	130
641	113	130
642	108	130
643	107	129
644	107	130
645	107	130
646	108	129
647	110	129
648	109	130
649	111	130
650	111	129
651	109	129
652	110	130
653	111	130
654	110	130
655	112	130
656	111	130
657	110	130
658	110	130
659	110	129
660	108	130
661	110	130
662	109	130
663	108	130
664	108	130
665	107	130
666	105	129
667	106	130
668	105	130
669	105	130
670	107	130
671	109	130
672	109	130
673	111	130
674	109	130
675	105	130
676	103	130
677	102	130
678	103	130
679	105	130
680	106	130
681	108	130
682	110	129
683	108	129
684	107	130
685	108	129
686	107	130
687	107	129
688	108	130
689	108	130
690	108	129
691	108	130
692	107	130
693	106	130
694	107	130
695	108	130
696	109	130
697	109	130
698	106	130
699	104	130
700	105	130
701	106	130
702	108	130
703	109	129
704	109	130
705	109	130
706	109	130
707	106	130
708	107	130
709	107	130
710	107	130
711	107	130
712	108	130
713	106	130
714	107	129
715	108	130
716	109	130
717	110	130
718	111	130
719	108	130
720	108	130
721	107	130
722	106	130
723	106	130
724	107	129
725	106	130
726	110	130
727	111	130
728	111	130
729	109	130
730	108	130
731	104	130
732	106	130
733	105	130
734	104	130
735	105	130
736	106	130
737	106	129
738	109	130
739	108	130
740	107	130
741	106	130
742	98	130
743	96	130
744	100	130
745	103	130
746	108	130
747	113	130
748	110	130
749	106	130
750	104	130
751	102	130
752	102	130
753	105	130
754	107	130
755	109	130
756	110	130
757	109	130
758	108	130
759	106	130
760	104	130
761	104	130
762	106	130
763	107	130
764	110	130
765	113	130
766	112	129
767	111	130
768	109	130
769	105	130
770	104	130
771	104	130
772	104	129
773	105	130
774	107	130
775	109	130
776	110	130
777	109	130
778	106	130
779	105	130
780	102	130
781	101	130
782	103	130
783	106	130
784	109	130
785	112	129
786	114	130
787	113	130
788	111	130
789	110	130
790	107	130
791	109	129
792	110	130
793	112	130
794	113	130
795	114	130
796	111	130
797	110	130
798	107	130
799	105	130
800	105	129
801	106	130
802	106	130
803	110	130
804	111	129
805	111	130
806	112	130
807	111	129
808	108	130
809	110	130
810	109	130
811	108	130
812	109	130
813	109	129
814	109	130
815	111	130
816	108	130
817	105	130
818	103	130
819	102	130
820	102	130
821	107	130
822	108	130
823	113	130
824	116	130
825	117	130
826	114	130
827	112	130
828	106	130
829	104	130
830	103	130
831	103	130
832	105	130
833	109	129
834	111	129
835	114	130
836	115	130
837	113	130
838	110	130
839	107	130
840	102	129
841	101	130
842	99	130
843	97	130
844	102	130
845	109	130
846	116	130
847	122	130
848	122	130
849	117	129
850	111	130
851	107	130
852	102	130
853	102	129
854	102	129
855	103	129
856	108	130
857	112	130
858	115	130
859	117	130
860	114	130
861	109	130
862	107	129
863	104	130
864	103	130
865	106	130
866	109	130
867	111	130
868	114	129
869	114	130
870	112	130
871	109	130
872	105	130
873	103	130
874	107	130
875	109	130
876	113	130
877	116	130
878	117	130
879	114	129
880	113	130
881	107	130
882	104	130
883	102	130
884	102	130
885	103	129
886	110	130
887	113	130
888	117	130
889	118	130
890	115	130
891	107	130
892	106	130
893	105	130
894	110	130
895	119	130
896	130	129
897	131	130
898	123	130
899	107	130
900	99	130
901	95	130
902	95	130
903	99	130
904	103	130
905	102	130
906	104	130
907	104	130
908	102	130
909	101	129
910	102	130
911	103	130
912	108	130
913	109	130
914	107	130
915	107	130
916	109	129
917	109	130
918	113	129
919	113	129
920	113	129
921	113	130
922	115	130
923	120	130
924	128	130
925	126	130
926	118	130
927	110	130
928	105	130
929	101	130
930	101	130
931	102	129
932	105	130
933	110	129
934	113	130
935	115	130
936	118	130
937	116	130
938	113	130
939	111	130
940	108	130
941	106	130
942	106	129
943	107	129
944	109	130
945	111	130
946	111	130
947	111	129
948	110	130
949	108	130
950	106	130
951	106	130
952	104	130
953	105	129
954	105	130
955	106	130
956	106	130
957	108	129
958	106	129
959	105	130
960	106	130
961	105	130
962	105	130
963	107	130
964	106	130
965	107	130
966	109	130
967	111	130
968	111	130
969	112	130
970	106	130
971	105	130
972	104	129
973	103	129
974	104	130
975	109	130
976	110	130
977	114	130
978	113	130
979	109	130
980	106	130
981	106	130
982	104	130
983	108	130
984	110	129
985	112	130
986	113	130
987	111	129
988	107	130
989	107	129
990	105	130
991	103	129
992	105	129
993	106	129
994	106	130
995	110	130
996	109	130
997	107	130
998	107	130
999	107	130
1000	106	129
1001	109	130
1002	108	130
1003	108	130
1004	109	130
1005	108	130
1006	109	129
1007	110	130
1008	108	130
1009	107	130
1010	108	130
1011	107	130
1012	107	130
1013	109	130
1014	109	130
1015	109	130
1016	110	129
1017	110	130
1018	109	130
1019	109	130
1020	107	130
1021	106	130
1022	106	130
1023	105	130
1024	105	130
1025	106	130
1026	105	130
1027	106	129
1028	108	130
1029	106	129
1030	106	130
1031	106	130
1032	105	130
1033	102	129
1034	100	130
1035	99	130
1036	103	129
1037	108	130
1038	111	130
1039	110	130
1040	107	130
1041	99	130
1042	97	130
1043	97	129
1044	100	130
1045	105	130
1046	112	130
1047	113	129
1048	115	130
1049	112	130
1050	107	130
1051	102	129
1052	100	130
1053	95	129
1054	97	130
1055	99	130
1056	103	129
1057	109	130
1058	116	130
1059	116	130
1060	117	130
1061	113	129
1062	110	130
1063	106	130
1064	98	130
1065	87	130
1066	80	130
1067	70	130
1068	65	130
1069	62	130
1070	61	129
1071	58	129
1072	61	129
1073	59	130
1074	60	130
1075	60	130
1076	59	130
1077	58	130
1078	61	130
1079	58	130
1080	57	130
1081	59	129
1082	58	130
1083	58	129
1084	68	130
1085	255	130
1086	160	130
1087	97	130
1088	81	130
1089	75	130
1090	76	130
1091	79	130
1092	91	130
1093	118	130
1094	151	130
1095	157	130
1096	133	130
1097	109	130
1098	95	130
1099	90	130
1100	88	129
1101	92	130
1102	100	130
1103	112	130
1104	121	130
1105	125	130
1106	118	130
1107	109	129
1108	101	129
1109	96	130
1110	94	130
1111	98	130
1112	102	130
1113	109	130
1114	115	130
1115	118	130
1116	115	130
1117	113	130
1118	105	130
1119	102	130
1120	99	130
1121	99	130
1122	101	130
1123	107	129
1124	109	130
1125	115	130
1126	117	129
1127	116	130
1128	112	130
1129	110	130
1130	103	130
1131	102	130
1132	102	130
1133	103	129
1134	106	130
1135	112	130
1136	112	130
1137	116	130
1138	114	130
1139	112	130
1140	109	130
1141	106	130
1142	102	130
1143	104	130
1144	105	130
1145	106	130
1146	109	130
1147	100	130
1148	96	130
1149	104	130
1150	111	130
1151	116	130
1152	120	130
1153	118	130
1154	109	129
1155	102	130
1156	96	130
1157	97	130
1158	102	130
1159	109	130
1160	117	130
1161	124	130
1162	122	130
1163	117	130
1164	112	130
1165	106	130
1166	102	130
1167	102	130
1168	101	130
1169	103	130
1170	109	129
1171	112	130
1172	112	130
1173	112	130
1174	110	130
1175	108	130
1176	109	130
1177	109	130
1178	111	130
1179	112	130
1180	112	130
1181	111	130
1182	111	130
1183	108	130
1184	107	130
1185	107	130
1186	107	130
1187	106	130
1188	108	130
1189	106	130
1190	108	130
1191	109	130
1192	110	130
1193	110	129
1194	113	130
1195	113	129
1196	114	130
1197	114	130
1198	113	129
1199	113	130
1200	117	129
1201	116	130
1202	118	130
1203	115	130
1204	110	130
1205	105	129
1206	104	130
1207	99	130
1208	99	130
1209	100	130
1210	104	129
1211	109	130
1212	115	130
1213	112	130
1214	113	130
1215	110	130
1216	107	129
1217	107	130
1218	110	130
1219	115	129
1220	126	130
1221	129	130
1222	122	129
1223	113	130
1224	104	129
1225	96	130
1226	98	130
1227	99	130
1228	102	129
1229	105	129
1230	107	130
1231	106	129
1232	108	130
1233	107	130
1234	109	130
1235	111	130
1236	112	130
1237	111	130
1238	112	130
1239	107	130
1240	103	130
1241	102	130
1242	102	130
1243	105	130
1244	110	130
1245	111	130
1246	112	130
1247	113	130
1248	111	130
1249	109	130
1250	107	129
1251	106	130
1252	106	130
1253	108	130
1254	109	130
1255	111	130
1256	112	130
1257	112	130
1258	111	129
1259	113	130
1260	110	130
1261	109	129
1262	109	130
1263	107	130
1264	107	130
1265	111	130
1266	110	130
1267	112	130
1268	112	129
1269	111	129
1270	109	130
1271	109	130
1272	106	130
1273	107	130
1274	107	130
1275	107	130
1276	109	130
1277	111	129
1278	108	129
1279	110	130
1280	109	129
1281	108	130
1282	107	130
1283	109	130
1284	105	130
1285	106	130
1286	106	129
1287	106	130
1288	106	130
1289	108	130
1290	106	130
1291	109	130
1292	108	129
1293	108	130
1294	107	130
1295	107	130
1296	104	130
1297	108	130
1298	108	130
1299	108	130
1300	109	130
1301	108	129
1302	105	130
1303	109	130
1304	108	130
1305	107	130
1306	107	130
1307	106	130
1308	105	130
1309	108	130
1310	107	130
1311	108	130
1312	110	130
1313	110	130
1314	109	130
1315	110	130
1316	107	130
1317	105	130
1318	106	130
1319	106	130
1320	106	130
1321	109	129
1322	108	129
1323	108	129
1324	109	130
1325	108	130
1326	107	129
1327	107	130
1328	105	129
1329	105	130
1330	105	129
1331	105	129
1332	106	129
1333	108	129
1334	107	130
1335	108	129
1336	109	130
1337	106	129
1338	105	130
1339	104	129
1340	102	129
1341	103	130
1342	105	130
1343	105	130
1344	107	130
1345	107	130
1346	107	130
1347	106	130
1348	106	130
1349	102	130
1350	102	130
1351	101	130
1352	101	130
1353	103	130
1354	106	130
1355	106	130
1356	108	130
1357	109	130
1358	107	130
1359	106	130
1360	105	130
1361	101	130
1362	101	130
1363	102	130
1364	104	130
1365	107	130
1366	111	130
1367	111	129
1368	114	130
1369	112	130
1370	109	130
1371	107	129
1372	105	130
1373	103	130
1374	108	129
1375	109	130
1376	110	130
1377	111	129
1378	111	130
1379	108	130
1380	110	130
1381	107	130
1382	105	130
1383	104	130
1384	103	130
1385	103	130
1386	107	130
1387	105	130
1388	107	130
1389	108	130
1390	108	130
1391	110	130
1392	112	130
1393	110	130
1394	110	130
1395	111	130
1396	110	130
1397	109	130
1398	110	130
1399	107	130
1400	107	130
1401	108	130
1402	107	130
1403	108	130
1404	110	129
1405	110	130
1406	111	130
1407	111	130
1408	109	130
1409	108	129
1410	107	130
1411	105	130
1412	107	130
1413	110	130
1414	110	130
1415	111	130
1416	112	129
1417	110	130
1418	110	130
1419	110	130
1420	107	129
1421	108	130
1422	108	130
1423	108	130
1424	110	129
1425	111	130
1426	110	130
1427	112	130
1428	111	130
1429	110	129
1430	110	130
1431	109	130
1432	106	129
1433	108	130
1434	108	130
1435	108	129
1436	110	130
1437	111	130
1438	110	129
1439	111	130
1440	110	130
1441	109	130
1442	109	130
1443	108	130
1444	107	130
1445	109	130
1446	107	130
1447	108	129
1448	108	129
1449	107	130
1450	105	130
1451	108	130
1452	107	130
1453	104	129
1454	105	130
1455	107	130
1456	109	130
1457	115	130
1458	115	130
1459	114	129
1460	110	130
1461	105	130
1462	102	130
1463	105	130
1464	104	130
1465	109	130
1466	113	129
1467	114	129
1468	115	130
1469	116	130
1470	109	129
1471	106	130
1472	105	130
1473	104	130
1474	105	130
1475	108	129
1476	109	130
1477	113	130
1478	115	130
1479	115	129
1480	114	130
1481	111	130
1482	105	130
1483	105	130
1484	105	130
1485	104	130
1486	108	130
1487	111	130
1488	112	129
1489	116	130
1490	116	130
1491	112	130
1492	110	130
1493	107	130
1494	104	130
1495	106	130
1496	109	129
1497	114	130
1498	124	130
1499	132	130
1500	131	129
1501	123	130
1502	109	130
1503	99	130
1504	97	129
1505	95	130
1506	98	129
1507	103	130
1508	104	130
1509	104	130
1510	106	130
1511	105	129
1512	103	130
1513	105	130
1514	107	130
1515	108	130
1516	114	130
1517	120	130
1518	127	130
1519	129	129
1520	123	130
1521	112	130
1522	107	129
1523	101	130
1524	100	130
1525	101	130
1526	102	130
1527	103	130
1528	107	129
1529	108	130
1530	110	130
1531	113	130
1532	113	130
1533	110	130
1534	110	129
1535	107	130
1536	106	130
1537	107	130
1538	108	130
1539	109	130
1540	111	130
1541	107	130
1542	107	130
1543	105	130
1544	105	130
1545	106	130
1546	109	130
1547	109	130
1548	112	129
1549	114	130
1550	113	129
1551	111	130
1552	111	130
1553	109	130
1554	106	130
1555	98	130
1556	86	130
1557	75	129
1558	67	129
1559	61	130
1560	62	130
1561	61	130
1562	59	130
1563	60	130
1564	60	130
1565	58	130
1566	61	130
1567	59	130
1568	59	129
1569	59	129
1570	58	130
1571	57	130
1572	59	130
1573	57	129
1574	58	130
1575	121	130
1576	255	130
1577	89	130
1578	70	130
1579	64	130
1580	61	130
1581	62	130
1582	61	130
1583	60	130
1584	63	130
1585	66	130
1586	131	130
1587	221	130
1588	181	130
1589	127	129
1590	101	130
1591	87	130
1592	82	130
1593	83	130
1594	86	130
1595	97	130
1596	113	130
1597	129	130
1598	133	130
1599	126	130
1600	111	130
1601	100	130
1602	93	130
1603	91	129
1604	91	130
1605	99	130
1606	106	130
1607	114	129
1608	118	130
1609	116	130
1610	107	129
1611	103	130
1612	97	130
1613	97	129
1614	98	129
1615	101	130
1616	106	130
1617	112	130
1618	112	130
1619	113	130
1620	110	130
1621	106	130
1622	103	130
1623	104	130
1624	102	130
1625	104	130
1626	107	130
1627	110	129
1628	112	130
1629	113	130
1630	110	129
1631	108	130
1632	106	130
1633	103	130
1634	103	130
1635	104	130
1636	104	130
1637	108	130
1638	110	130
1639	110	130
1640	110	130
1641	109	130
1642	104	130
1643	104	130
1644	103	130
1645	102	130
1646	103	130
1647	105	130
1648	106	130
1649	109	130
1650	110	129
1651	104	130
1652	96	130
1653	96	130
1654	99	130
1655	105	130
1656	110	130
1657	109	130
1658	109	130
1659	108	130
1660	107	130
1661	107	130
1662	103	130
1663	97	130
1664	99	130
1665	103	129
1666	106	129
1667	111	130
1668	113	130
1669	111	129
1670	110	129
1671	105	129
1672	101	130
1673	99	130
1674	98	130
1675	99	130
1676	105	130
1677	108	130
1678	112	130
1679	115	129
1680	114	130
1681	111	130
1682	110	130
1683	107	130
1684	105	130
1685	105	130
1686	106	130
1687	106	130
1688	109	130
1689	109	130
1690	110	130
1691	109	130
1692	108	130
1693	107	130
1694	106	129
1695	103	130
1696	104	130
1697	105	129
1698	106	129
1699	109	130
1700	111	130
1701	109	130
1702	109	129
1703	109	130
1704	107	130
1705	107	130
1706	108	130
1707	107	130
1708	110	130
1709	111	130
1710	111	129
1711	111	130
1712	110	130
1713	108	130
1714	110	130
1715	110	130
1716	108	130
1717	108	129
1718	107	130
1719	105	130
1720	108	130
1721	109	129
1722	109	130
1723	110	130
1724	109	130
1725	108	130
1726	109	130
1727	109	130
1728	109	129
1729	111	130
1730	111	130
1731	111	130
1732	112	130
1733	110	130
1734	108	130
1735	109	130
1736	107	130
1737	106	130
1738	108	130
1739	107	130
1740	107	129
1741	109	130
1742	110	130
1743	111	130
1744	112	130
1745	111	130
1746	109	129
1747	109	130
1748	107	130
1749	106	130
1750	106	130
1751	105	130
1752	106	130
1753	106	130
1754	106	130
1755	107	130
1756	109	130
1757	105	130
1758	101	130
1759	104	129
1760	108	130
1761	113	130
1762	119	130
1763	119	130
1764	114	130
1765	109	129
1766	103	129
1767	100	129
1768	100	130
1769	101	130
1770	105	129
1771	109	129
1772	109	130
1773	111	130
1774	113	130
1775	114	130
1776	115	130
1777	115	130
1778	111	130
1779	108	130
1780	107	130
1781	105	130
1782	106	130
1783	109	130
1784	109	130
1785	111	130
1786	114	130
1787	114	129
1788	113	130
1789	112	130
1790	109	130
1791	107	129
1792	103	129
1793	98	130
1794	100	130
1795	106	130
1796	112	130
1797	120	130
1798	125	130
1799	121	129
1800	114	130
1801	107	130
1802	100	130
1803	98	130
1804	100	129
1805	103	129
1806	109	130
1807	117	129
1808	125	130
1809	128	129
1810	127	130
1811	119	130
1812	110	130
1813	101	129
1814	97	130
1815	96	130
1816	99	130
1817	99	130
1818	101	130
1819	102	130
1820	104	130
1821	107	130
1822	108	130
1823	106	130
1824	108	130
1825	111	130
1826	109	130
1827	108	130
1828	111	130
1829	112	130
1830	114	130
1831	118	130
1832	121	129
1833	125	130
1834	125	130
1835	116	130
1836	107	130
1837	101	129
1838	98	130
1839	99	130
1840	104	130
1841	107	130
1842	111	130
1843	115	130
1844	112	129
1845	110	129
1846	107	130
1847	104	130
1848	103	130
1849	106	130
1850	107	130
1851	111	129
1852	113	130
1853	112	130
1854	111	130
1855	110	130
1856	107	130
1857	107	130
1858	108	130
1859	107	130
1860	109	130
1861	111	130
1862	110	130
1863	111	129
1864	111	130
1865	110	129
1866	111	129
1867	111	130
1868	109	130
1869	109	129
1870	109	130
1871	108	130
1872	108	130
1873	107	130
1874	106	129
1875	107	130
1876	107	130
1877	106	130
1878	107	130
1879	107	129
1880	106	130
1881	107	130
1882	107	129
1883	105	130
1884	106	130
1885	107	129
1886	107	129
1887	110	129
1888	109	129
1889	106	130
1890	104	129
1891	103	130
1892	103	130
1893	105	130
1894	107	130
1895	109	129
1896	111	130
1897	111	130
1898	110	130
1899	111	130
1900	109	130
1901	107	130
1902	107	129
1903	107	130
1904	107	129
1905	110	130
1906	110	130
1907	109	130
1908	109	130
1909	107	130
1910	106	130
1911	105	130
1912	105	130
1913	106	130
1914	108	130
1915	109	129
1916	110	130
1917	109	130
1918	107	130
1919	106	130
1920	107	129
1921	106	130
1922	108	130
1923	109	130
1924	109	129
1925	110	129
1926	110	130
1927	109	130
1928	108	129
1929	107	130
1930	106	129
1931	105	130
1932	106	130
1933	105	130
1934	106	130
1935	107	130
1936	107	130
1937	107	130
1938	107	130
1939	105	130
1940	106	130
1941	106	130
1942	100	130
1943	97	129
1944	101	130
1945	105	130
1946	111	130
1947	115	130
1948	115	130
1949	108	130
1950	101	130
1951	97	129
1952	97	130
1953	98	129
1954	102	130
1955	107	130
1956	111	130
1957	113	130
1958	112	130
1959	109	129
1960	103	130
1961	100	130
1962	98	130
1963	97	130
1964	100	130
1965	105	130
1966	107	129
1967	111	130
1968	113	130
1969	111	130
1970	108	130
1971	106	129
1972	103	130
1973	103	130
1974	104	130
1975	107	130
1976	111	130
1977	115	130
1978	116	130
1979	115	130
1980	111	130
1981	107	130
1982	105	129
1983	104	129
1984	103	130
1985	105	130
1986	106	130
1987	108	129
1988	109	130
1989	108	130
1990	107	130
1991	105	130
1992	106	130
1993	107	129
1994	109	130
1995	111	130
1996	113	129
1997	112	130
1998	111	130
1999	110	130
2000	109	130
2001	108	130
2002	108	130
2003	109	130
2004	109	130
2005	108	130
2006	107	130
2007	106	129
2008	104	130
2009	106	130
2010	109	130
2011	109	130
2012	111	130
2013	112	130
2014	112	130
2015	111	130
2016	111	129
2017	109	130
2018	107	130
2019	107	129
2020	106	130
2021	107	129
2022	108	130
2023	109	130
2024	111	130
2025	112	130
2026	112	130
2027	113	130
2028	111	129
2029	109	130
2030	107	130
2031	107	130
2032	107	130
2033	108	130
2034	109	130
2035	110	129
2036	110	129
2037	111	130
2038	111	130
2039	110	129
2040	110	130
2041	109	130
2042	107	130
2043	108	130
2044	105	130
2045	97	129
2046	86	130
2047	75	130
2048	67	129
2049	63	130
2050	61	130
2051	60	130
2052	59	129
2053	59	130
2054	59	130
2055	60	130
2056	60	130
2057	60	130
2058	59	130
2059	58	130
2060	58	129
2061	58	130
2062	58	130
2063	58	130
2064	58	129
2065	58	130
2066	62	130
2067	255	129
2068	127	130
2069	92	130
2070	70	130
2071	64	130
2072	64	130
2073	62	130
2074	62	130
2075	63	130
2076	88	130
2077	132	130
2078	223	130
2079	228	130
2080	150	130
2081	99	130
2082	79	130
2083	71	130
2084	67	130
2085	67	130
2086	71	130
2087	81	130
2088	105	130
2089	151	130
2090	174	130
2091	143	130
2092	109	130
2093	91	129
2094	82	130
2095	80	130
2096	81	130
2097	89	129
2098	100	130
2099	114	129
2100	117	130
2101	110	130
2102	103	130
2103	101	130
2104	102	130
2105	105	130
2106	108	130
2107	110	130
2108	111	130
2109	110	129
2110	109	129
2111	109	130
2112	114	130
2113	118	130
2114	121	130
2115	121	130
2116	117	130
2117	112	129
2118	108	130
2119	104	130
2120	103	130
2121	104	130
2122	107	130
2123	110	129
2124	113	130
2125	116	130
2126	115	129
2127	113	130
2128	109	130
2129	105	130
2130	102	130
2131	103	130
2132	103	130
2133	106	130
2134	109	129
2135	111	130
2136	112	130
2137	109	130
2138	106	129
2139	104	130
2140	103	130
2141	102	130
2142	102	130
2143	103	130
2144	105	130
2145	106	130
2146	108	130
2147	107	130
2148	106	130
2149	106	130
2150	106	129
2151	105	130
2152	107	130
2153	107	130
2154	107	129
2155	107	130
2156	107	129
2157	106	130
2158	106	130
2159	107	129
2160	109	130
2161	110	130
2162	110	130
2163	108	130
2164	109	129
2165	107	130
2166	107	130
2167	107	130
2168	106	129
2169	106	130
2170	108	130
2171	108	130
2172	108	129
2173	109	130
2174	109	130
2175	107	130
2176	108	129
2177	107	129
2178	107	130
2179	107	130
2180	107	130
2181	106	130
2182	107	130
2183	105	130
2184	106	130
2185	106	130
2186	106	130
2187	107	130
2188	109	130
2189	108	130
2190	108	130
2191	108	130
2192	107	130
2193	107	130
2194	107	130
2195	108	130
2196	109	130
2197	110	129
2198	109	129
2199	109	129
2200	108	130
2201	108	130
2202	106	129
2203	106	130
2204	105	130
2205	105	130
2206	105	130
2207	107	130
2208	106	130
2209	108	130
2210	107	130
2211	107	130
2212	106	130
2213	104	130
2214	103	129
2215	104	130
2216	104	130
2217	103	130
2218	105	129
2219	105	130
2220	105	129
2221	105	130
2222	106	130
2223	104	130
2224	105	129
2225	105	130
2226	104	129
2227	104	129
2228	105	130
2229	105	130
2230	106	129
2231	106	130
2232	107	130
2233	108	130
2234	112	130
2235	112	129
2236	114	130
2237	113	130
2238	110	130
2239	107	130
2240	106	130
2241	104	130
2242	104	130
2243	105	130
2244	106	130
2245	109	130
2246	112	130
2247	112	130
2248	111	129
2249	109	130
2250	106	130
2251	103	130
2252	103	130
2253	103	130
2254	105	130
2255	108	130
2256	111	130
2257	111	130
2258	111	130
2259	111	130
2260	109	129
2261	110	130
2262	110	130
2263	109	130
2264	109	130
2265	109	130
2266	107	129
2267	109	130
2268	110	130
2269	110	129
2270	110	130
2271	110	130
2272	109	130
2273	107	130
2274	108	129
2275	108	130
2276	109	130
2277	110	129
2278	109	129
2279	110	130
2280	109	130
2281	108	130
2282	108	130
2283	108	130
2284	109	130
2285	109	130
2286	111	130
2287	111	130
2288	111	130
2289	110	130
2290	109	130
2291	108	130
2292	107	130
2293	107	130
2294	108	130
2295	109	130
2296	110	130
2297	111	129
2298	111	130
2299	110	130
2300	110	130
2301	108	130
2302	107	130
2303	106	130
2304	105	130
2305	107	130
2306	108	130
2307	110	129
2308	111	130
2309	111	130
2310	110	130
2311	109	130
2312	108	129
2313	101	129
2314	98	130
2315	101	130
2316	105	130
2317	111	129
2318	112	130
2319	116	130
2320	118	130
2321	116	130
2322	112	130
2323	108	129
2324	105	130
2325	103	130
2326	103	130
2327	104	130
2328	107	130
2329	111	130
2330	113	129
2331	115	129
2332	115	130
2333	111	130
2334	108	130
2335	105	130
2336	104	130
2337	104	130
2338	106	130
2339	108	130
2340	111	130
2341	112	130
2342	113	130
2343	112	129
2344	109	130
2345	107	130
2346	105	130
2347	105	129
2348	106	130
2349	108	130
2350	110	130
2351	113	129
2352	114	130
2353	115	130
2354	113	130
2355	111	130
2356	109	130
2357	107	130
2358	107	130
2359	110	130
2360	117	130
2361	125	130
2362	133	129
2363	133	130
2364	123	130
2365	107	130
2366	97	130
2367	92	130
2368	89	130
2369	91	130
2370	96	130
2371	101	130
2372	105	130
2373	106	130
2374	106	130
2375	106	130
2376	109	130
2377	110	130
2378	108	130
2379	106	130
2380	105	129
2381	105	130
2382	107	130
2383	110	130
2384	113	130
2385	113	130
2386	117	130
2387	124	130
2388	133	130
2389	132	130
2390	122	130
2391	110	130
2392	102	130
2393	97	130
2394	97	130
2395	100	129
2396	106	130
2397	111	129
2398	115	130
2399	117	130
2400	115	129
2401	112	130
2402	108	130
2403	105	130
2404	104	129
2405	105	130
2406	107	129
2407	111	130
2408	115	130
2409	116	130
2410	115	130
2411	112	129
2412	109	130
2413	107	130
2414	104	129
2415	103	130
2416	104	130
2417	106	130
2418	108	130
2419	110	130
2420	111	130
2421	110	130
2422	108	130
2423	106	129
2424	105	130
2425	105	130
2426	105	130
2427	105	130
2428	106	130
2429	106	130
2430	107	130
2431	109	130
2432	108	130
2433	110	130
2434	110	130
2435	108	129
2436	107	130
2437	105	130
2438	103	130
2439	103	129
2440	105	130
2441	106	129
2442	107	130
2443	108	130
2444	108	130
2445	109	130
2446	109	130
2447	111	130
2448	113	130
2449	113	130
2450	110	130
2451	107	129
2452	105	130
2453	105	130
2454	107	130
2455	108	130
2456	108	130
2457	107	130
2458	106	130
2459	106	129
2460	106	130
2461	106	130
2462	107	130
2463	108	130
2464	109	130
2465	109	130
2466	109	130
2467	109	130
2468	108	130
2469	108	130
2470	108	130
2471	108	130
2472	108	130
2473	109	129
2474	109	130
2475	109	130
2476	108	130
2477	108	130
2478	107	130
2479	106	130
2480	106	130
2481	107	130
2482	107	130
2483	108	130
2484	109	130
2485	109	130
2486	109	129
2487	107	130
2488	106	130
2489	105	130
2490	104	129
2491	104	130
2492	105	130
2493	106	130
2494	107	130
2495	109	129
2496	109	130
2497	108	130
2498	105	130
2499	103	130
2500	103	130
2501	103	130
2502	104	130
2503	106	130
2504	107	130
2505	107	130
2506	105	130
2507	104	129
2508	103	130
2509	103	130
2510	104	130
2511	104	130
2512	104	130
2513	105	130
2514	106	130
2515	107	130
2516	107	130
2517	106	130
2518	105	129
2519	104	130
2520	104	130
2521	104	130
2522	105	130
2523	106	129
2524	108	130
2525	110	130
2526	111	129
2527	111	130
2528	110	130
2529	109	130
2530	108	129
2531	107	129
2532	106	130
2533	106	130
2534	105	130
2535	101	130
2536	93	130
2537	82	129
2538	72	130
2539	65	130
2540	63	129
2541	61	130
2542	60	129
2543	59	130
2544	60	130
2545	60	130
2546	60	130
2547	60	130
2548	59	129
2549	59	129
2550	58	130
2551	58	130
2552	58	129
2553	58	130
2554	59	130
2555	68	129
2556	212	130
2557	160	129
2558	121	129
2559	95	129
2560	88	130
2561	88	130
2562	93	130
2563	107	130
2564	125	130
2565	137	130
2566	133	130
2567	119	129
2568	105	130
2569	98	130
2570	95	130
2571	96	130
2572	101	130
2573	107	130
2574	113	129
2575	115	130
2576	114	129
2577	110	130
2578	106	130
2579	104	130
2580	103	130
2581	104	129
2582	106	130
2583	109	130
2584	111	130
2585	111	129
2586	109	129
2587	107	129
2588	105	130
2589	103	129
2590	104	130
2591	104	130
2592	105	129
2593	107	130
2594	109	130
2595	110	129
2596	110	130
2597	110	130
2598	109	130
2599	109	130
2600	107	129
2601	107	130
2602	106	129
2603	106	130
2604	107	129
2605	108	130
2606	108	130
2607	108	130
2608	107	129
2609	107	129
2610	107	129
2611	109	130
2612	110	130
2613	111	130
2614	109	130
2615	105	130
2616	101	130
2617	102	130
2618	105	130
2619	110	130
2620	113	129
2621	113	130
2622	111	130
2623	108	130
2624	102	130
2625	99	130
2626	100	130
2627	104	130
2628	110	129
2629	116	130
2630	120	130
2631	119	130
2632	115	130
2633	109	130
2634	101	130
2635	98	129
2636	99	129
2637	104	130
2638	111	130
2639	117	130
2640	121	130
2641	120	129
2642	115	130
2643	108	129
2644	103	130
2645	100	130
2646	99	130
2647	100	130
2648	103	130
2649	109	130
2650	115	129
2651	118	130
2652	117	130
2653	113	130
2654	109	130
2655	105	130
2656	104	130
2657	104	130
2658	106	129
2659	109	130
2660	112	130
2661	116	129
2662	120	130
2663	122	130
2664	120	130
2665	116	130
2666	112	130
2667	105	130
2668	100	130
2669	98	130
2670	98	130
2671	100	130
2672	100	130
2673	102	130
2674	100	129
2675	100	130
2676	102	130
2677	106	130
2678	110	130
2679	105	130
2680	104	130
2681	106	130
2682	108	130
2683	110	130
2684	111	130
2685	113	130
2686	117	130
2687	121	130
2688	122	130
2689	120	129
2690	114	130
2691	108	130
2692	104	130
2693	102	130
2694	104	129
2695	107	130
2696	110	130
2697	113	130
2698	114	129
2699	114	130
2700	113	130
2701	111	130
2702	109	130
2703	109	130
2704	108	129
2705	108	130
2706	109	130
2707	109	130
2708	109	130
2709	108	130
2710	107	130
2711	106	129
2712	106	130
2713	107	130
2714	108	130
2715	110	129
2716	109	130
2717	107	130
2718	104	130
2719	103	130
2720	103	130
2721	106	130
2722	109	130
2723	110	130
2724	109	130
2725	108	130
2726	106	130
2727	104	130
2728	103	130
2729	104	130
2730	107	130
2731	107	130
2732	106	130
2733	107	130
2734	107	130
2735	109	129
2736	110	130
2737	108	130
2738	106	129
2739	107	130
2740	109	130
2741	111	130
2742	111	130
2743	109	130
2744	107	130
2745	105	130
2746	104	130
2747	105	130
2748	105	129
2749	106	130
2750	108	130
2751	109	130
2752	109	130
2753	109	129
2754	109	130
2755	107	129
2756	107	130
2757	108	130
2758	109	130
2759	110	130
2760	108	130
2761	108	129
2762	107	130
2763	106	130
2764	105	130
2765	106	130
2766	107	130
2767	108	130
2768	109	129
2769	109	130
2770	109	130
2771	109	129
2772	107	130
2773	107	130
2774	107	130
2775	106	130
2776	106	130
2777	107	130
2778	107	129
2779	108	130
2780	108	130
2781	107	130
2782	107	130
2783	107	130
2784	107	130
2785	107	130
2786	107	130
2787	107	129
2788	107	130
2789	106	130
2790	106	130
2791	107	130
2792	106	130
2793	106	130
2794	106	130
2795	106	130
2796	105	130
2797	105	130
2798	103	130
2799	103	130
2800	104	130
2801	100	130
2802	97	129
2803	101	130
2804	106	130
2805	112	130
2806	115	130
2807	114	130
2808	108	130
2809	102	130
2810	97	130
2811	96	129
2812	98	129
2813	100	130
2814	106	130
2815	111	130
2816	115	130
2817	116	130
2818	114	129
2819	109	130
2820	105	130
2821	103	130
2822	103	130
2823	106	130
2824	109	129
2825	113	129
2826	114	130
2827	112	130
2828	109	130
2829	106	129
2830	103	130
2831	103	130
2832	104	129
2833	106	130
2834	108	129
2835	110	130
2836	109	130
2837	107	130
2838	105	130
2839	105	130
2840	106	130
2841	109	130
2842	112	130
2843	114	130
2844	115	130
2845	112	130
2846	108	129
2847	106	129
2848	104	130
2849	106	129
2850	108	129
2851	110	130
2852	112	130
2853	112	130
2854	111	129
2855	109	130
2856	105	130
2857	103	130
2858	104	130
2859	105	130
2860	109	130
2861	113	130
2862	114	129
2863	114	130
2864	113	130
2865	111	130
2866	109	130
2867	108	130
2868	106	130
2869	107	130
2870	109	130
2871	109	130
2872	110	129
2873	110	130
2874	112	129
2875	110	130
2876	110	130
2877	109	130
2878	109	129
2879	108	130
2880	107	130
2881	108	130
2882	108	130
2883	107	130
2884	109	130
2885	110	130
2886	109	130
2887	109	130
2888	108	130
2889	109	130
2890	108	130
2891	108	129
2892	108	129
2893	106	130
2894	108	129
2895	108	130
2896	109	130
2897	107	130
2898	106	130
2899	103	130
2900	99	130
2901	101	129
2902	107	130
2903	114	129
2904	121	129
2905	123	129
2906	116	130
2907	108	130
2908	101	130
2909	98	129
2910	98	130
2911	102	129
2912	108	130
2913	115	129
2914	120	130
2915	120	129
2916	113	130
2917	108	129
2918	106	129
2919	105	130
2920	105	130
2921	106	130
2922	109	130
2923	112	129
2924	113	129
2925	112	130
2926	111	130
2927	110	129
2928	107	130
2929	106	130
2930	106	130
2931	108	130
2932	109	130
2933	110	130
2934	113	130
2935	111	130
2936	105	130
2937	103	129
2938	105	130
2939	109	129
2940	111	130
2941	111	130
2942	112	129
2943	112	130
2944	113	130
2945	113	130
2946	113	130
2947	115	129
2948	117	130
2949	121	129
2950	121	130
2951	121	129
2952	117	130
2953	110	130
2954	103	130
2955	99	130
2956	95	130
2957	97	129
2958	99	130
2959	100	130
2960	102	130
2961	105	129
2962	105	130
2963	107	129
2964	107	130
2965	107	129
2966	108	130
2967	112	130
2968	115	129
2969	119	130
2970	120	130
2971	120	129
2972	118	130
2973	114	129
2974	111	130
2975	107	130
2976	105	130
2977	102	130
2978	103	130
2979	108	129
2980	111	130
2981	112	130
2982	113	130
2983	111	130
2984	109	130
2985	107	130
2986	106	130
2987	107	130
2988	108	129
2989	108	130
2990	108	130
2991	108	130
2992	107	129
2993	106	129
2994	106	130
2995	108	130
2996	111	130
2997	112	130
2998	111	130
2999	110	129
3000	110	129
3001	109	130
3002	110	129
3003	110	130
3004	109	130
3005	109	130
3006	109	130
3007	110	129
3008	108	129
3009	108	130
3010	109	130
3011	109	129
3012	110	130
3013	109	129
3014	109	130
3015	107	129
3016	107	130
3017	107	130
3018	107	129
3019	106	129
3020	106	130
3021	107	129
3022	107	130
3023	107	130
3024	108	130
3025	104	130
3026	96	130
3027	85	130
3028	75	130
3029	66	130
3030	63	129
3031	61	130
3032	61	130
3033	60	130
3034	60	130
3035	61	130
3036	60	130
3037	60	130
3038	60	130
3039	59	130
3040	57	130
3041	58	130
3042	59	130
3043	58	130
3044	58	130
3045	60	130
3046	255	129
3047	182	129
3048	91	130
3049	82	130
3050	76	130
3051	76	130
3052	80	130
3053	95	130
3054	118	130
3055	149	130
3056	163	130
3057	146	130
3058	121	130
3059	100	130
3060	90	130
3061	86	130
3062	85	130
3063	89	130
3064	97	130
3065	112	130
3066	123	130
3067	130	130
3068	126	130
3069	114	130
3070	102	130
3071	95	130
3072	91	129
3073	90	130
3074	93	130
3075	100	130
3076	109	130
3077	117	130
3078	120	130
3079	119	130
3080	112	130
3081	103	129
3082	97	129
3083	94	130
3084	91	130
3085	93	130
3086	96	130
3087	102	130
3088	107	130
3089	112	130
3090	115	130
3091	114	130
3092	109	130
3093	105	130
3094	103	130
3095	100	130
3096	100	130
3097	102	130
3098	104	130
3099	107	129
3100	108	130
3101	107	130
3102	102	130
3103	101	130
3104	103	130
3105	105	130
3106	108	130
3107	110	130
3108	111	130
3109	109	130
3110	106	130
3111	104	129
3112	101	130
3113	97	130
3114	94	129
3115	96	130
3116	100	130
3117	109	130
3118	115	130
3119	118	130
3120	116	130
3121	110	130
3122	103	130
3123	100	130
3124	97	130
3125	97	130
3126	100	130
3127	107	130
3128	114	130
3129	121	130
3130	121	130
3131	118	130
3132	112	130
3133	105	130
3134	100	129
3135	99	130
3136	101	130
3137	105	130
3138	109	130
3139	113	130
3140	112	130
3141	108	130
3142	105	130
3143	101	129
3144	100	130
3145	101	130
3146	104	130
3147	107	130
3148	111	130
3149	111	130
3150	112	130
3151	111	130
3152	109	129
3153	107	130
3154	109	129
3155	109	130
3156	110	129
3157	111	130
3158	112	130
3159	112	130
3160	112	130
3161	108	130
3162	106	130
3163	105	130
3164	105	129
3165	105	130
3166	107	130
3167	108	130
3168	110	130
3169	111	130
3170	113	129
3171	111	129
3172	109	130
3173	106	130
3174	107	130
3175	107	130
3176	107	130
3177	109	130
3178	111	130
3179	112	130
3180	112	129
3181	111	130
3182	109	130
3183	107	130
3184	107	130
3185	106	130
3186	108	130
3187	107	130
3188	109	130
3189	111	130
3190	111	130
3191	111	129
3192	109	130
3193	109	129
3194	108	130
3195	108	130
3196	108	129
3197	108	130
3198	109	130
3199	109	130
3200	112	130
3201	110	130
3202	109	129
3203	109	130
3204	106	130
3205	103	130
3206	102	130
3207	105	130
3208	110	130
3209	113	129
3210	116	130
3211	114	130
3212	112	130
3213	108	130
3214	106	130
3215	104	130
3216	104	130
3217	105	130
3218	106	130
3219	111	130
3220	114	130
3221	115	130
3222	114	130
3223	109	130
3224	106	130
3225	104	130
3226	106	129
3227	110	129
3228	112	130
3229	105	130
3230	106	130
3231	110	130
3232	113	130
3233	116	130
3234	117	129
3235	116	130
3236	113	130
3237	109	130
3238	107	130
3239	104	130
3240	103	130
3241	104	129
3242	107	130
3243	111	130
3244	114	130
3245	117	130
3246	116	130
3247	112	130
3248	107	130
3249	102	130
3250	99	130
3251	101	130
3252	107	130
3253	115	130
3254	124	130
3255	132	130
3256	132	130
3257	123	130
3258	110	130
3259	101	130
3260	95	130
3261	93	130
3262	93	130
3263	96	129
3264	99	130
3265	99	130
3266	102	129
3267	104	130
3268	105	130
3269	104	130
3270	106	129
3271	104	129
3272	107	130
3273	111	130
3274	109	130
3275	107	130
3276	109	130
3277	110	129
3278	113	130
3279	117	130
3280	121	130
3281	125	130
3282	124	130
3283	119	130
3284	113	130
3285	108	130
3286	105	130
3287	105	130
3288	107	130
3289	109	130
3290	111	130
3291	114	130
3292	115	129
3293	113	129
3294	111	130
3295	109	130
3296	107	129
3297	106	130
3298	106	130
3299	108	130
3300	111	130
3301	111	130
3302	112	129
3303	110	130
3304	107	130
3305	104	129
3306	103	130
3307	102	130
3308	103	129
3309	104	130
3310	107	130
3311	110	130
3312	112	130
3313	112	130
3314	110	130
3315	106	130
3316	103	130
3317	103	129
3318	104	130
3319	107	130
3320	110	130
3321	110	130
3322	109	130
3323	107	130
3324	106	130
3325	105	130
3326	105	129
3327	106	130
3328	108	130
3329	109	129
3330	111	130
3331	111	130
3332	111	130
3333	108	130
3334	106	129
3335	106	130
3336	107	130
3337	108	129
3338	109	130
3339	107	130
3340	106	130
3341	105	130
3342	105	130
3343	106	130
3344	106	130
3345	107	130
3346	111	130
3347	111	130
3348	110	130
3349	110	129
3350	107	130
3351	105	129
3352	106	130
3353	106	130
3354	105	129
3355	106	130
3356	109	129
3357	111	129
3358	112	130
3359	112	129
3360	111	130
3361	109	130
3362	107	130
3363	105	129
3364	105	130
3365	103	130
3366	104	130
3367	107	129
3368	107	130
3369	108	130
3370	108	130
3371	108	130
3372	108	130
3373	109	129
3374	109	130
3375	108	130
3376	107	130
3377	106	130
3378	107	129
3379	105	130
3380	104	130
3381	105	129
3382	105	129
3383	106	130
3384	108	130
3385	109	130
3386	108	130
3387	107	129
3388	107	130
3389	106	129
3390	105	129
3391	104	130
3392	104	130
3393	104	130
3394	100	130
3395	98	130
3396	99	130
3397	102	130
3398	108	129
3399	113	130
3400	114	130
3401	110	130
3402	103	129
3403	98	130
3404	97	130
3405	98	130
3406	101	130
3407	107	129
3408	111	129
3409	115	129
3410	117	129
3411	114	130
3412	109	130
3413	106	129
3414	104	129
3415	104	130
3416	106	129
3417	109	130
3418	111	130
3419	113	129
3420	113	130
3421	111	130
3422	107	130
3423	103	130
3424	103	130
3425	103	130
3426	103	130
3427	105	130
3428	107	130
3429	107	130
3430	108	130
3431	108	130
3432	108	130
3433	108	130
3434	108	130
3435	108	130
3436	110	130
3437	109	129
3438	109	130
3439	111	130
3440	110	130
3441	110	129
3442	112	130
3443	110	130
3444	108	129
3445	107	130
3446	106	129
3447	107	130
3448	108	129
3449	109	130
3450	110	130
3451	110	130
3452	110	129
3453	111	130
3454	111	129
3455	110	130
3456	110	130
3457	110	129
3458	107	130
3459	107	129
3460	107	129
3461	107	130
3462	108	130
3463	110	130
3464	111	129
3465	112	129
3466	111	130
3467	110	129
3468	109	130
3469	106	130
3470	105	129
3471	107	130
3472	107	130
3473	109	130
3474	111	130
3475	111	129
3476	110	130
3477	109	130
3478	108	130
3479	107	130
3480	105	130
3481	105	130
3482	107	130
3483	107	129
3484	107	130
3485	109	130
3486	109	130
3487	107	130
3488	108	130
3489	107	129
3490	104	130
3491	104	130
3492	106	130
3493	108	130
3494	112	130
3495	114	129
3496	114	130
3497	113	130
3498	109	130
3499	106	130
3500	105	129
3501	102	130
3502	101	130
3503	104	130
3504	109	130
3505	114	130
3506	120	130
3507	118	129
3508	112	130
3509	109	130
3510	107	129
3511	105	130
3512	105	130
3513	104	130
3514	107	130
3515	107	130
3516	103	130
3517	91	130
3518	79	129
3519	67	130
3520	63	130
3521	62	130
3522	60	130
3523	59	129
3524	60	129
3525	59	130
3526	60	130
3527	59	130
3528	59	130
3529	59	130
3530	59	130
3531	59	129
3532	60	130
3533	58	130
3534	57	130
3535	58	129
3536	58	129
3537	63	130
3538	255	129
3539	152	130
3540	83	130
3541	67	130
3542	63	130
3543	61	130
3544	62	129
3545	61	130
3546	63	129
3547	108	130
3548	157	130
3549	158	130
3550	128	130
3551	111	129
3552	104	130
3553	102	129
3554	102	130
3555	106	130
3556	111	130
3557	112	130
3558	112	130
3559	112	130
3560	113	130
3561	116	130
3562	117	130
3563	114	130
3564	111	130
3565	107	129
3566	103	130
3567	101	130
3568	99	130
3569	100	129
3570	104	130
3571	105	130
3572	106	130
3573	108	130
3574	109	130
3575	109	130
3576	111	130
3577	110	130
3578	107	130
3579	106	130
3580	106	129
3581	107	130
3582	109	130
3583	109	130
3584	111	130
3585	113	130
3586	112	129
3587	112	130
3588	110	130
3589	108	130
3590	107	130
3591	108	130
3592	107	130
3593	107	130
3594	107	130
3595	106	130
3596	107	129
3597	107	130
3598	106	130
3599	107	130
3600	106	129
3601	106	130
3602	107	130
3603	107	130
3604	105	130
3605	106	130
3606	106	130
3607	107	130
3608	109	130
3609	110	130
3610	109	130
3611	107	130
3612	105	130
3613	105	129
3614	107	129
3615	108	129
3616	110	130
3617	112	130
3618	109	130
3619	108	129
3620	106	130
3621	104	130
3622	105	130
3623	108	130
3624	109	130
3625	109	130
3626	110	129
3627	109	130
3628	109	130
3629	107	130
3630	105	130
3631	105	130
3632	106	130
3633	107	130
3634	110	130
3635	109	130
3636	108	130
3637	108	130
3638	106	130
3639	105	130
3640	106	130
3641	106	130
3642	107	130
3643	109	130
3644	110	130
3645	111	130
3646	111	129
3647	108	130
3648	109	130
3649	108	130
3650	106	130
3651	106	130
3652	106	129
3653	105	130
3654	106	130
3655	107	129
3656	107	130
3657	108	130
3658	108	129
3659	108	130
3660	109	130
3661	107	130
3662	105	130
3663	96	130
3664	95	130
3665	99	130
3666	107	130
3667	113	130
3668	117	130
3669	117	129
3670	113	130
3671	107	129
3672	100	129
3673	92	130
3674	90	130
3675	92	129
3676	97	129
3677	106	129
3678	116	129
3679	120	130
3680	122	129
3681	116	130
3682	106	130
3683	99	130
3684	94	130
3685	91	130
3686	94	130
3687	97	129
3688	104	130
3689	112	130
3690	118	130
3691	120	130
3692	118	130
3693	109	130
3694	104	130
3695	101	130
3696	100	130
3697	102	130
3698	107	130
3699	110	130
3700	114	130
3701	115	130
3702	113	130
3703	110	130
3704	106	130
3705	103	130
3706	105	130
3707	106	130
3708	107	130
3709	108	130
3710	108	130
3711	106	130
3712	107	130
3713	105	130
3714	105	130
3715	105	130
3716	107	130
3717	110	130
3718	112	130
3719	111	129
3720	111	130
3721	109	130
3722	108	130
3723	108	130
3724	109	130
3725	107	129
3726	109	130
3727	110	130
3728	110	130
3729	110	130
3730	110	130
3731	107	130
3732	108	129
3733	107	130
3734	107	130
3735	109	129
3736	109	130
3737	110	130
3738	112	130
3739	110	130
3740	108	130
3741	107	130
3742	107	130
3743	107	129
3744	109	130
3745	110	130
3746	111	130
3747	112	130
3748	112	130
3749	112	129
3750	111	130
3751	108	130
3752	108	130
3753	108	130
3754	107	130
3755	109	129
3756	109	130
3757	108	129
3758	108	130
3759	108	130
3760	107	130
3761	108	130
3762	109	130
3763	109	130
3764	110	130
3765	110	130
3766	109	130
3767	109	130
3768	107	130
3769	106	130
3770	106	129
3771	105	130
3772	105	130
3773	107	130
3774	108	130
3775	110	129
3776	109	130
3777	109	130
3778	111	130
3779	114	130
3780	114	130
3781	114	130
3782	110	130
3783	104	130
3784	102	130
3785	102	130
3786	104	130
3787	111	129
3788	116	130
3789	117	130
3790	117	130
3791	113	130
3792	107	130
3793	105	130
3794	105	130
3795	105	130
3796	109	130
3797	111	130
3798	113	129
3799	113	129
3800	112	130
3801	109	130
3802	108	130
3803	105	130
3804	105	129
3805	105	130
3806	107	130
3807	109	130
3808	113	130
3809	115	130
3810	115	129
3811	115	130
3812	112	130
3813	108	130
3814	105	130
3815	99	130
3816	99	130
3817	101	130
3818	106	129
3819	113	129
3820	118	130
3821	111	129
3822	111	130
3823	115	129
3824	119	129
3825	122	130
3826	127	130
3827	127	129
3828	123	130
3829	113	130
3830	103	130
3831	97	130
3832	94	130
3833	94	130
3834	99	129
3835	101	130
3836	101	130
3837	102	130
3838	103	130
3839	103	130
3840	106	130
3841	108	130
3842	110	130
3843	111	130
3844	110	129
3845	106	129
3846	105	130
3847	104	130
3848	108	130
3849	113	130
3850	118	130
3851	126	129
3852	135	129
3853	131	130
3854	121	130
3855	111	130
3856	104	130
3857	101	130
3858	102	129
3859	103	130
3860	106	130
3861	109	130
3862	111	130
3863	111	130
3864	110	129
3865	110	130
3866	111	130
3867	110	130
3868	109	130
3869	109	130
3870	109	130
3871	107	130
3872	110	130
3873	110	130
3874	110	129
3875	110	130
3876	109	130
3877	107	130
3878	107	130
3879	105	130
3880	106	130
3881	107	130
3882	109	129
3883	111	130
3884	112	130
3885	109	130
3886	107	130
3887	107	130
3888	107	129
3889	108	129
3890	109	130
3891	107	130
3892	107	130
3893	106	130
3894	107	130
3895	107	129
3896	107	129
3897	107	129
3898	109	130
3899	108	130
3900	107	130
3901	107	130
3902	105	130
3903	103	130
3904	105	130
3905	106	130
3906	108	130
3907	110	130
3908	110	130
3909	111	130
3910	111	129
3911	109	130
3912	108	130
3913	106	130
3914	104	130
3915	105	130
3916	106	130
3917	106	130
3918	109	130
3919	111	129
3920	111	130
3921	111	130
3922	109	129
3923	107	130
3924	106	130
3925	106	130
3926	107	130
3927	108	130
3928	107	130
3929	108	130
3930	110	130
3931	107	130
3932	107	130
3933	106	130
3934	106	130
3935	108	130
3936	109	130
3937	109	130
3938	110	130
3939	109	130
3940	108	130
3941	109	130
3942	107	130
3943	106	130
3944	108	130
3945	108	129
3946	109	130
3947	110	129
3948	108	130
3949	107	130
3950	107	130
3951	106	129
3952	105	130
3953	105	130
3954	104	129
3955	106	130
3956	107	130
3957	107	130
3958	109	130
3959	109	130
3960	107	130
3961	107	129
3962	107	130
3963	105	130
3964	105	129
3965	105	130
3966	105	130
3967	106	130
3968	105	129
3969	106	130
3970	105	130
3971	97	130
3972	95	130
3973	97	130
3974	100	130
3975	105	129
3976	112	130
3977	117	129
3978	118	130
3979	114	130
3980	107	130
3981	103	130
3982	98	130
3983	96	130
3984	97	130
3985	99	129
3986	103	130
3987	111	130
3988	115	130
3989	116	130
3990	114	130
3991	110	130
3992	105	129
3993	103	130
3994	101	130
3995	103	130
3996	105	130
3997	107	129
3998	110	130
3999	112	129
4000	111	129
4001	111	130
4002	109	129
4003	107	130
4004	105	130
4005	105	130
4006	99	130
4007	93	129
4008	82	130
4009	73	130
4010	66	130
4011	62	129
4012	60	129
4013	61	130
4014	59	129
4015	60	130
4016	61	130
4017	59	130
4018	60	130
4019	59	130
4020	58	130
4021	59	130
4022	59	130
4023	58	130
4024	60	129
4025	59	130
4026	114	130
4027	250	130
4028	149	130
4029	109	129
4030	90	130
4031	85	130
4032	85	130
4033	94	130
4034	110	130
4035	131	129
4036	143	130
4037	136	130
4038	119	130
4039	106	130
4040	97	130
4041	94	129
4042	95	129
4043	97	129
4044	103	130
4045	113	130
4046	117	130
4047	118	130
4048	115	129
4049	109	130
4050	104	130
4051	102	130
4052	100	130
4053	102	130
4054	105	130
4055	108	129
4056	112	129
4057	113	130
4058	111	130
4059	109	130
4060	106	130
4061	102	129
4062	102	130
4063	101	130
4064	101	130
4065	105	130
4066	109	130
4067	112	130
4068	113	130
4069	112	130
4070	109	130
4071	107	130
4072	104	130
4073	103	129
4074	104	130
4075	105	130
4076	108	130
4077	113	130
4078	114	130
4079	113	130
4080	110	130
4081	105	129
4082	102	130
4083	103	130
4084	104	130
4085	107	130
4086	110	130
4087	111	130
4088	111	130
4089	111	130
4090	103	129
4091	101	130
4092	103	130
4093	107	130
4094	114	129
4095	118	130
