195,326	-90,31
195,597	-90,31
195,868	-90,31
196,139	-2,31
196,409	-1,31
196,68	-0,31
196,951	15,69
197,221	-0,31
197,492	-0,31
197,762	5,69
198,033	4,69
198,304	-3,31
198,574	-16,31
198,845	-1,31
199,116	-2,31
199,386	1,69
199,657	-2,31
199,927	-1,31
200,198	5,69
200,468	-7,31
200,739	-1,31
201,009	1,69
201,28	0,69
201,551	-6,31
201,821	-5,31
202,092	-11,31
202,362	1,69
202,633	-8,31
202,903	0,69
203,174	15,69
203,444	-4,31
203,714	5,69
203,985	5,69
204,255	5,69
204,526	-3,31
204,796	-8,31
205,067	9,69
205,337	7,69
205,607	3,69
205,878	-7,31
206,148	2,69
206,419	12,69
206,689	3,69
206,959	2,69
207,23	6,69
207,5	5,69
207,77	12,69
208,041	1,69
208,311	-0,31
208,581	7,69
208,852	3,69
209,122	-6,31
209,392	4,69
209,663	-6,31
209,933	7,69
210,203	-3,31
210,473	10,69
210,744	-10,31
211,014	8,69
211,284	10,69
211,554	-1,31
211,825	1,69
212,095	-15,31
212,365	-0,31
212,635	7,69
212,905	-7,31
213,176	4,69
213,446	4,69
213,716	7,69
213,986	11,69
214,256	21,69
214,526	15,69
214,797	4,69
215,067	5,69
215,337	-3,31
215,607	9,69
215,877	4,69
216,147	-3,31
216,417	5,69
216,687	-5,31
216,957	-2,31
217,227	9,69
217,497	-5,31
217,767	11,69
218,038	9,69
218,308	-6,31
218,578	6,69
218,848	-14,31
219,118	-4,31
219,388	0,69
219,658	5,69
219,928	4,69
220,198	3,69
220,468	13,69
220,737	2,69
221,007	1,69
221,277	-2,31
221,547	0,69
221,817	-0,31
222,087	1,69
222,357	-6,31
222,627	3,69
222,897	2,69
223,167	1,69
223,437	3,69
223,707	8,69
223,976	4,69
224,246	-0,31
224,516	9,69
224,786	6,69
225,056	5,69
225,326	4,69
225,595	3,69
225,865	1,69
226,135	9,69
226,405	9,69
226,675	-2,31
226,944	12,69
227,214	-4,31
227,484	2,69
227,754	-7,31
228,023	4,69
228,293	2,69
228,563	5,69
228,833	-4,31
229,102	0,69
229,372	2,69
229,642	4,69
229,911	8,69
230,181	9,69
230,451	-4,31
230,72	-8,31
230,99	7,69
231,26	1,69
231,529	15,69
231,799	8,69
232,069	0,69
232,338	1,69
232,608	2,69
232,877	8,69
233,147	7,69
233,417	1,69
233,686	1,69
233,956	-6,31
234,225	-10,31
234,495	0,69
234,764	-4,31
235,034	7,69
235,304	8,69
235,573	3,69
235,843	-4,31
236,112	2,69
236,382	-13,31
236,651	3,69
236,921	1,69
237,19	1,69
237,46	-18,31
237,729	2,69
237,998	0,69
238,268	2,69
238,537	10,69
238,807	-4,31
239,076	1,69
239,346	-3,31
239,615	10,69
239,884	14,69
240,154	6,69
240,423	11,69
240,693	1,69
240,962	1,69
241,231	-4,31
241,501	-5,31
241,77	3,69
242,039	14,69
242,309	1,69
242,578	-1,31
242,847	0,69
243,116	5,69
243,386	9,69
243,655	14,69
243,924	6,69
244,194	1,69
244,463	2,69
244,732	6,69
245,001	7,69
245,271	7,69
245,54	2,69
245,809	12,69
246,078	-0,31
246,347	1,69
246,617	-0,31
246,886	-0,31
247,155	0,69
247,424	3,69
247,693	5,69
247,963	7,69
248,232	7,69
248,501	-4,31
248,77	4,69
249,039	14,69
249,308	17,69
249,577	0,69
249,846	22,69
250,115	-4,31
250,385	3,69
250,654	-12,31
250,923	15,69
251,192	8,69
251,461	-2,31
251,73	9,69
251,999	-5,31
252,268	2,69
252,537	2,69
252,806	1,69
253,075	3,69
253,344	-7,31
253,613	-1,31
253,882	-10,31
254,151	6,69
254,42	0,69
254,689	15,69
254,958	-4,31
255,227	-2,31
255,496	-1,31
255,765	14,69
256,033	5,69
256,302	-1,31
256,571	-5,31
256,84	-1,31
257,109	-5,31
257,378	4,69
257,647	1,69
257,916	12,69
258,184	9,69
258,453	-8,31
258,722	9,69
258,991	15,69
259,26	-9,31
259,529	2,69
259,797	-4,31
260,066	9,69
260,335	9,69
260,604	-5,31
260,873	-6,31
261,141	1,69
261,41	8,69
261,679	-0,31
261,948	3,69
262,216	11,69
262,485	12,69
262,754	1,69
263,022	-0,31
263,291	-12,31
263,56	-2,31
263,829	18,69
264,097	17,69
264,366	2,69
264,635	5,69
264,903	-5,31
265,172	-5,31
265,44	2,69
265,709	7,69
265,978	4,69
266,246	1,69
266,515	-0,31
266,784	0,69
267,052	-5,31
267,321	2,69
267,589	20,69
267,858	8,69
268,126	0,69
268,395	-10,31
268,663	6,69
268,932	-0,31
269,201	5,69
269,469	3,69
269,738	5,69
270,006	6,69
270,275	-7,31
270,543	3,69
270,811	-1,31
271,08	14,69
271,348	13,69
271,617	12,69
271,885	-3,31
272,154	-1,31
272,422	-1,31
272,691	0,69
272,959	7,69
273,227	6,69
273,496	-2,31
273,764	-5,31
274,033	-3,31
274,301	-1,31
274,569	-13,31
274,838	-6,31
275,106	9,69
275,374	3,69
275,643	6,69
275,911	-0,31
276,179	9,69
276,448	-5,31
276,716	-4,31
276,984	-11,31
277,252	7,69
277,521	0,69
277,789	12,69
278,057	1,69
278,325	3,69
278,594	14,69
278,862	2,69
279,13	5,69
279,398	5,69
279,667	8,69
279,935	8,69
280,203	0,69
280,471	4,69
280,739	-0,31
281,008	11,69
281,276	9,69
281,544	7,69
281,812	4,69
282,08	-13,31
282,348	-0,31
282,616	7,69
282,884	-0,31
283,153	3,69
283,421	-1,31
283,689	-1,31
283,957	1,69
284,225	2,69
284,493	7,69
284,761	6,69
285,029	-3,31
285,297	-1,31
285,565	2,69
285,833	-1,31
286,101	-3,31
286,369	-0,31
286,637	13,69
286,905	-3,31
287,173	2,69
287,441	-0,31
287,709	-0,31
287,977	5,69
288,245	6,69
288,513	9,69
288,781	-5,31
289,049	2,69
289,317	8,69
289,585	4,69
289,853	10,69
290,12	0,69
290,388	0,69
290,656	3,69
290,924	2,69
291,192	-1,31
291,46	-4,31
291,728	-8,31
291,996	-4,31
292,263	8,69
292,531	0,69
292,799	1,69
293,067	-3,31
293,335	-3,31
293,602	-1,31
293,87	9,69
294,138	1,69
294,406	5,69
294,673	-4,31
294,941	7,69
295,209	-6,31
295,477	13,69
295,744	10,69
296,012	1,69
296,28	7,69
296,548	0,69
296,815	-0,31
297,083	-3,31
297,351	-4,31
297,618	10,69
297,886	-7,31
298,154	-2,31
298,421	-2,31
298,689	10,69
298,956	-15,31
299,224	-4,31
299,492	-9,31
299,759	-2,31
300,027	-4,31
300,294	1,69
300,562	5,69
300,83	7,69
301,097	6,69
301,365	-5,31
301,632	-5,31
301,9	-0,31
302,167	2,69
302,435	5,69
302,702	9,69
302,97	8,69
303,237	5,69
303,505	15,69
303,772	13,69
304,04	14,69
304,307	3,69
304,575	-0,31
304,842	-1,31
305,11	5,69
305,377	-10,31
305,645	2,69
305,912	-3,31
306,179	0,69
306,447	-3,31
306,714	3,69
306,982	-0,31
307,249	-1,31
307,516	3,69
307,784	9,69
308,051	15,69
308,318	8,69
308,586	-2,31
308,853	-2,31
309,12	-8,31
309,388	-3,31
309,655	6,69
309,922	-1,31
310,19	-17,31
310,457	-11,31
310,724	-6,31
310,991	1,69
311,259	0,69
311,526	7,69
311,793	-6,31
312,06	8,69
312,328	-1,31
312,595	-4,31
312,862	2,69
313,129	0,69
313,396	-8,31
313,664	-0,31
313,931	-9,31
314,198	2,69
314,465	6,69
314,732	-5,31
314,999	14,69
315,266	10,69
315,534	2,69
315,801	4,69
316,068	5,69
316,335	6,69
316,602	11,69
316,869	-8,31
317,136	4,69
317,403	8,69
317,67	14,69
317,937	8,69
318,204	3,69
318,471	6,69
318,738	10,69
319,005	1,69
319,272	-6,31
319,539	12,69
319,806	-1,31
320,073	10,69
320,34	-4,31
320,607	4,69
320,874	-0,31
321,141	-6,31
321,408	9,69
321,675	-0,31
321,942	17,69
322,209	9,69
322,476	4,69
322,743	12,69
323,01	5,69
323,277	6,69
323,544	-3,31
323,81	-1,31
324,077	0,69
324,344	8,69
324,611	4,69
324,878	13,69
325,145	-1,31
325,412	-0,31
325,678	-6,31
325,945	0,69
326,212	-5,31
326,479	9,69
326,746	-0,31
327,012	1,69
327,279	-3,31
327,546	-4,31
327,813	-8,31
328,079	6,69
328,346	1,69
328,613	4,69
328,88	5,69
329,146	3,69
329,413	6,69
329,68	3,69
329,946	-4,31
330,213	10,69
330,48	1,69
330,746	0,69
331,013	9,69
331,28	4,69
331,546	8,69
331,813	10,69
332,08	-5,31
332,346	2,69
332,613	7,69
332,879	-4,31
333,146	0,69
333,413	13,69
333,679	2,69
333,946	-2,31
334,212	7,69
334,479	0,69
334,745	-0,31
335,012	-9,31
335,278	-0,31
335,545	-7,31
335,811	-2,31
336,078	-2,31
336,344	6,69
336,611	1,69
336,877	11,69
337,144	2,69
337,41	-2,31
337,677	7,69
337,943	10,69
338,21	6,69
338,476	11,69
338,742	-3,31
339,009	-3,31
339,275	5,69
339,542	-5,31
339,808	9,69
340,074	-1,31
340,341	-4,31
340,607	6,69
340,873	-10,31
341,14	-5,31
341,406	-9,31
341,672	-0,31
341,939	-14,31
342,205	10,69
342,471	7,69
342,738	-14,31
343,004	6,69
343,27	8,69
343,537	-7,31
343,803	-10,31
344,069	-7,31
344,335	-6,31
344,602	7,69
344,868	8,69
345,134	-0,31
345,4	14,69
345,666	7,69
345,933	-1,31
346,199	16,69
346,465	-9,31
346,731	6,69
346,997	-4,31
347,263	-14,31
347,53	2,69
347,796	-3,31
348,062	13,69
348,328	10,69
348,594	-6,31
348,86	-0,31
349,126	-2,31
349,392	6,69
349,659	-5,31
349,925	3,69
350,191	11,69
350,457	-2,31
350,723	11,69
350,989	17,69
351,255	5,69
351,521	-0,31
351,787	12,69
352,053	-5,31
352,319	-7,31
352,585	-9,31
352,851	7,69
353,117	7,69
353,383	8,69
353,649	4,69
353,915	1,69
354,181	7,69
354,447	5,69
354,713	1,69
354,978	-1,31
355,244	6,69
355,51	11,69
355,776	4,69
356,042	-2,31
356,308	-0,31
356,574	5,69
356,84	-1,31
357,106	-0,31
357,371	-4,31
357,637	-1,31
357,903	1,69
358,169	4,69
358,435	-4,31
358,701	5,69
358,966	-0,31
359,232	4,69
359,498	3,69
359,764	3,69
360,029	3,69
360,295	3,69
360,561	4,69
360,827	2,69
361,092	15,69
361,358	5,69
361,624	0,69
361,89	-3,31
362,155	0,69
362,421	0,69
362,687	8,69
362,952	-1,31
363,218	-5,31
363,484	-5,31
363,749	15,69
364,015	-6,31
364,281	4,69
364,546	-1,31
364,812	9,69
365,077	6,69
365,343	-8,31
365,609	-10,31
365,874	-6,31
366,14	-1,31
366,405	6,69
366,671	9,69
366,936	7,69
367,202	-2,31
367,467	-8,31
367,733	1,69
367,999	14,69
368,264	-8,31
368,53	-10,31
368,795	-4,31
369,061	-0,31
369,326	3,69
369,591	3,69
369,857	-5,31
370,122	-2,31
370,388	-9,31
370,653	1,69
370,919	-3,31
371,184	9,69
371,45	7,69
371,715	-7,31
371,98	1,69
372,246	0,69
372,511	6,69
372,776	6,69
373,042	15,69
373,307	8,69
373,573	-0,31
373,838	12,69
374,103	6,69
374,369	6,69
374,634	2,69
374,899	6,69
375,164	-1,31
375,43	0,69
375,695	-2,31
375,96	-0,31
376,226	3,69
376,491	3,69
376,756	-0,31
377,021	5,69
377,286	9,69
377,552	2,69
377,817	-6,31
378,082	-4,31
378,347	-5,31
378,613	6,69
378,878	-1,31
379,143	-1,31
379,408	9,69
379,673	-6,31
379,938	11,69
380,203	1,69
380,469	-6,31
380,734	-0,31
380,999	5,69
381,264	-1,31
381,529	-3,31
381,794	9,69
382,059	3,69
382,324	3,69
382,589	4,69
382,854	3,69
383,119	-3,31
383,385	-4,31
383,65	10,69
383,915	4,69
384,18	-4,31
384,445	-2,31
384,71	6,69
384,975	15,69
385,24	1,69
385,505	8,69
385,77	6,69
386,034	15,69
386,299	11,69
386,564	12,69
386,829	2,69
387,094	10,69
387,359	1,69
387,624	3,69
387,889	-7,31
388,154	4,69
388,419	4,69
388,684	3,69
388,949	-9,31
389,213	14,69
389,478	1,69
389,743	9,69
390,008	10,69
390,273	11,69
390,538	-7,31
390,802	17,69
391,067	13,69
391,332	-2,31
391,597	12,69
391,862	7,69
392,126	1,69
392,391	-0,31
392,656	3,69
392,921	20,69
393,185	6,69
393,45	-4,31
393,715	2,69
393,979	-2,31
394,244	6,69
394,509	-4,31
394,774	-5,31
395,038	8,69
395,303	10,69
395,568	11,69
395,832	10,69
396,097	7,69
396,361	8,69
396,626	17,69
396,891	2,69
397,155	11,69
397,42	-0,31
397,685	-11,31
397,949	-15,31
398,214	1,69
398,478	14,69
398,743	13,69
399,007	23,69
399,272	15,69
399,536	20,69
399,801	12,69
400,066	-4,31
400,33	10,69
400,595	3,69
400,859	9,69
401,124	4,69
401,388	9,69
401,652	0,69
401,917	11,69
402,181	-1,31
402,446	4,69
402,71	15,69
402,975	12,69
403,239	0,69
403,504	6,69
403,768	19,69
404,032	-4,31
404,297	13,69
404,561	10,69
404,826	6,69
405,09	11,69
405,354	10,69
405,619	10,69
405,883	5,69
406,147	-1,31
406,412	6,69
406,676	10,69
406,94	2,69
407,205	5,69
407,469	13,69
407,733	7,69
407,997	18,69
408,262	1,69
408,526	4,69
408,79	15,69
409,054	8,69
409,319	6,69
409,583	12,69
409,847	8,69
410,111	11,69
410,375	14,69
410,64	9,69
410,904	6,69
411,168	8,69
411,432	14,69
411,696	11,69
411,96	5,69
412,225	6,69
412,489	2,69
412,753	20,69
413,017	7,69
413,281	13,69
413,545	11,69
413,809	17,69
414,073	8,69
414,337	34,69
414,602	15,69
414,866	11,69
415,13	30,69
415,394	22,69
415,658	19,69
415,922	33,69
416,186	23,69
416,45	33,69
416,714	23,69
416,978	19,69
417,242	32,69
417,506	32,69
417,77	13,69
418,034	29,69
418,298	27,69
418,562	39,69
418,825	40,69
419,089	30,69
419,353	33,69
419,617	42,69
419,881	29,69
420,145	41,69
420,409	31,69
420,673	35,69
420,937	43,69
421,2	42,69
421,464	56,69
421,728	50,69
421,992	62,69
422,256	48,69
422,52	44,69
422,783	54,69
423,047	43,69
423,311	42,69
423,575	55,69
423,839	66,69
424,102	52,69
424,366	49,69
424,63	55,69
424,894	69,69
425,157	67,69
425,421	69,69
425,685	55,69
425,949	60,69
426,212	71,69
426,476	71,69
426,74	75,69
427,003	67,69
427,267	74,69
427,531	85,69
427,794	93,69
428,058	84,69
428,322	75,69
428,585	99,69
428,849	99,69
429,112	89,69
429,376	123,69
429,64	102,69
429,903	109,69
430,167	103,69
430,43	117,69
430,694	129,69
430,957	124,69
431,221	131,69
431,485	123,69
431,748	146,69
432,012	123,69
432,275	134,69
432,539	152,69
432,802	145,69
433,066	147,69
433,329	152,69
433,593	174,69
433,856	167,69
434,119	178,69
434,383	176,69
434,646	159,69
434,91	175,69
435,173	200,69
435,437	182,69
435,7	209,69
435,963	201,69
436,227	195,69
436,49	202,69
436,753	208,69
437,017	215,69
437,28	213,69
437,544	229,69
437,807	237,69
438,07	232,69
438,334	243,69
438,597	258,69
438,86	246,69
439,123	267,69
439,387	271,69
439,65	259,69
439,913	267,69
440,177	288,69
440,44	280,69
440,703	308,69
440,966	303,69
441,229	321,69
441,493	306,69
441,756	327,69
442,019	314,69
442,282	336,69
442,545	355,69
442,809	382,69
443,072	350,69
443,335	365,69
443,598	392,69
443,861	375,69
444,124	374,69
444,388	395,69
444,651	386,69
444,914	398,69
445,177	408,69
445,44	404,69
445,703	432,69
445,966	418,69
446,229	446,69
446,492	439,69
446,755	462,69
447,018	452,69
447,281	457,69
447,544	465,69
447,807	477,69
448,07	499,69
448,333	515,69
448,596	498,69
448,859	508,69
449,122	538,69
449,385	535,69
449,648	542,69
449,911	557,69
450,174	561,69
450,437	570,69
450,7	573,69
450,963	562,69
451,226	563,69
451,489	580,69
451,752	622,69
452,015	641,69
452,277	603,69
452,54	640,69
452,803	645,69
453,066	661,69
453,329	674,69
453,592	667,69
453,855	682,69
454,117	702,69
454,38	692,69
454,643	706,69
454,906	669,69
455,169	699,69
455,431	718,69
455,694	691,69
455,957	710,69
456,22	771,69
456,482	758,69
456,745	736,69
457,008	750,69
457,271	726,69
457,533	777,69
457,796	790,69
458,059	767,69
458,321	755,69
458,584	781,69
458,847	785,69
459,109	755,69
459,372	805,69
459,635	757,69
459,897	782,69
460,16	776,69
460,423	801,69
460,685	755,69
460,948	764,69
461,21	807,69
461,473	762,69
461,735	752,69
461,998	744,69
462,261	750,69
462,523	760,69
462,786	780,69
463,048	745,69
463,311	764,69
463,573	744,69
463,836	743,69
464,098	743,69
464,361	713,69
464,623	694,69
464,886	694,69
465,148	735,69
465,411	724,69
465,673	709,69
465,936	709,69
466,198	734,69
466,46	708,69
466,723	673,69
466,985	670,69
467,248	694,69
467,51	668,69
467,772	697,69
468,035	690,69
468,297	660,69
468,56	670,69
468,822	669,69
469,084	676,69
469,347	638,69
469,609	661,69
469,871	661,69
470,133	643,69
470,396	644,69
470,658	655,69
470,92	654,69
471,183	694,69
471,445	643,69
471,707	638,69
471,969	649,69
472,232	651,69
472,494	663,69
472,756	667,69
473,018	634,69
473,281	636,69
473,543	656,69
473,805	621,69
474,067	634,69
474,329	616,69
474,591	615,69
474,854	649,69
475,116	637,69
475,378	616,69
475,64	636,69
475,902	627,69
476,164	633,69
476,426	651,69
476,688	619,69
476,951	609,69
477,213	622,69
477,475	624,69
477,737	634,69
477,999	613,69
478,261	642,69
478,523	627,69
478,785	638,69
479,047	637,69
479,309	632,69
479,571	610,69
479,833	632,69
480,095	635,69
480,357	595,69
480,619	619,69
480,881	626,69
481,143	593,69
481,405	609,69
481,667	615,69
481,929	611,69
482,191	636,69
482,452	604,69
482,714	619,69
482,976	638,69
483,238	602,69
483,5	640,69
483,762	630,69
484,024	636,69
484,286	608,69
484,547	609,69
484,809	637,69
485,071	607,69
485,333	634,69
485,595	628,69
485,857	633,69
486,118	629,69
486,38	635,69
486,642	642,69
486,904	657,69
487,165	662,69
487,427	654,69
487,689	620,69
487,951	653,69
488,212	664,69
488,474	649,69
488,736	646,69
488,998	666,69
489,259	650,69
489,521	669,69
489,783	659,69
490,044	677,69
490,306	703,69
490,568	679,69
490,829	699,69
491,091	708,69
491,353	691,69
491,614	706,69
491,876	720,69
492,137	708,69
492,399	711,69
492,661	703,69
492,922	686,69
493,184	717,69
493,445	715,69
493,707	729,69
493,968	714,69
494,23	745,69
494,491	723,69
494,753	749,69
495,014	731,69
495,276	748,69
495,537	745,69
495,799	764,69
496,06	764,69
496,322	769,69
496,583	757,69
496,845	781,69
497,106	791,69
497,368	783,69
497,629	791,69
497,89	804,69
498,152	799,69
498,413	794,69
498,675	795,69
498,936	793,69
499,197	820,69
499,459	830,69
499,72	831,69
499,981	839,69
500,243	829,69
500,504	809,69
500,765	858,69
501,027	817,69
501,288	845,69
501,549	849,69
501,811	853,69
502,072	852,69
502,333	859,69
502,594	881,69
502,856	874,69
503,117	878,69
503,378	885,69
503,639	881,69
503,901	918,69
504,162	896,69
504,423	884,69
504,684	898,69
504,945	898,69
505,207	912,69
505,468	907,69
505,729	932,69
505,99	913,69
506,251	917,69
506,512	938,69
506,774	939,69
507,035	957,69
507,296	966,69
507,557	949,69
507,818	980,69
508,079	962,69
508,34	965,69
508,601	971,69
508,862	992,69
509,123	952,69
509,384	991,69
509,645	978,69
509,906	989,69
510,167	976,69
510,428	998,69
510,689	1025,69
510,95	1025,69
511,211	1008,69
511,472	997,69
511,733	1023,69
511,994	1022,69
512,255	1035,69
512,516	1053,69
512,777	1052,69
513,038	1043,69
513,299	1032,69
513,56	1056,69
513,821	1069,69
514,082	1042,69
514,343	1055,69
514,603	1041,69
514,864	1075,69
515,125	1069,69
515,386	1102,69
515,647	1079,69
515,908	1050,69
516,169	1069,69
516,429	1067,69
516,69	1099,69
516,951	1097,69
517,212	1118,69
517,473	1076,69
517,733	1108,69
517,994	1119,69
518,255	1103,69
518,516	1137,69
518,776	1131,69
519,037	1146,69
519,298	1146,69
519,559	1120,69
519,819	1131,69
520,08	1134,69
520,341	1130,69
520,601	1113,69
520,862	1150,69
521,123	1110,69
521,383	1139,69
521,644	1152,69
521,905	1164,69
522,165	1162,69
522,426	1163,69
522,686	1157,69
522,947	1167,69
523,208	1182,69
523,468	1166,69
523,729	1183,69
523,989	1168,69
524,25	1157,69
524,51	1162,69
524,771	1183,69
525,032	1159,69
525,292	1189,69
525,553	1174,69
525,813	1181,69
526,074	1184,69
526,334	1165,69
526,595	1167,69
526,855	1193,69
527,116	1189,69
527,376	1209,69
527,636	1189,69
527,897	1203,69
528,157	1183,69
528,418	1183,69
528,678	1214,69
528,939	1211,69
529,199	1199,69
529,459	1256,69
529,72	1259,69
529,98	1227,69
530,24	1201,69
530,501	1197,69
530,761	1222,69
531,022	1227,69
531,282	1243,69
531,542	1245,69
531,803	1202,69
532,063	1197,69
532,323	1197,69
532,583	1227,69
532,844	1237,69
533,104	1216,69
533,364	1243,69
533,624	1258,69
533,885	1258,69
534,145	1233,69
534,405	1225,69
534,665	1253,69
534,926	1246,69
535,186	1242,69
535,446	1254,69
535,706	1266,69
535,966	1252,69
536,227	1262,69
536,487	1237,69
536,747	1218,69
537,007	1230,69
537,267	1245,69
537,527	1254,69
537,787	1224,69
538,048	1245,69
538,308	1287,69
538,568	1258,69
538,828	1234,69
539,088	1276,69
539,348	1257,69
539,608	1241,69
539,868	1262,69
540,128	1261,69
540,388	1246,69
540,648	1243,69
540,908	1250,69
541,168	1256,69
541,428	1278,69
541,688	1267,69
541,948	1260,69
542,208	1275,69
542,468	1319,69
542,728	1290,69
542,988	1253,69
543,248	1273,69
543,508	1285,69
543,768	1285,69
544,028	1299,69
544,288	1288,69
544,548	1290,69
544,807	1286,69
545,067	1308,69
545,327	1279,69
545,587	1291,69
545,847	1277,69
546,107	1300,69
546,367	1281,69
546,626	1300,69
546,886	1310,69
547,146	1315,69
547,406	1332,69
547,666	1323,69
547,925	1305,69
548,185	1299,69
548,445	1331,69
548,705	1343,69
548,965	1343,69
549,224	1337,69
549,484	1351,69
549,744	1319,69
550,003	1299,69
550,263	1329,69
550,523	1341,69
550,783	1342,69
551,042	1335,69
551,302	1324,69
551,562	1325,69
551,821	1331,69
552,081	1335,69
552,341	1357,69
552,6	1344,69
552,86	1329,69
553,119	1335,69
553,379	1319,69
553,639	1354,69
553,898	1353,69
554,158	1323,69
554,417	1381,69
554,677	1353,69
554,936	1385,69
555,196	1351,69
555,456	1354,69
555,715	1343,69
555,975	1373,69
556,234	1386,69
556,494	1363,69
556,753	1339,69
557,013	1378,69
557,272	1393,69
557,532	1377,69
557,791	1370,69
558,051	1402,69
558,31	1359,69
558,569	1397,69
558,829	1392,69
559,088	1381,69
559,348	1376,69
559,607	1408,69
559,866	1402,69
560,126	1406,69
560,385	1392,69
560,645	1384,69
560,904	1411,69
561,163	1370,69
561,423	1395,69
561,682	1422,69
561,941	1417,69
562,201	1411,69
562,46	1413,69
562,719	1427,69
562,979	1470,69
563,238	1420,69
563,497	1407,69
563,756	1427,69
564,016	1454,69
564,275	1440,69
564,534	1435,69
564,793	1441,69
565,053	1435,69
565,312	1441,69
565,571	1461,69
565,83	1467,69
566,089	1487,69
566,349	1477,69
566,608	1471,69
566,867	1466,69
567,126	1472,69
567,385	1495,69
567,644	1469,69
567,903	1462,69
568,163	1456,69
568,422	1437,69
568,681	1483,69
568,94	1456,69
569,199	1459,69
569,458	1479,69
569,717	1496,69
569,976	1477,69
570,235	1494,69
570,494	1473,69
570,753	1473,69
571,012	1470,69
571,271	1507,69
571,53	1468,69
571,789	1499,69
572,048	1499,69
572,307	1506,69
572,566	1507,69
572,825	1462,69
573,084	1493,69
573,343	1506,69
573,602	1497,69
573,861	1495,69
574,12	1535,69
574,379	1513,69
574,638	1496,69
574,897	1489,69
575,156	1511,69
575,414	1509,69
575,673	1498,69
575,932	1516,69
576,191	1516,69
576,45	1513,69
576,709	1536,69
576,968	1525,69
577,226	1534,69
577,485	1515,69
577,744	1526,69
578,003	1528,69
578,262	1512,69
578,52	1526,69
578,779	1506,69
579,038	1523,69
579,297	1518,69
579,555	1511,69
579,814	1522,69
580,073	1543,69
580,332	1538,69
580,59	1547,69
580,849	1541,69
581,108	1549,69
581,366	1539,69
581,625	1499,69
581,884	1495,69
582,142	1475,69
582,401	1539,69
582,66	1554,69
582,918	1504,69
583,177	1547,69
583,436	1505,69
583,694	1535,69
583,953	1525,69
584,211	1513,69
584,47	1550,69
584,728	1508,69
584,987	1521,69
585,246	1524,69
585,504	1546,69
585,763	1504,69
586,021	1533,69
586,28	1515,69
586,538	1525,69
586,797	1521,69
587,055	1521,69
587,314	1520,69
587,572	1498,69
587,831	1519,69
588,089	1514,69
588,348	1499,69
588,606	1517,69
588,864	1522,69
589,123	1530,69
589,381	1490,69
589,64	1465,69
589,898	1487,69
590,157	1486,69
590,415	1493,69
590,673	1483,69
590,932	1470,69
591,19	1487,69
591,448	1505,69
591,707	1481,69
591,965	1490,69
592,223	1483,69
592,482	1513,69
592,74	1431,69
592,998	1497,69
593,257	1477,69
593,515	1441,69
593,773	1474,69
594,031	1459,69
594,29	1438,69
594,548	1432,69
594,806	1455,69
595,064	1479,69
595,323	1451,69
595,581	1422,69
595,839	1453,69
596,097	1431,69
596,355	1417,69
596,613	1440,69
596,872	1422,69
597,13	1439,69
597,388	1424,69
597,646	1443,69
597,904	1399,69
598,162	1379,69
598,42	1403,69
598,679	1387,69
598,937	1412,69
599,195	1405,69
599,453	1368,69
599,711	1397,69
599,969	1370,69
600,227	1362,69
600,485	1361,69
600,743	1366,69
601,001	1374,69
601,259	1379,69
601,517	1341,69
601,775	1389,69
602,033	1335,69
602,291	1353,69
602,549	1354,69
602,807	1345,69
603,065	1328,69
603,323	1313,69
603,581	1339,69
603,839	1331,69
604,097	1329,69
604,355	1331,69
604,613	1325,69
604,871	1321,69
605,128	1312,69
605,386	1288,69
605,644	1298,69
605,902	1285,69
606,16	1316,69
606,418	1279,69
606,676	1284,69
606,933	1249,69
607,191	1265,69
607,449	1248,69
607,707	1262,69
607,965	1271,69
608,223	1269,69
608,48	1256,69
608,738	1234,69
608,996	1246,69
609,254	1241,69
609,511	1248,69
609,769	1222,69
610,027	1222,69
610,285	1197,69
610,542	1226,69
610,8	1217,69
611,058	1205,69
611,315	1207,69
611,573	1175,69
611,831	1224,69
612,088	1214,69
612,346	1182,69
612,604	1167,69
612,861	1182,69
613,119	1199,69
613,376	1176,69
613,634	1165,69
613,892	1151,69
614,149	1144,69
614,407	1160,69
614,664	1161,69
614,922	1173,69
615,18	1127,69
615,437	1149,69
615,695	1163,69
615,952	1146,69
616,21	1129,69
616,467	1141,69
616,725	1129,69
616,982	1121,69
617,24	1112,69
617,497	1134,69
617,755	1084,69
618,012	1096,69
618,27	1085,69
618,527	1097,69
618,784	1072,69
619,042	1091,69
619,299	1050,69
619,557	1057,69
619,814	1083,69
620,071	1089,69
620,329	1057,69
620,586	1076,69
620,844	1060,69
621,101	1050,69
621,358	1036,69
621,616	1030,69
621,873	1030,69
622,13	1013,69
622,388	1008,69
622,645	1024,69
622,902	1023,69
623,159	1005,69
623,417	1005,69
623,674	1013,69
623,931	1016,69
624,188	1002,69
624,446	972,69
624,703	984,69
624,96	986,69
625,217	967,69
625,475	963,69
625,732	986,69
625,989	977,69
626,246	944,69
626,503	934,69
626,761	917,69
627,018	909,69
627,275	933,69
627,532	942,69
627,789	939,69
628,046	923,69
628,303	899,69
628,56	933,69
628,818	898,69
629,075	900,69
629,332	919,69
629,589	915,69
629,846	882,69
630,103	877,69
630,36	884,69
630,617	869,69
630,874	865,69
631,131	856,69
631,388	858,69
631,645	869,69
631,902	852,69
632,159	869,69
632,416	860,69
632,673	845,69
632,93	841,69
633,187	822,69
633,444	816,69
633,701	783,69
633,958	814,69
634,215	817,69
634,471	825,69
634,728	802,69
634,985	798,69
635,242	793,69
635,499	784,69
635,756	764,69
636,013	773,69
636,27	766,69
636,526	766,69
636,783	757,69
637,04	756,69
637,297	767,69
637,554	728,69
637,81	743,69
638,067	728,69
638,324	705,69
638,581	707,69
638,838	703,69
639,094	715,69
639,351	723,69
639,608	727,69
639,864	738,69
640,121	711,69
640,378	700,69
640,635	716,69
640,891	691,69
641,148	683,69
641,405	679,69
641,661	659,69
641,918	694,69
642,175	666,69
642,431	633,69
642,688	643,69
642,944	639,69
643,201	646,69
643,458	623,69
643,714	637,69
643,971	642,69
644,227	619,69
644,484	599,69
644,741	609,69
644,997	619,69
645,254	611,69
645,51	625,69
645,767	601,69
646,023	604,69
646,28	592,69
646,536	599,69
646,793	595,69
647,049	597,69
647,306	593,69
647,562	587,69
647,819	561,69
648,075	558,69
648,331	538,69
648,588	557,69
648,844	538,69
649,101	567,69
649,357	545,69
649,613	532,69
649,87	527,69
650,126	536,69
650,383	530,69
650,639	509,69
650,895	503,69
651,152	506,69
651,408	503,69
651,664	514,69
651,921	487,69
652,177	490,69
652,433	486,69
652,689	490,69
652,946	468,69
653,202	482,69
653,458	473,69
653,715	479,69
653,971	475,69
654,227	450,69
654,483	467,69
654,739	469,69
654,996	455,69
655,252	454,69
655,508	433,69
655,764	450,69
656,02	428,69
656,277	440,69
656,533	468,69
656,789	465,69
657,045	413,69
657,301	408,69
657,557	424,69
657,813	436,69
658,07	406,69
658,326	427,69
658,582	421,69
658,838	411,69
659,094	403,69
659,35	400,69
659,606	402,69
659,862	395,69
660,118	401,69
660,374	400,69
660,63	380,69
660,886	369,69
661,142	395,69
661,398	367,69
661,654	374,69
661,91	375,69
662,166	362,69
662,422	370,69
662,678	359,69
662,934	350,69
663,19	352,69
663,446	343,69
663,702	350,69
663,957	339,69
664,213	360,69
664,469	328,69
664,725	332,69
664,981	328,69
665,237	337,69
665,493	323,69
665,749	316,69
666,004	334,69
666,26	332,69
666,516	318,69
666,772	329,69
667,028	335,69
667,283	314,69
667,539	331,69
667,795	330,69
668,051	297,69
668,307	291,69
668,562	291,69
668,818	286,69
669,074	299,69
669,329	277,69
669,585	285,69
669,841	297,69
670,097	299,69
670,352	277,69
670,608	260,69
670,864	270,69
671,119	277,69
671,375	262,69
671,631	257,69
671,886	263,69
672,142	244,69
672,397	252,69
672,653	259,69
672,909	273,69
673,164	268,69
673,42	246,69
673,675	240,69
673,931	231,69
674,186	256,69
674,442	239,69
674,698	243,69
674,953	228,69
675,209	220,69
675,464	234,69
675,72	233,69
675,975	227,69
676,231	237,69
676,486	222,69
676,742	217,69
676,997	225,69
677,252	218,69
677,508	218,69
677,763	210,69
678,019	209,69
678,274	221,69
678,53	221,69
678,785	204,69
679,04	213,69
679,296	215,69
679,551	215,69
679,806	217,69
680,062	194,69
680,317	211,69
680,572	200,69
680,828	201,69
681,083	194,69
681,338	198,69
681,594	194,69
681,849	195,69
682,104	192,69
682,36	192,69
682,615	174,69
682,87	182,69
683,125	195,69
683,381	205,69
683,636	201,69
683,891	167,69
684,146	189,69
684,401	177,69
684,657	175,69
684,912	169,69
685,167	162,69
685,422	179,69
685,677	165,69
685,932	178,69
686,188	152,69
686,443	152,69
686,698	167,69
686,953	167,69
687,208	161,69
687,463	164,69
687,718	168,69
687,973	150,69
688,228	166,69
688,483	163,69
688,739	150,69
688,994	156,69
689,249	155,69
689,504	140,69
689,759	152,69
690,014	147,69
690,269	126,69
690,524	139,69
690,779	138,69
691,034	136,69
691,289	149,69
691,544	145,69
691,798	147,69
692,053	135,69
692,308	143,69
692,563	129,69
692,818	137,69
693,073	128,69
693,328	117,69
693,583	124,69
693,838	105,69
694,093	131,69
694,347	136,69
694,602	119,69
694,857	108,69
695,112	112,69
695,367	133,69
695,622	114,69
695,876	117,69
696,131	121,69
696,386	118,69
696,641	121,69
696,896	102,69
697,15	106,69
697,405	108,69
697,66	109,69
697,915	115,69
698,169	115,69
698,424	118,69
698,679	114,69
698,933	108,69
699,188	91,69
699,443	94,69
699,698	113,69
699,952	105,69
700,207	101,69
700,461	91,69
700,716	93,69
700,971	98,69
701,225	83,69
701,48	94,69
701,735	96,69
701,989	99,69
702,244	79,69
702,498	96,69
702,753	88,69
703,007	86,69
703,262	95,69
703,517	94,69
703,771	81,69
704,026	81,69
704,28	82,69
704,535	83,69
704,789	87,69
705,044	93,69
705,298	93,69
705,553	81,69
705,807	79,69
706,062	88,69
706,316	77,69
706,57	76,69
706,825	72,69
707,079	74,69
707,334	70,69
707,588	78,69
707,842	88,69
708,097	83,69
708,351	65,69
708,606	76,69
708,86	75,69
709,114	86,69
709,369	80,69
709,623	80,69
709,877	72,69
710,132	74,69
710,386	68,69
710,64	65,69
710,895	81,69
711,149	74,69
711,403	73,69
711,657	76,69
711,912	63,69
712,166	57,69
712,42	64,69
712,674	58,69
712,928	68,69
713,183	55,69
713,437	64,69
713,691	71,69
713,945	59,69
714,199	56,69
714,454	56,69
714,708	57,69
714,962	44,69
715,216	53,69
715,47	47,69
715,724	55,69
715,978	49,69
716,233	58,69
716,487	69,69
716,741	59,69
716,995	72,69
717,249	59,69
717,503	43,69
717,757	57,69
718,011	60,69
718,265	58,69
718,519	70,69
718,773	47,69
719,027	54,69
719,281	46,69
719,535	54,69
719,789	48,69
720,043	36,69
720,297	54,69
720,551	45,69
720,805	54,69
721,059	49,69
721,313	33,69
721,567	50,69
721,821	53,69
722,074	42,69
722,328	35,69
722,582	63,69
722,836	43,69
723,09	46,69
723,344	44,69
723,598	57,69
723,851	42,69
724,105	49,69
724,359	29,69
724,613	45,69
724,867	34,69
725,121	37,69
725,374	37,69
725,628	55,69
725,882	37,69
726,136	34,69
726,389	27,69
726,643	33,69
726,897	45,69
727,151	31,69
727,404	42,69
727,658	39,69
727,912	32,69
728,165	32,69
728,419	33,69
728,673	12,69
728,926	41,69
729,18	17,69
729,434	38,69
729,687	45,69
729,941	47,69
730,195	32,69
730,448	28,69
730,702	32,69
730,955	35,69
731,209	35,69
731,462	29,69
731,716	33,69
731,97	35,69
732,223	34,69
732,477	26,69
732,73	37,69
732,984	37,69
733,237	39,69
733,491	34,69
733,744	41,69
733,998	32,69
734,251	35,69
734,505	31,69
734,758	36,69
735,012	35,69
735,265	27,69
735,518	36,69
735,772	38,69
736,025	23,69
736,279	26,69
736,532	29,69
736,785	25,69
737,039	22,69
737,292	31,69
737,546	12,69
737,799	16,69
738,052	31,69
738,306	26,69
738,559	30,69
738,812	18,69
739,066	19,69
739,319	27,69
739,572	19,69
739,825	28,69
740,079	20,69
740,332	27,69
740,585	16,69
740,838	37,69
741,092	33,69
741,345	23,69
741,598	19,69
741,851	31,69
742,104	21,69
742,358	6,69
742,611	20,69
742,864	17,69
743,117	19,69
743,37	11,69
743,623	31,69
743,877	15,69
744,13	21,69
744,383	12,69
744,636	23,69
744,889	9,69
745,142	6,69
745,395	30,69
745,648	14,69
745,901	16,69
746,154	33,69
746,408	22,69
746,661	19,69
746,914	22,69
747,167	9,69
747,42	18,69
747,673	17,69
747,926	14,69
748,179	0,69
748,432	19,69
748,685	26,69
748,938	17,69
749,19	22,69
749,443	22,69
749,696	15,69
749,949	15,69
750,202	14,69
750,455	12,69
750,708	17,69
750,961	0,69
751,214	15,69
751,467	6,69
751,719	8,69
751,972	18,69
752,225	4,69
752,478	9,69
752,731	17,69
752,984	16,69
753,236	11,69
753,489	17,69
753,742	15,69
753,995	13,69
754,248	11,69
754,5	-0,31
754,753	11,69
755,006	9,69
755,259	10,69
755,511	14,69
755,764	24,69
756,017	16,69
756,269	16,69
756,522	13,69
756,775	11,69
757,027	6,69
757,28	9,69
757,533	24,69
757,785	13,69
758,038	13,69
758,291	21,69
758,543	21,69
758,796	6,69
759,049	21,69
759,301	16,69
759,554	15,69
759,806	0,69
760,059	10,69
760,311	24,69
760,564	10,69
760,817	19,69
761,069	9,69
761,322	25,69
761,574	13,69
761,827	15,69
762,079	16,69
762,332	11,69
762,584	21,69
762,837	4,69
763,089	16,69
763,341	15,69
763,594	13,69
763,846	9,69
764,099	18,69
764,351	23,69
764,604	17,69
764,856	15,69
765,108	14,69
765,361	15,69
765,613	18,69
765,865	7,69
766,118	-3,31
766,37	-1,31
766,623	-0,31
766,875	9,69
767,127	15,69
767,379	13,69
767,632	6,69
767,884	9,69
768,136	5,69
768,389	1,69
768,641	24,69
768,893	13,69
769,145	17,69
769,398	-2,31
769,65	9,69
769,902	-2,31
770,154	4,69
770,406	22,69
770,659	17,69
770,911	1,69
771,163	0,69
771,415	-1,31
771,667	10,69
771,919	18,69
772,172	15,69
772,424	13,69
772,676	1,69
772,928	1,69
773,18	-1,31
773,432	-0,31
773,684	9,69
773,936	16,69
774,188	6,69
774,44	9,69
774,693	13,69
774,945	12,69
775,197	-0,31
775,449	26,69
775,701	9,69
775,953	29,69
776,205	11,69
776,457	13,69
776,709	1,69
776,961	14,69
777,213	10,69
777,464	15,69
777,716	10,69
777,968	4,69
778,22	8,69
778,472	12,69
778,724	13,69
778,976	4,69
779,228	8,69
779,48	3,69
779,732	17,69
779,984	6,69
780,235	10,69
780,487	-4,31
780,739	16,69
780,991	13,69
781,243	4,69
781,494	13,69
781,746	5,69
781,998	13,69
782,25	10,69
782,502	5,69
782,753	11,69
783,005	15,69
783,257	12,69
783,509	2,69
783,76	15,69
784,012	2,69
784,264	2,69
784,515	6,69
784,767	10,69
785,019	9,69
785,271	7,69
785,522	14,69
785,774	-2,31
786,026	6,69
786,277	-2,31
786,529	19,69
786,78	3,69
787,032	15,69
787,284	4,69
787,535	5,69
787,787	6,69
788,038	-7,31
788,29	11,69
788,541	5,69
788,793	1,69
789,045	-2,31
789,296	19,69
789,548	-4,31
789,799	5,69
790,051	16,69
790,302	15,69
790,554	6,69
790,805	10,69
791,057	18,69
791,308	11,69
791,559	1,69
791,811	13,69
792,062	3,69
792,314	20,69
792,565	9,69
792,817	6,69
793,068	7,69
793,319	18,69
793,571	4,69
793,822	11,69
794,073	1,69
794,325	1,69
794,576	10,69
794,827	14,69
795,079	15,69
795,33	-1,31
795,581	-0,31
795,833	9,69
796,084	3,69
796,335	17,69
796,587	5,69
796,838	6,69
797,089	11,69
797,34	10,69
797,592	13,69
797,843	11,69
798,094	12,69
798,345	7,69
798,596	8,69
798,848	8,69
799,099	-3,31
799,35	-6,31
799,601	13,69
799,852	7,69
800,103	-0,31
800,355	-2,31
800,606	24,69
800,857	2,69
801,108	5,69
801,359	2,69
801,61	6,69
801,861	11,69
802,112	-0,31
802,363	9,69
802,614	-2,31
802,865	11,69
803,116	6,69
803,367	15,69
803,618	13,69
803,869	6,69
804,12	11,69
804,371	11,69
804,622	4,69
804,873	6,69
805,124	6,69
805,375	-9,31
805,626	-1,31
805,877	0,69
806,128	-5,31
806,379	9,69
806,63	5,69
806,881	2,69
807,132	2,69
807,383	-2,31
807,634	9,69
807,884	13,69
808,135	8,69
808,386	-2,31
808,637	2,69
808,888	7,69
809,139	10,69
809,389	7,69
809,64	11,69
809,891	9,69
810,142	12,69
810,393	6,69
810,643	10,69
810,894	10,69
811,145	-3,31
811,396	-0,31
811,646	13,69
811,897	2,69
812,148	6,69
812,398	9,69
812,649	8,69
812,9	7,69
813,151	-0,31
813,401	4,69
813,652	7,69
813,902	8,69
814,153	-1,31
814,404	-3,31
814,654	1,69
814,905	2,69
815,156	11,69
815,406	7,69
815,657	13,69
815,907	13,69
816,158	14,69
816,408	3,69
816,659	4,69
816,91	3,69
817,16	2,69
817,411	-1,31
817,661	-2,31
817,912	4,69
818,162	2,69
818,413	3,69
818,663	0,69
818,914	1,69
819,164	-5,31
819,414	5,69
819,665	-2,31
819,915	7,69
820,166	-3,31
820,416	12,69
820,667	3,69
820,917	1,69
821,167	6,69
821,418	9,69
821,668	5,69
821,918	6,69
822,169	1,69
822,419	-0,31
822,67	9,69
822,92	-5,31
823,17	-0,31
823,42	6,69
823,671	-0,31
823,921	5,69
824,171	-1,31
824,422	4,69
824,672	13,69
824,922	2,69
825,172	7,69
825,423	0,69
825,673	21,69
825,923	-7,31
826,173	-4,31
826,423	3,69
826,674	6,69
826,924	4,69
827,174	5,69
827,424	5,69
827,674	13,69
827,924	8,69
828,175	4,69
828,425	3,69
828,675	-1,31
828,925	-0,31
829,175	2,69
829,425	-0,31
829,675	8,69
829,925	14,69
830,175	3,69
830,425	1,69
830,675	9,69
830,925	14,69
831,175	6,69
831,425	13,69
831,676	11,69
831,926	0,69
832,175	5,69
832,425	1,69
832,675	14,69
832,925	-1,31
833,175	10,69
833,425	16,69
833,675	9,69
833,925	10,69
834,175	8,69
834,425	16,69
834,675	1,69
834,925	-14,31
835,175	-2,31
835,425	10,69
835,674	5,69
835,924	-11,31
836,174	-4,31
836,424	-1,31
836,674	2,69
836,924	6,69
837,173	-1,31
837,423	5,69
837,673	6,69
837,923	-1,31
838,173	14,69
838,422	4,69
838,672	6,69
838,922	2,69
839,172	-3,31
839,421	3,69
839,671	7,69
839,921	10,69
840,17	6,69
840,42	5,69
840,67	13,69
840,919	7,69
841,169	3,69
841,419	12,69
841,668	7,69
841,918	2,69
842,168	6,69
842,417	1,69
842,667	-13,31
842,916	-3,31
843,166	7,69
843,416	13,69
843,665	19,69
843,915	12,69
844,164	3,69
844,414	0,69
844,663	1,69
844,913	-2,31
845,162	-6,31
845,412	9,69
845,662	17,69
845,911	27,69
846,16	2,69
846,41	7,69
846,659	3,69
846,909	13,69
847,158	1,69
847,408	-1,31
847,657	-6,31
847,907	9,69
848,156	3,69
848,405	3,69
848,655	5,69
848,904	-3,31
849,154	-1,31
849,403	-4,31
849,652	9,69
849,902	7,69
850,151	7,69
850,4	7,69
850,65	5,69
850,899	4,69
851,148	7,69
851,398	8,69
851,647	14,69
851,896	-3,31
852,145	-2,31
852,395	-3,31
852,644	-0,31
852,893	5,69
853,142	7,69
853,392	-2,31
853,641	-6,31
853,89	0,69
854,139	10,69
854,388	8,69
854,637	16,69
854,887	2,69
855,136	12,69
855,385	4,69
855,634	5,69
855,883	17,69
856,132	9,69
856,381	14,69
856,631	18,69
856,88	6,69
857,129	13,69
857,378	11,69
857,627	9,69
857,876	0,69
858,125	-1,31
858,374	-5,31
858,623	3,69
858,872	-2,31
859,121	-1,31
859,37	2,69
859,619	-3,31
859,868	2,69
860,117	-2,31
860,366	1,69
860,615	9,69
860,864	4,69
861,113	7,69
861,362	8,69
861,611	9,69
861,86	-0,31
862,108	6,69
862,357	8,69
862,606	8,69
862,855	-9,31
863,104	2,69
863,353	5,69
863,602	9,69
863,851	10,69
864,099	3,69
864,348	7,69
864,597	3,69
864,846	5,69
865,095	-0,31
865,343	13,69
865,592	5,69
865,841	7,69
866,09	9,69
866,338	3,69
866,587	1,69
866,836	2,69
867,085	1,69
867,333	-2,31
867,582	-0,31
867,831	-0,31
868,079	8,69
868,328	-2,31
868,577	4,69
868,825	1,69
869,074	17,69
869,323	0,69
869,571	9,69
869,82	10,69
870,068	16,69
870,317	11,69
870,566	7,69
870,814	5,69
871,063	12,69
871,311	8,69
871,56	4,69
871,808	2,69
872,057	-4,31
872,306	-1,31
872,554	9,69
872,803	3,69
873,051	8,69
873,3	6,69
873,548	-5,31
873,797	6,69
874,045	2,69
874,293	11,69
874,542	11,69
874,79	17,69
875,039	9,69
875,287	-3,31
875,536	10,69
875,784	15,69
876,032	9,69
876,281	3,69
876,529	-3,31
876,777	3,69
877,026	10,69
877,274	10,69
877,523	5,69
877,771	9,69
878,019	9,69
878,267	1,69
878,516	-3,31
878,764	2,69
879,012	2,69
879,261	21,69
879,509	12,69
879,757	-9,31
880,005	5,69
880,254	-5,31
880,502	-3,31
880,75	-6,31
880,998	3,69
881,246	8,69
881,495	4,69
881,743	4,69
881,991	0,69
882,239	2,69
882,487	0,69
882,735	-3,31
882,984	7,69
883,232	-2,31
883,48	-1,31
883,728	-9,31
883,976	2,69
884,224	-2,31
884,472	9,69
884,72	1,69
884,968	8,69
885,216	9,69
885,464	-3,31
885,712	4,69
885,96	4,69
886,208	3,69
886,457	2,69
886,704	-1,31
886,952	-1,31
887,2	4,69
887,448	1,69
887,696	6,69
887,944	5,69
888,192	-0,31
888,44	-1,31
888,688	5,69
888,936	4,69
889,184	5,69
889,432	1,69
889,68	2,69
889,928	-2,31
890,175	5,69
890,423	-5,31
890,671	-5,31
890,919	10,69
891,167	12,69
891,415	5,69
891,663	9,69
891,91	-0,31
892,158	10,69
892,406	-5,31
892,654	2,69
892,901	-3,31
893,149	-4,31
893,397	3,69
893,645	-4,31
893,892	8,69
894,14	3,69
894,388	3,69
894,636	3,69
894,883	2,69
895,131	5,69
895,379	4,69
895,626	11,69
895,874	4,69
896,122	20,69
896,369	14,69
896,617	2,69
896,864	8,69
897,112	-2,31
897,36	5,69
897,607	-5,31
897,855	11,69
898,102	8,69
898,35	11,69
898,598	-3,31
898,845	5,69
899,093	-5,31
899,34	6,69
899,588	7,69
899,835	19,69
900,083	2,69
900,33	5,69
900,578	7,69
900,825	-6,31
901,073	-6,31
901,32	6,69
901,568	-0,31
901,815	7,69
902,062	10,69
902,31	6,69
902,557	1,69
902,805	6,69
903,052	7,69
903,299	7,69
903,547	14,69
903,794	9,69
904,042	10,69
904,289	11,69
904,536	3,69
904,784	-1,31
905,031	1,69
905,278	-4,31
905,525	3,69
905,773	-6,31
906,02	4,69
906,267	-5,31
906,515	-2,31
906,762	-1,31
907,009	7,69
907,256	6,69
907,504	5,69
907,751	-0,31
907,998	8,69
908,245	1,69
908,492	1,69
908,74	-3,31
908,987	1,69
909,234	0,69
909,481	10,69
909,728	9,69
909,975	11,69
910,222	3,69
910,47	9,69
910,717	2,69
910,964	10,69
911,211	2,69
911,458	9,69
911,705	-5,31
911,952	-5,31
912,199	6,69
912,446	3,69
912,693	3,69
912,94	6,69
913,187	7,69
913,434	-5,31
913,681	-0,31
913,928	4,69
914,175	10,69
914,422	-1,31
914,669	-3,31
914,916	5,69
915,163	-6,31
915,41	3,69
915,657	3,69
915,904	14,69
916,151	8,69
916,398	7,69
916,644	7,69
916,891	5,69
917,138	17,69
917,385	10,69
917,632	6,69
917,879	-0,31
918,126	5,69
918,372	-0,31
918,619	18,69
918,866	6,69
919,113	9,69
919,36	3,69
919,606	7,69
919,853	-7,31
920,1	2,69
920,347	1,69
920,593	6,69
920,84	-9,31
921,087	-4,31
921,334	12,69
921,58	0,69
921,827	7,69
922,074	9,69
922,32	5,69
922,567	10,69
922,814	-3,31
923,06	-1,31
923,307	2,69
923,554	-13,31
923,8	-6,31
924,047	4,69
924,293	11,69
924,54	6,69
924,787	12,69
925,033	7,69
925,28	6,69
925,526	4,69
925,773	21,69
926,019	0,69
926,266	-7,31
926,512	-0,31
926,759	4,69
927,005	-5,31
927,252	3,69
927,498	6,69
927,745	7,69
927,991	-0,31
928,238	9,69
928,484	-2,31
928,731	2,69
928,977	11,69
929,223	6,69
929,47	-1,31
929,716	4,69
929,963	10,69
930,209	-1,31
930,455	9,69
930,702	6,69
930,948	10,69
931,194	5,69
931,441	5,69
931,687	-4,31
931,933	6,69
932,18	5,69
932,426	-0,31
932,672	1,69
932,919	-4,31
933,165	7,69
933,411	12,69
933,657	7,69
933,904	7,69
934,15	9,69
934,396	7,69
934,642	-1,31
934,889	3,69
935,135	3,69
935,381	10,69
935,627	5,69
935,873	-8,31
936,119	-0,31
936,366	9,69
936,612	4,69
936,858	5,69
937,104	-5,31
937,35	-0,31
937,596	-2,31
937,842	1,69
938,088	-4,31
938,334	-1,31
938,58	5,69
938,827	-14,31
939,073	-6,31
939,319	2,69
939,565	8,69
939,811	-10,31
940,057	15,69
940,303	1,69
940,549	4,69
940,795	4,69
941,041	11,69
941,287	5,69
941,533	9,69
941,778	6,69
942,024	5,69
942,27	11,69
942,516	4,69
942,762	3,69
943,008	1,69
943,254	7,69
943,5	5,69
943,746	7,69
943,992	-1,31
944,237	11,69
944,483	6,69
944,729	8,69
944,975	4,69
945,221	-7,31
945,467	2,69
945,712	-15,31
945,958	0,69
946,204	-2,31
946,45	-4,31
946,695	10,69
946,941	15,69
947,187	1,69
947,433	13,69
947,678	-14,31
947,924	0,69
948,17	7,69
948,415	-1,31
948,661	9,69
948,907	-5,31
949,153	11,69
949,398	-0,31
949,644	8,69
949,889	9,69
950,135	-0,31
950,381	0,69
950,626	-1,31
950,872	13,69
951,118	10,69
951,363	5,69
951,609	0,69
951,854	9,69
952,1	9,69
952,345	0,69
952,591	25,69
952,836	12,69
953,082	3,69
953,327	10,69
953,573	5,69
953,818	-5,31
954,064	11,69
954,309	8,69
954,555	26,69
954,8	0,69
955,046	1,69
955,291	8,69
955,537	4,69
955,782	-0,31
956,027	2,69
956,273	7,69
956,518	11,69
956,764	17,69
957,009	-0,31
957,254	-10,31
957,5	-0,31
957,745	-9,31
957,99	-0,31
958,236	2,69
958,481	1,69
958,726	9,69
958,972	2,69
959,217	1,69
959,462	-3,31
959,707	6,69
959,953	2,69
960,198	4,69
960,443	-3,31
960,688	17,69
960,934	6,69
961,179	1,69
961,424	1,69
961,669	2,69
961,914	10,69
962,16	-6,31
962,405	8,69
962,65	14,69
962,895	6,69
963,14	1,69
963,385	13,69
963,63	2,69
963,876	4,69
964,121	-2,31
964,366	1,69
964,611	-6,31
964,856	-4,31
965,101	7,69
965,346	-2,31
965,591	-3,31
965,836	-16,31
966,081	-13,31
966,326	-2,31
966,571	13,69
966,816	5,69
967,061	0,69
967,306	4,69
967,551	3,69
967,796	-3,31
968,041	4,69
968,286	-6,31
968,531	-3,31
968,776	7,69
969,021	-0,31
969,266	1,69
969,511	10,69
969,755	-9,31
970	-6,31
970,245	6,69
970,49	12,69
970,735	-14,31
970,98	-2,31
971,225	3,69
971,469	10,69
971,714	2,69
971,959	3,69
972,204	1,69
972,449	6,69
972,693	-4,31
972,938	-0,31
973,183	-5,31
973,428	-5,31
973,672	4,69
973,917	13,69
974,162	4,69
974,407	-2,31
974,651	1,69
974,896	-1,31
975,141	7,69
975,385	-6,31
975,63	3,69
975,875	9,69
976,119	16,69
976,364	10,69
976,608	-5,31
976,853	-5,31
977,098	-6,31
977,342	7,69
977,587	6,69
977,831	2,69
978,076	14,69
978,321	9,69
978,565	4,69
978,81	-6,31
979,054	-8,31
979,299	-6,31
979,543	3,69
979,788	-0,31
980,032	-2,31
980,277	-6,31
980,521	-9,31
980,766	-9,31
981,01	0,69
981,255	-0,31
981,499	-12,31
981,743	-4,31
981,988	12,69
982,232	3,69
982,477	-2,31
982,721	25,69
982,965	12,69
983,21	1,69
983,454	-0,31
983,699	4,69
983,943	5,69
984,187	3,69
984,432	-5,31
984,676	0,69
984,92	3,69
985,165	5,69
985,409	2,69
985,653	9,69
985,897	5,69
986,142	7,69
986,386	1,69
986,63	-1,31
986,874	-0,31
987,119	1,69
987,363	-6,31
987,607	-6,31
987,851	-5,31
988,095	3,69
988,34	-8,31
988,584	-6,31
988,828	2,69
989,072	-1,31
989,316	5,69
989,56	11,69
989,804	4,69
990,049	-1,31
990,293	7,69
990,537	-13,31
990,781	0,69
991,025	5,69
991,269	1,69
991,513	-2,31
991,757	10,69
992,001	-5,31
992,245	5,69
992,489	1,69
992,733	11,69
992,977	5,69
993,221	1,69
993,465	0,69
993,709	-5,31
993,953	2,69
994,197	5,69
994,441	3,69
994,685	1,69
994,929	-16,31
995,173	3,69
995,417	-1,31
995,661	-0,31
995,904	15,69
996,148	3,69
996,392	13,69
996,636	2,69
996,88	11,69
997,124	9,69
997,368	-4,31
997,611	-8,31
997,855	5,69
998,099	3,69
998,343	-5,31
998,587	-2,31
998,83	6,69
999,074	4,69
999,318	2,69
999,562	-9,31
999,805	-4,31
1000,049	4,69
1000,293	9,69
1000,537	9,69
1000,78	4,69
1001,024	-7,31
1001,268	6,69
1001,511	3,69
1001,755	-0,31
1001,999	3,69
1002,242	7,69
1002,486	10,69
1002,73	-7,31
1002,973	1,69
1003,217	-3,31
1003,46	-2,31
1003,704	-0,31
1003,948	14,69
1004,191	3,69
1004,435	-0,31
1004,678	-1,31
1004,922	13,69
1005,165	-7,31
1005,409	3,69
1005,652	2,69
1005,896	4,69
1006,139	-2,31
1006,383	2,69
1006,626	-3,31
1006,87	4,69
1007,113	-13,31
1007,357	0,69
1007,6	-1,31
1007,844	7,69
1008,087	-1,31
1008,33	-1,31
1008,574	-3,31
1008,817	10,69
1009,061	-1,31
1009,304	9,69
1009,547	5,69
1009,791	4,69
1010,034	7,69
1010,277	-2,31
1010,521	9,69
1010,764	-1,31
1011,007	11,69
1011,251	7,69
1011,494	7,69
1011,737	-1,31
1011,98	1,69
1012,224	14,69
1012,467	1,69
1012,71	4,69
1012,953	-6,31
1013,197	-1,31
1013,44	-0,31
1013,683	0,69
1013,926	0,69
1014,169	-0,31
1014,413	-5,31
1014,656	-14,31
1014,899	7,69
1015,142	6,69
1015,385	-8,31
1015,628	-5,31
1015,871	-6,31
1016,115	13,69
1016,358	2,69
1016,601	5,69
1016,844	-6,31
1017,087	-5,31
1017,33	7,69
1017,573	10,69
1017,816	6,69
1018,059	2,69
1018,302	1,69
1018,545	3,69
1018,788	6,69
1019,031	0,69
1019,274	6,69
1019,517	10,69
1019,76	1,69
1020,003	6,69
1020,246	9,69
1020,489	9,69
1020,732	11,69
1020,975	4,69
1021,218	6,69
1021,461	-2,31
1021,703	8,69
1021,946	-4,31
1022,189	11,69
1022,432	2,69
1022,675	-2,31
1022,918	6,69
1023,161	13,69
1023,403	-6,31
1023,646	5,69
1023,889	7,69
1024,132	2,69
1024,375	2,69
1024,617	8,69
1024,86	-2,31
1025,103	1,69
1025,346	0,69
1025,588	-13,31
1025,831	3,69
1026,074	-2,31
1026,317	-13,31
1026,559	5,69
1026,802	15,69
1027,045	-0,31
1027,287	2,69
1027,53	3,69
1027,773	-5,31
1028,015	7,69
1028,258	2,69
1028,501	12,69
1028,743	5,69
1028,986	1,69
1029,228	-7,31
1029,471	-12,31
1029,714	-4,31
1029,956	7,69
1030,199	-1,31
1030,441	3,69
1030,684	3,69
1030,926	1,69
1031,169	-5,31
1031,411	0,69
1031,654	12,69
1031,896	4,69
1032,139	-1,31
1032,381	7,69
1032,624	2,69
1032,866	-1,31
1033,109	10,69
1033,351	-3,31
1033,594	16,69
1033,836	2,69
1034,079	-0,31
1034,321	6,69
1034,563	17,69
1034,806	14,69
1035,048	-3,31
1035,29	11,69
1035,533	-5,31
1035,775	1,69
1036,018	2,69
1036,26	6,69
1036,502	-3,31
1036,744	3,69
1036,987	4,69
1037,229	1,69
1037,471	4,69
1037,714	-0,31
1037,956	6,69
1038,198	3,69
1038,44	15,69
1038,683	7,69
1038,925	1,69
1039,167	-2,31
1039,409	5,69
1039,651	5,69
1039,894	7,69
1040,136	0,69
1040,378	14,69
1040,62	5,69
1040,862	1,69
1041,104	-4,31
1041,347	4,69
1041,589	2,69
1041,831	4,69
1042,073	4,69
1042,315	3,69
1042,557	6,69
1042,799	2,69
1043,041	-0,31
1043,283	1,69
1043,525	-5,31
1043,767	9,69
1044,009	5,69
1044,251	-2,31
1044,493	-11,31
1044,735	-4,31
1044,977	15,69
1045,219	10,69
1045,461	7,69
1045,703	7,69
1045,945	-3,31
1046,187	-7,31
1046,429	5,69
1046,671	3,69
1046,913	9,69
1047,155	15,69
1047,397	2,69
1047,639	3,69
1047,881	3,69
1048,122	10,69
1048,364	2,69
1048,606	-0,31
1048,848	-0,31
1049,09	12,69
1049,332	15,69
1049,573	11,69
1049,815	8,69
1050,057	5,69
1050,299	0,69
1050,541	0,69
1050,782	3,69
1051,024	5,69
1051,266	-0,31
1051,508	5,69
1051,749	-10,31
1051,991	5,69
1052,233	7,69
1052,474	-1,31
1052,716	2,69
1052,958	7,69
1053,199	0,69
1053,441	12,69
1053,683	-3,31
1053,924	3,69
1054,166	3,69
1054,408	11,69
1054,649	1,69
1054,891	12,69
1055,132	2,69
1055,374	14,69
1055,616	3,69
1055,857	17,69
1056,099	4,69
1056,34	5,69
1056,582	-3,31
1056,823	4,69
1057,065	2,69
1057,306	1,69
1057,548	1,69
1057,789	0,69
1058,031	7,69
1058,272	6,69
1058,514	-0,31
1058,755	-0,31
1058,997	6,69
1059,238	1,69
1059,479	10,69
1059,721	0,69
1059,962	-4,31
1060,204	5,69
1060,445	10,69
1060,686	17,69
1060,928	6,69
1061,169	5,69
1061,41	5,69
1061,652	11,69
1061,893	-3,31
1062,134	1,69
1062,376	3,69
1062,617	2,69
1062,858	10,69
1063,1	-9,31
1063,341	-2,31
1063,582	-2,31
1063,823	10,69
1064,065	6,69
1064,306	7,69
1064,547	-6,31
1064,788	-7,31
1065,029	9,69
1065,271	6,69
1065,512	7,69
1065,753	-6,31
1065,994	7,69
1066,235	7,69
1066,476	15,69
1066,718	0,69
1066,959	-0,31
1067,2	1,69
1067,441	7,69
1067,682	11,69
1067,923	6,69
1068,164	-1,31
1068,405	7,69
1068,646	-1,31
1068,887	9,69
1069,128	2,69
1069,369	5,69
1069,61	-9,31
1069,851	5,69
1070,092	9,69
1070,333	11,69
1070,574	3,69
1070,815	-2,31
1071,056	1,69
1071,297	1,69
1071,538	0,69
1071,779	7,69
1072,02	9,69
1072,261	3,69
1072,502	-4,31
1072,743	-6,31
1072,984	6,69
1073,225	-2,31
1073,466	2,69
1073,706	5,69
1073,947	13,69
1074,188	-5,31
1074,429	-0,31
1074,67	-2,31
1074,911	0,69
1075,151	5,69
1075,392	14,69
1075,633	19,69
1075,874	6,69
1076,114	-2,31
1076,355	11,69
1076,596	8,69
1076,837	1,69
1077,077	-9,31
1077,318	-0,31
1077,559	5,69
1077,8	-4,31
1078,04	-0,31
1078,281	11,69
1078,522	-1,31
1078,762	-7,31
1079,003	3,69
1079,244	-2,31
1079,484	16,69
1079,725	4,69
1079,965	-0,31
1080,206	14,69
1080,447	5,69
1080,687	0,69
1080,928	-1,31
1081,168	5,69
1081,409	12,69
1081,649	2,69
1081,89	-2,31
1082,131	13,69
1082,371	-0,31
1082,612	5,69
1082,852	3,69
1083,093	-1,31
1083,333	-10,31
1083,573	-5,31
1083,814	9,69
1084,054	-0,31
1084,295	8,69
1084,535	6,69
1084,776	1,69
1085,016	1,69
1085,257	6,69
1085,497	11,69
1085,737	1,69
1085,978	2,69
1086,218	9,69
1086,458	-0,31
1086,699	-1,31
1086,939	-8,31
1087,179	-0,31
1087,42	0,69
1087,66	15,69
1087,9	2,69
1088,141	-3,31
1088,381	0,69
1088,621	17,69
1088,861	12,69
1089,102	13,69
1089,342	1,69
1089,582	4,69
1089,822	1,69
1090,063	5,69
1090,303	5,69
1090,543	9,69
1090,783	0,69
1091,023	7,69
1091,263	14,69
1091,504	2,69
1091,744	-2,31
1091,984	8,69
1092,224	8,69
1092,464	7,69
1092,704	2,69
1092,944	8,69
1093,184	0,69
1093,425	-5,31
1093,665	-1,31
1093,905	6,69
1094,145	-4,31
1094,385	1,69
1094,625	-2,31
1094,865	4,69
1095,105	1,69
1095,345	6,69
1095,585	-13,31
1095,825	-12,31
1096,065	9,69
1096,305	0,69
1096,545	9,69
1096,785	12,69
1097,025	3,69
1097,265	5,69
1097,504	1,69
1097,744	15,69
1097,984	1,69
1098,224	11,69
1098,464	0,69
1098,704	-0,31
1098,944	-0,31
1099,184	-2,31
1099,423	-2,31
1099,663	1,69
1099,903	-3,31
1100,143	-6,31
1100,383	6,69
1100,622	3,69
1100,862	-0,31
1101,102	-3,31
1101,342	3,69
1101,582	11,69
1101,821	9,69
1102,061	5,69
1102,301	3,69
1102,54	6,69
1102,78	-2,31
1103,02	-2,31
1103,26	9,69
1103,499	-0,31
1103,739	2,69
1103,979	-0,31
1104,218	9,69
1104,458	8,69
1104,697	7,69
1104,937	2,69
1105,177	2,69
1105,416	14,69
1105,656	-1,31
1105,896	-1,31
1106,135	-4,31
1106,375	-1,31
1106,614	7,69
1106,854	5,69
1107,093	7,69
1107,333	7,69
1107,572	0,69
1107,812	3,69
1108,051	-2,31
1108,291	9,69
1108,53	-8,31
1108,77	-1,31
1109,009	1,69
1109,249	18,69
1109,488	2,69
1109,728	-2,31
1109,967	-5,31
1110,206	-0,31
1110,446	8,69
1110,685	10,69
1110,925	10,69
1111,164	-4,31
1111,403	2,69
1111,643	-16,31
1111,882	-4,31
1112,121	10,69
1112,361	9,69
1112,6	7,69
1112,839	2,69
1113,079	0,69
1113,318	2,69
1113,557	13,69
1113,796	9,69
1114,036	4,69
1114,275	2,69
1114,514	1,69
1114,753	-9,31
1114,993	8,69
1115,232	-2,31
1115,471	-8,31
1115,71	2,69
1115,949	9,69
1116,188	1,69
1116,428	18,69
1116,667	0,69
1116,906	3,69
1117,145	-0,31
1117,384	0,69
1117,623	10,69
1117,862	-2,31
1118,101	5,69
1118,341	-2,31
1118,58	-3,31
1118,819	5,69
1119,058	9,69
1119,297	2,69
1119,536	0,69
1119,775	-4,31
1120,014	8,69
1120,253	6,69
1120,492	-3,31
1120,731	1,69
1120,97	11,69
1121,209	-5,31
1121,448	-4,31
1121,687	2,69
1121,926	5,69
1122,165	-5,31
1122,404	-6,31
1122,642	6,69
1122,881	8,69
1123,12	15,69
1123,359	7,69
1123,598	7,69
1123,837	3,69
1124,076	-3,31
1124,315	1,69
1124,553	7,69
1124,792	-0,31
1125,031	3,69
1125,27	-8,31
1125,509	-3,31
1125,747	7,69
1125,986	15,69
1126,225	0,69
