195,326	-729
195,597	-729
195,868	-729
196,139	-3
196,409	5
196,68	-3
196,951	8
197,221	-3
197,492	2
197,762	-8
198,033	-9
198,304	-6
198,574	13
198,845	-3
199,116	3
199,386	1
199,657	13
199,927	-8
200,198	-1
200,468	-3
200,739	8
201,009	-4
201,28	9
201,551	23
201,821	6
202,092	2
202,362	-2
202,633	-2
202,903	-1
203,174	-13
203,444	12
203,714	8
203,985	-4
204,255	-4
204,526	6
204,796	3
205,067	9
205,337	7
205,607	12
205,878	12
206,148	16
206,419	12
206,689	16
206,959	10
207,23	4
207,5	8
207,77	6
208,041	10
208,311	16
208,581	8
208,852	-5
209,122	0
209,392	3
209,663	27
209,933	11
210,203	7
210,473	4
210,744	0
211,014	3
211,284	0
211,554	-6
211,825	10
212,095	5
212,365	9
212,635	21
212,905	7
213,176	3
213,446	11
213,716	6
213,986	8
214,256	5
214,526	5
214,797	9
215,067	23
215,337	7
215,607	17
215,877	0
216,147	-3
216,417	6
216,687	2
216,957	6
217,227	8
217,497	1
217,767	-1
218,038	6
218,308	-2
218,578	9
218,848	6
219,118	6
219,388	4
219,658	12
219,928	12
220,198	7
220,468	16
220,737	8
221,007	-1
221,277	17
221,547	13
221,817	6
222,087	8
222,357	11
222,627	-3
222,897	3
223,167	19
223,437	0
223,707	12
223,976	11
224,246	13
224,516	-7
224,786	9
225,056	11
225,326	11
225,595	13
225,865	11
226,135	15
226,405	5
226,675	13
226,944	-3
227,214	8
227,484	11
227,754	0
228,023	6
228,293	19
228,563	-3
228,833	15
229,102	0
229,372	14
229,642	8
229,911	13
230,181	22
230,451	6
230,72	5
230,99	-2
231,26	16
231,529	15
231,799	4
232,069	5
232,338	9
232,608	7
232,877	1
233,147	6
233,417	13
233,686	18
233,956	13
234,225	6
234,495	14
234,764	2
235,034	28
235,304	17
235,573	15
235,843	17
236,112	8
236,382	12
236,651	2
236,921	6
237,19	3
237,46	-2
237,729	9
237,998	17
238,268	15
238,537	6
238,807	16
239,076	-3
239,346	14
239,615	18
239,884	9
240,154	1
240,423	-3
240,693	-3
240,962	10
241,231	6
241,501	-4
241,77	6
242,039	7
242,309	13
242,578	13
242,847	14
243,116	2
243,386	9
243,655	-4
243,924	5
244,194	10
244,463	15
244,732	5
245,001	12
245,271	11
245,54	16
245,809	-2
246,078	17
246,347	16
246,617	-6
246,886	4
247,155	16
247,424	-5
247,693	18
247,963	1
248,232	2
248,501	11
248,77	13
249,039	12
249,308	2
249,577	11
249,846	17
250,115	3
250,385	4
250,654	1
250,923	-4
251,192	1
251,461	8
251,73	10
251,999	4
252,268	19
252,537	4
252,806	6
253,075	10
253,344	2
253,613	5
253,882	0
254,151	3
254,42	16
254,689	16
254,958	9
255,227	-3
255,496	-4
255,765	4
256,033	10
256,302	-2
256,571	6
256,84	5
257,109	8
257,378	-5
257,647	-3
257,916	17
258,184	21
258,453	8
258,722	4
258,991	13
259,26	7
259,529	13
259,797	15
260,066	3
260,335	5
260,604	2
260,873	1
261,141	19
261,41	18
261,679	12
261,948	11
262,216	20
262,485	-3
262,754	2
263,022	6
263,291	0
263,56	5
263,829	6
264,097	18
264,366	4
264,635	3
264,903	5
265,172	-2
265,44	9
265,709	6
265,978	8
266,246	2
266,515	8
266,784	8
267,052	5
267,321	8
267,589	21
267,858	8
268,126	23
268,395	5
268,663	6
268,932	13
269,201	9
269,469	17
269,738	-1
270,006	6
270,275	8
270,543	4
270,811	-5
271,08	4
271,348	16
271,617	4
271,885	2
272,154	14
272,422	8
272,691	6
272,959	3
273,227	10
273,496	-3
273,764	3
274,033	16
274,301	-9
274,569	1
274,838	1
275,106	9
275,374	9
275,643	0
275,911	-1
276,179	9
276,448	15
276,716	8
276,984	0
277,252	-2
277,521	-3
277,789	6
278,057	14
278,325	6
278,594	7
278,862	11
279,13	-6
279,398	8
279,667	4
279,935	-5
280,203	2
280,471	23
280,739	9
281,008	9
281,276	14
281,544	8
281,812	14
282,08	11
282,348	9
282,616	5
282,884	5
283,153	6
283,421	5
283,689	5
283,957	0
284,225	16
284,493	14
284,761	11
285,029	18
285,297	6
285,565	8
285,833	7
286,101	12
286,369	11
286,637	10
286,905	9
287,173	17
287,441	1
287,709	9
287,977	1
288,245	3
288,513	4
288,781	1
289,049	19
289,317	5
289,585	11
289,853	21
290,12	16
290,388	-1
290,656	3
290,924	12
291,192	19
291,46	9
291,728	1
291,996	-7
292,263	2
292,531	3
292,799	8
293,067	10
293,335	8
293,602	0
293,87	11
294,138	-1
294,406	11
294,673	6
294,941	19
295,209	12
295,477	-5
295,744	-15
296,012	-4
296,28	4
296,548	10
296,815	12
297,083	-4
297,351	14
297,618	11
297,886	18
298,154	1
298,421	9
298,689	5
298,956	4
299,224	4
299,492	2
299,759	5
300,027	-6
300,294	6
300,562	2
300,83	8
301,097	14
301,365	17
301,632	-4
301,9	8
302,167	-4
302,435	4
302,702	6
302,97	4
303,237	5
303,505	7
303,772	7
304,04	9
304,307	7
304,575	3
304,842	5
305,11	23
305,377	10
305,645	2
305,912	2
306,179	2
306,447	0
306,714	4
306,982	-6
307,249	4
307,516	17
307,784	2
308,051	-7
308,318	4
308,586	-8
308,853	1
309,12	2
309,388	-1
309,655	16
309,922	-1
310,19	3
310,457	10
310,724	14
310,991	13
311,259	14
311,526	-1
311,793	1
312,06	4
312,328	-5
312,595	11
312,862	9
313,129	2
313,396	2
313,664	5
313,931	8
314,198	0
314,465	7
314,732	3
314,999	-2
315,266	3
315,534	3
315,801	0
316,068	4
316,335	-2
316,602	5
316,869	-2
317,136	8
317,403	9
317,67	23
317,937	15
318,204	14
318,471	7
318,738	8
319,005	-1
319,272	-2
319,539	5
319,806	13
320,073	4
320,34	16
320,607	3
320,874	0
321,141	-5
321,408	4
321,675	3
321,942	-4
322,209	6
322,476	8
322,743	-1
323,01	8
323,277	6
323,544	2
323,81	10
324,077	5
324,344	23
324,611	9
324,878	1
325,145	17
325,412	5
325,678	4
325,945	-8
326,212	-2
326,479	13
326,746	8
327,012	4
327,279	1
327,546	8
327,813	3
328,079	8
328,346	12
328,613	13
328,88	7
329,146	5
329,413	6
329,68	15
329,946	13
330,213	3
330,48	10
330,746	15
331,013	-3
331,28	12
331,546	12
331,813	2
332,08	8
332,346	11
332,613	2
332,879	16
333,146	8
333,413	16
333,679	4
333,946	12
334,212	1
334,479	14
334,745	-2
335,012	5
335,278	11
335,545	-3
335,811	13
336,078	4
336,344	7
336,611	10
336,877	7
337,144	5
337,41	5
337,677	3
337,943	8
338,21	7
338,476	6
338,742	10
339,009	2
339,275	1
339,542	13
339,808	21
340,074	2
340,341	6
340,607	3
340,873	4
341,14	-2
341,406	-1
341,672	16
341,939	4
342,205	15
342,471	21
342,738	-3
343,004	8
343,27	14
343,537	11
343,803	11
344,069	10
344,335	7
344,602	25
344,868	18
345,134	26
345,4	13
345,666	11
345,933	8
346,199	5
346,465	8
346,731	17
346,997	6
347,263	-4
347,53	16
347,796	8
348,062	2
348,328	16
348,594	5
348,86	9
349,126	8
349,392	3
349,659	7
349,925	20
350,191	18
350,457	11
350,723	17
350,989	6
351,255	4
351,521	7
351,787	1
352,053	-7
352,319	18
352,585	12
352,851	7
353,117	8
353,383	4
353,649	12
353,915	20
354,181	9
354,447	15
354,713	14
354,978	-2
355,244	4
355,51	13
355,776	10
356,042	7
356,308	6
356,574	10
356,84	-4
357,106	3
357,371	1
357,637	9
357,903	7
358,169	10
358,435	13
358,701	5
358,966	8
359,232	4
359,498	5
359,764	18
360,029	18
360,295	13
360,561	8
360,827	9
361,092	12
361,358	11
361,624	13
361,89	26
362,155	15
362,421	-8
362,687	3
362,952	7
363,218	12
363,484	11
363,749	16
364,015	14
364,281	-1
364,546	3
364,812	5
365,077	-13
365,343	-6
365,609	17
365,874	20
366,14	-3
366,405	6
366,671	13
366,936	11
367,202	16
367,467	4
367,733	10
367,999	8
368,264	11
368,53	7
368,795	17
369,061	12
369,326	-4
369,591	5
369,857	1
370,122	10
370,388	3
370,653	20
370,919	12
371,184	7
371,45	7
371,715	10
371,98	7
372,246	13
372,511	12
372,776	21
373,042	13
373,307	10
373,573	5
373,838	8
374,103	4
374,369	10
374,634	11
374,899	25
375,164	11
375,43	4
375,695	28
375,96	15
376,226	12
376,491	5
376,756	6
377,021	8
377,286	0
377,552	16
377,817	8
378,082	-1
378,347	10
378,613	3
378,878	17
379,143	12
379,408	11
379,673	7
379,938	12
380,203	7
380,469	10
380,734	7
380,999	5
381,264	17
381,529	2
381,794	16
382,059	-3
382,324	2
382,589	-1
382,854	17
383,119	10
383,385	13
383,65	1
383,915	11
384,18	20
384,445	6
384,71	20
384,975	8
385,24	7
385,505	7
385,77	7
386,034	5
386,299	5
386,564	12
386,829	15
387,094	19
387,359	15
387,624	6
387,889	23
388,154	15
388,419	20
388,684	19
388,949	5
389,213	19
389,478	24
389,743	11
390,008	10
390,273	15
390,538	7
390,802	13
391,067	15
391,332	14
391,597	12
391,862	18
392,126	8
392,391	12
392,656	9
392,921	8
393,185	25
393,45	19
393,715	20
393,979	25
394,244	24
394,509	24
394,774	18
395,038	14
395,303	17
395,568	25
395,832	8
396,097	12
396,361	22
396,626	25
396,891	15
397,155	13
397,42	16
397,685	22
397,949	18
398,214	16
398,478	22
398,743	26
399,007	23
399,272	17
399,536	13
399,801	28
400,066	26
400,33	20
400,595	11
400,859	21
401,124	19
401,388	38
401,652	26
401,917	35
402,181	26
402,446	19
402,71	24
402,975	27
403,239	29
403,504	28
403,768	22
404,032	41
404,297	25
404,561	34
404,826	18
405,09	19
405,354	25
405,619	30
405,883	27
406,147	36
406,412	21
406,676	34
406,94	51
407,205	28
407,469	27
407,733	43
407,997	35
408,262	46
408,526	42
408,79	47
409,054	46
409,319	55
409,583	48
409,847	42
410,111	39
410,375	67
410,64	53
410,904	50
411,168	61
411,432	61
411,696	56
411,96	51
412,225	78
412,489	67
412,753	65
413,017	88
413,281	85
413,545	76
413,809	81
414,073	91
414,337	74
414,602	84
414,866	86
415,13	98
415,394	103
415,658	99
415,922	107
416,186	104
416,45	114
416,714	135
416,978	108
417,242	137
417,506	121
417,77	131
418,034	144
418,298	133
418,562	139
418,825	135
419,089	144
419,353	155
419,617	160
419,881	161
420,145	162
420,409	164
420,673	178
420,937	181
421,2	181
421,464	188
421,728	202
421,992	220
422,256	211
422,52	216
422,783	232
423,047	241
423,311	244
423,575	243
423,839	251
424,102	261
424,366	270
424,63	278
424,894	295
425,157	311
425,421	319
425,685	300
425,949	312
426,212	343
426,476	339
426,74	333
427,003	366
427,267	370
427,531	378
427,794	404
428,058	393
428,322	401
428,585	418
428,849	454
429,112	464
429,376	464
429,64	481
429,903	491
430,167	496
430,43	543
430,694	560
430,957	562
431,221	585
431,485	609
431,748	599
432,012	617
432,275	636
432,539	677
432,802	682
433,066	702
433,329	706
433,593	761
433,856	749
434,119	773
434,383	792
434,646	795
434,91	813
435,173	853
435,437	882
435,7	892
435,963	918
436,227	944
436,49	963
436,753	974
437,017	983
437,28	1049
437,544	1114
437,807	1124
438,07	1089
438,334	1148
438,597	1168
438,86	1222
439,123	1242
439,387	1236
439,65	1296
439,913	1365
440,177	1325
440,44	1353
440,703	1439
440,966	1457
441,229	1472
441,493	1463
441,756	1563
442,019	1563
442,282	1563
442,545	1600
442,809	1667
443,072	1668
443,335	1734
443,598	1797
443,861	1787
444,124	1798
444,388	1894
444,651	1908
444,914	1913
445,177	1942
445,44	1929
445,703	1984
445,966	1999
446,229	2098
446,492	2093
446,755	2246
447,018	2200
447,281	2199
447,544	2248
447,807	2269
448,07	2370
448,333	2341
448,596	2375
448,859	2482
449,122	2566
449,385	2532
449,648	2584
449,911	2617
450,174	2690
450,437	2672
450,7	2698
450,963	2714
451,226	2818
451,489	2823
451,752	2937
452,015	2944
452,277	2909
452,54	3047
452,803	3060
453,066	3082
453,329	3131
453,592	3188
453,855	3128
454,117	3228
454,38	3207
454,643	3299
454,906	3343
455,169	3314
455,431	3342
455,694	3392
455,957	3383
456,22	3547
456,482	3379
456,745	3400
457,008	3506
457,271	3527
457,533	3525
457,796	3698
458,059	3576
458,321	3455
458,584	3563
458,847	3543
459,109	3480
459,372	3652
459,635	3516
459,897	3544
460,16	3588
460,423	3635
460,685	3524
460,948	3537
461,21	3513
461,473	3518
461,735	3429
461,998	3482
462,261	3398
462,523	3498
462,786	3437
463,048	3436
463,311	3419
463,573	3379
463,836	3316
464,098	3278
464,361	3203
464,623	3194
464,886	3156
465,148	3258
465,411	3214
465,673	3279
465,936	3239
466,198	3209
466,46	3120
466,723	3138
466,985	3087
467,248	3090
467,51	3082
467,772	3060
468,035	3035
468,297	3027
468,56	3017
468,822	2977
469,084	2978
469,347	2930
469,609	2971
469,871	2985
470,133	2909
470,396	2973
470,658	2920
470,92	2880
471,183	2945
471,445	2915
471,707	2953
471,969	2882
472,232	2846
472,494	2889
472,756	2881
473,018	2845
473,281	2917
473,543	2896
473,805	2835
474,067	2844
474,329	2859
474,591	2893
474,854	2895
475,116	2850
475,378	2813
475,64	2821
475,902	2811
476,164	2845
476,426	2817
476,688	2849
476,951	2815
477,213	2811
477,475	2769
477,737	2862
477,999	2851
478,261	2797
478,523	2844
478,785	2799
479,047	2803
479,309	2819
479,571	2844
479,833	2804
480,095	2841
480,357	2829
480,619	2815
480,881	2836
481,143	2780
481,405	2786
481,667	2794
481,929	2805
482,191	2773
482,452	2776
482,714	2798
482,976	2823
483,238	2863
483,5	2852
483,762	2809
484,024	2923
484,286	2878
484,547	2832
484,809	2826
485,071	2882
485,333	2872
485,595	2889
485,857	2921
486,118	2903
486,38	2897
486,642	2952
486,904	2912
487,165	2980
487,427	2958
487,689	2981
487,951	3015
488,212	3045
488,474	3056
488,736	3075
488,998	3084
489,259	3068
489,521	3038
489,783	3112
490,044	3137
490,306	3188
490,568	3228
490,829	3194
491,091	3187
491,353	3225
491,614	3246
491,876	3243
492,137	3253
492,399	3304
492,661	3298
492,922	3308
493,184	3379
493,445	3406
493,707	3384
493,968	3444
494,23	3440
494,491	3481
494,753	3483
495,014	3468
495,276	3527
495,537	3550
495,799	3567
496,06	3596
496,322	3625
496,583	3602
496,845	3601
497,106	3686
497,368	3688
497,629	3694
497,89	3776
498,152	3712
498,413	3768
498,675	3772
498,936	3749
499,197	3794
499,459	3836
499,72	3845
499,981	3923
500,243	3922
500,504	3953
500,765	3973
501,027	3974
501,288	3978
501,549	4037
501,811	4067
502,072	4085
502,333	4088
502,594	4149
502,856	4164
503,117	4185
503,378	4250
503,639	4236
503,901	4227
504,162	4281
504,423	4249
504,684	4289
504,945	4287
505,207	4370
505,468	4378
505,729	4367
505,99	4428
506,251	4423
506,512	4475
506,774	4530
507,035	4543
507,296	4571
507,557	4563
507,818	4543
508,079	4601
508,34	4621
508,601	4624
508,862	4666
509,123	4683
509,384	4742
509,645	4727
509,906	4808
510,167	4758
510,428	4823
510,689	4801
510,95	4830
511,211	4913
511,472	4884
511,733	4913
511,994	4943
512,255	4936
512,516	4951
512,777	4951
513,038	4932
513,299	5046
513,56	5058
513,821	5064
514,082	5061
514,343	5048
514,603	5101
514,864	5074
515,125	5158
515,386	5202
515,647	5158
515,908	5150
516,169	5227
516,429	5284
516,69	5287
516,951	5265
517,212	5276
517,473	5261
517,733	5264
517,994	5335
518,255	5293
518,516	5283
518,776	5332
519,037	5339
519,298	5363
519,559	5412
519,819	5426
520,08	5419
520,341	5463
520,601	5454
520,862	5491
521,123	5496
521,383	5527
521,644	5501
521,905	5491
522,165	5559
522,426	5574
522,686	5565
522,947	5596
523,208	5595
523,468	5574
523,729	5615
523,989	5659
524,25	5630
524,51	5687
524,771	5683
525,032	5743
525,292	5727
525,553	5715
525,813	5768
526,074	5743
526,334	5748
526,595	5832
526,855	5809
527,116	5835
527,376	5837
527,636	5796
527,897	5809
528,157	5825
528,418	5901
528,678	5819
528,939	5835
529,199	5890
529,459	5894
529,72	5887
529,98	5912
530,24	5866
530,501	5915
530,761	5865
531,022	5943
531,282	5932
531,542	6014
531,803	5914
532,063	5912
532,323	5988
532,583	5968
532,844	5975
533,104	5981
533,364	6076
533,624	6013
533,885	5981
534,145	6007
534,405	6005
534,665	6105
534,926	6075
535,186	6041
535,446	6086
535,706	6053
535,966	6052
536,227	6059
536,487	6008
536,747	6069
537,007	6069
537,267	6094
537,527	6133
537,787	6094
538,048	6082
538,308	6076
538,568	6183
538,828	6195
539,088	6176
539,348	6160
539,608	6120
539,868	6188
540,128	6202
540,388	6149
540,648	6170
540,908	6196
541,168	6205
541,428	6252
541,688	6193
541,948	6217
542,208	6255
542,468	6248
542,728	6264
542,988	6309
543,248	6262
543,508	6235
543,768	6231
544,028	6272
544,288	6232
544,548	6301
544,807	6316
545,067	6305
545,327	6331
545,587	6340
545,847	6343
546,107	6414
546,367	6362
546,626	6386
546,886	6391
547,146	6408
547,406	6425
547,666	6460
547,925	6460
548,185	6470
548,445	6519
548,705	6433
548,965	6507
549,224	6469
549,484	6509
549,744	6537
550,003	6535
550,263	6524
550,523	6447
550,783	6539
551,042	6509
551,302	6629
551,562	6593
551,821	6553
552,081	6588
552,341	6629
552,6	6601
552,86	6594
553,119	6578
553,379	6617
553,639	6665
553,898	6696
554,158	6667
554,417	6741
554,677	6660
554,936	6687
555,196	6688
555,456	6741
555,715	6762
555,975	6765
556,234	6709
556,494	6773
556,753	6746
557,013	6787
557,272	6804
557,532	6875
557,791	6791
558,051	6824
558,31	6880
558,569	6876
558,829	6900
559,088	6960
559,348	6944
559,607	7008
559,866	6947
560,126	7048
560,385	6932
560,645	7011
560,904	7002
561,163	7015
561,423	7025
561,682	7046
561,941	7066
562,201	7107
562,46	7159
562,719	7044
562,979	7155
563,238	7128
563,497	7130
563,756	7176
564,016	7173
564,275	7255
564,534	7201
564,793	7152
565,053	7209
565,312	7323
565,571	7257
565,83	7264
566,089	7249
566,349	7257
566,608	7260
566,867	7295
567,126	7289
567,385	7340
567,644	7367
567,903	7257
568,163	7363
568,422	7322
568,681	7407
568,94	7389
569,199	7343
569,458	7464
569,717	7413
569,976	7487
570,235	7410
570,494	7458
570,753	7435
571,012	7533
571,271	7437
571,53	7487
571,789	7483
572,048	7519
572,307	7563
572,566	7525
572,825	7515
573,084	7528
573,343	7509
573,602	7631
573,861	7536
574,12	7648
574,379	7578
574,638	7605
574,897	7630
575,156	7666
575,414	7634
575,673	7651
575,932	7589
576,191	7643
576,45	7693
576,709	7618
576,968	7569
577,226	7617
577,485	7723
577,744	7727
578,003	7775
578,262	7684
578,52	7668
578,779	7705
579,038	7655
579,297	7693
579,555	7660
579,814	7694
580,073	7674
580,332	7697
580,59	7698
580,849	7692
581,108	7700
581,366	7749
581,625	7708
581,884	7712
582,142	7730
582,401	7743
582,66	7805
582,918	7760
583,177	7755
583,436	7707
583,694	7747
583,953	7717
584,211	7723
584,47	7795
584,728	7747
584,987	7673
585,246	7727
585,504	7661
585,763	7743
586,021	7745
586,28	7659
586,538	7722
586,797	7685
587,055	7646
587,314	7750
587,572	7715
587,831	7707
588,089	7699
588,348	7680
588,606	7589
588,864	7655
589,123	7651
589,381	7666
589,64	7601
589,898	7667
590,157	7622
590,415	7611
590,673	7637
590,932	7613
591,19	7567
591,448	7618
591,707	7551
591,965	7556
592,223	7576
592,482	7556
592,74	7499
592,998	7553
593,257	7502
593,515	7502
593,773	7547
594,031	7473
594,29	7432
594,548	7474
594,806	7484
595,064	7452
595,323	7384
595,581	7385
595,839	7372
596,097	7367
596,355	7331
596,613	7333
596,872	7354
597,13	7358
597,388	7300
597,646	7335
597,904	7280
598,162	7236
598,42	7238
598,679	7223
598,937	7189
599,195	7139
599,453	7207
599,711	7185
599,969	7182
600,227	7104
600,485	7071
600,743	7016
601,001	7086
601,259	7068
601,517	7101
601,775	7027
602,033	7062
602,291	7032
602,549	6869
602,807	6990
603,065	6876
603,323	6912
603,581	6910
603,839	6890
604,097	6836
604,355	6829
604,613	6792
604,871	6773
605,128	6778
605,386	6709
605,644	6763
605,902	6752
606,16	6712
606,418	6699
606,676	6619
606,933	6605
607,191	6651
607,449	6615
607,707	6557
607,965	6567
608,223	6517
608,48	6490
608,738	6547
608,996	6485
609,254	6444
609,511	6410
609,769	6396
610,027	6342
610,285	6312
610,542	6319
610,8	6316
611,058	6397
611,315	6273
611,573	6248
611,831	6212
612,088	6176
612,346	6174
612,604	6223
612,861	6139
613,119	6169
613,376	6146
613,634	6043
613,892	6088
614,149	6079
614,407	6065
614,664	5946
614,922	6009
615,18	5987
615,437	5921
615,695	5948
615,952	5954
616,21	5917
616,467	5850
616,725	5905
616,982	5843
617,24	5839
617,497	5844
617,755	5768
618,012	5709
618,27	5747
618,527	5712
618,784	5692
619,042	5567
619,299	5573
619,557	5607
619,814	5542
620,071	5574
620,329	5501
620,586	5533
620,844	5524
621,101	5454
621,358	5440
621,616	5446
621,873	5413
622,13	5381
622,388	5363
622,645	5355
622,902	5272
623,159	5274
623,417	5264
623,674	5261
623,931	5236
624,188	5236
624,446	5174
624,703	5181
624,96	5204
625,217	5099
625,475	5061
625,732	5115
625,989	5029
626,246	5021
626,503	4992
626,761	5025
627,018	4915
627,275	4914
627,532	4887
627,789	4901
628,046	4863
628,303	4829
628,56	4800
628,818	4803
629,075	4797
629,332	4728
629,589	4716
629,846	4719
630,103	4651
630,36	4645
630,617	4603
630,874	4553
631,131	4570
631,388	4517
631,645	4551
631,902	4528
632,159	4443
632,416	4437
632,673	4427
632,93	4413
633,187	4364
633,444	4336
633,701	4343
633,958	4331
634,215	4278
634,471	4253
634,728	4191
634,985	4227
635,242	4185
635,499	4163
635,756	4123
636,013	4114
636,27	4077
636,526	4080
636,783	4001
637,04	3968
637,297	3938
637,554	3943
637,81	3954
638,067	3860
638,324	3865
638,581	3848
638,838	3814
639,094	3825
639,351	3797
639,608	3809
639,864	3737
640,121	3739
640,378	3696
640,635	3705
640,891	3683
641,148	3592
641,405	3566
641,661	3569
641,918	3532
642,175	3501
642,431	3493
642,688	3496
642,944	3461
643,201	3442
643,458	3401
643,714	3351
643,971	3277
644,227	3304
644,484	3355
644,741	3324
644,997	3304
645,254	3233
645,51	3250
645,767	3218
646,023	3210
646,28	3188
646,536	3143
646,793	3122
647,049	3066
647,306	3100
647,562	3053
647,819	3026
648,075	3038
648,331	2986
648,588	3011
648,844	3000
649,101	2942
649,357	2925
649,613	2898
649,87	2872
650,126	2844
650,383	2849
650,639	2799
650,895	2838
651,152	2731
651,408	2728
651,664	2682
651,921	2664
652,177	2669
652,433	2649
652,689	2656
652,946	2613
653,202	2618
653,458	2588
653,715	2579
653,971	2552
654,227	2522
654,483	2505
654,739	2502
654,996	2439
655,252	2435
655,508	2437
655,764	2404
656,02	2413
656,277	2392
656,533	2338
656,789	2338
657,045	2312
657,301	2279
657,557	2292
657,813	2264
658,07	2214
658,326	2220
658,582	2165
658,838	2184
659,094	2152
659,35	2107
659,606	2147
659,862	2123
660,118	2067
660,374	2092
660,63	2074
660,886	2012
661,142	2032
661,398	1995
661,654	2033
661,91	1983
662,166	1947
662,422	1976
662,678	1931
662,934	1939
663,19	1886
663,446	1867
663,702	1860
663,957	1843
664,213	1854
664,469	1858
664,725	1825
664,981	1794
665,237	1789
665,493	1767
665,749	1736
666,004	1700
666,26	1732
666,516	1689
666,772	1725
667,028	1678
667,283	1673
667,539	1649
667,795	1654
668,051	1632
668,307	1620
668,562	1578
668,818	1600
669,074	1551
669,329	1535
669,585	1537
669,841	1545
670,097	1496
670,352	1505
670,608	1497
670,864	1466
671,119	1456
671,375	1447
671,631	1472
671,886	1412
672,142	1394
672,397	1435
672,653	1370
672,909	1357
673,164	1367
673,42	1348
673,675	1354
673,931	1332
674,186	1312
674,442	1277
674,698	1306
674,953	1261
675,209	1267
675,464	1265
675,72	1240
675,975	1251
676,231	1208
676,486	1187
676,742	1221
676,997	1194
677,252	1210
677,508	1184
677,763	1161
678,019	1167
678,274	1164
678,53	1137
678,785	1123
679,04	1124
679,296	1109
679,551	1099
679,806	1084
680,062	1098
680,317	1059
680,572	1033
680,828	1029
681,083	1041
681,338	1032
681,594	1016
681,849	1043
682,104	1011
682,36	1004
682,615	1035
682,87	995
683,125	976
683,381	956
683,636	966
683,891	951
684,146	938
684,401	924
684,657	919
684,912	928
685,167	909
685,422	902
685,677	927
685,932	896
686,188	876
686,443	873
686,698	869
686,953	865
687,208	855
687,463	848
687,718	857
687,973	810
688,228	805
688,483	814
688,739	807
688,994	810
689,249	801
689,504	782
689,759	771
690,014	785
690,269	773
690,524	769
690,779	769
691,034	746
691,289	757
691,544	743
691,798	725
692,053	715
692,308	728
692,563	707
692,818	712
693,073	699
693,328	686
693,583	703
693,838	692
694,093	669
694,347	673
694,602	646
694,857	670
695,112	643
695,367	624
695,622	631
695,876	617
696,131	640
696,386	623
696,641	610
696,896	600
697,15	616
697,405	582
697,66	595
697,915	585
698,169	573
698,424	583
698,679	579
698,933	573
699,188	560
699,443	540
699,698	563
699,952	554
700,207	531
700,461	537
700,716	525
700,971	515
701,225	496
701,48	510
701,735	500
701,989	491
702,244	494
702,498	509
702,753	500
703,007	502
703,262	486
703,517	482
703,771	476
704,026	464
704,28	487
704,535	483
704,789	445
705,044	463
705,298	439
705,553	452
705,807	428
706,062	434
706,316	446
706,57	423
706,825	414
707,079	424
707,334	402
707,588	401
707,842	410
708,097	394
708,351	391
708,606	392
708,86	396
709,114	389
709,369	391
709,623	361
709,877	377
710,132	373
710,386	379
710,64	372
710,895	370
711,149	366
711,403	373
711,657	353
711,912	352
712,166	362
712,42	340
712,674	338
712,928	328
713,183	340
713,437	345
713,691	322
713,945	318
714,199	336
714,454	326
714,708	328
714,962	300
715,216	311
715,47	290
715,724	311
715,978	299
716,233	297
716,487	299
716,741	300
716,995	298
717,249	299
717,503	269
717,757	277
718,011	288
718,265	269
718,519	274
718,773	264
719,027	290
719,281	269
719,535	272
719,789	260
720,043	262
720,297	259
720,551	265
720,805	267
721,059	249
721,313	248
721,567	243
721,821	240
722,074	248
722,328	240
722,582	215
722,836	251
723,09	228
723,344	217
723,598	228
723,851	215
724,105	201
724,359	228
724,613	225
724,867	218
725,121	217
725,374	210
725,628	216
725,882	208
726,136	195
726,389	196
726,643	208
726,897	199
727,151	198
727,404	207
727,658	205
727,912	191
728,165	203
728,419	189
728,673	189
728,926	169
729,18	186
729,434	164
729,687	169
729,941	179
730,195	187
730,448	178
730,702	165
730,955	169
731,209	167
731,462	164
731,716	169
731,97	175
732,223	163
732,477	156
732,73	159
732,984	153
733,237	160
733,491	162
733,744	150
733,998	168
734,251	154
734,505	145
734,758	156
735,012	143
735,265	146
735,518	151
735,772	154
736,025	148
736,279	130
736,532	124
736,785	141
737,039	131
737,292	136
737,546	122
737,799	125
738,052	128
738,306	136
738,559	120
738,812	130
739,066	125
739,319	117
739,572	119
739,825	140
740,079	108
740,332	115
740,585	123
740,838	115
741,092	109
741,345	112
741,598	110
741,851	103
742,104	116
742,358	108
742,611	109
742,864	117
743,117	109
743,37	104
743,623	103
743,877	98
744,13	107
744,383	108
744,636	93
744,889	87
745,142	85
745,395	99
745,648	83
745,901	97
746,154	94
746,408	93
746,661	90
746,914	89
747,167	85
747,42	87
747,673	92
747,926	85
748,179	93
748,432	85
748,685	84
748,938	94
749,19	88
749,443	91
749,696	92
749,949	77
750,202	73
750,455	73
750,708	72
750,961	75
751,214	69
751,467	73
751,719	75
751,972	74
752,225	78
752,478	84
752,731	71
752,984	77
753,236	75
753,489	70
753,742	74
753,995	79
754,248	68
754,5	77
754,753	67
755,006	62
755,259	62
755,511	69
755,764	67
756,017	74
756,269	72
756,522	67
756,775	70
757,027	65
757,28	62
757,533	60
757,785	55
758,038	57
758,291	60
758,543	74
758,796	60
759,049	52
759,301	61
759,554	61
759,806	64
760,059	52
760,311	60
760,564	59
760,817	54
761,069	53
761,322	51
761,574	44
761,827	58
762,079	53
762,332	57
762,584	60
762,837	43
763,089	52
763,341	52
763,594	57
763,846	55
764,099	47
764,351	45
764,604	40
764,856	47
765,108	49
765,361	43
765,613	38
765,865	36
766,118	31
766,37	53
766,623	45
766,875	32
767,127	48
767,379	49
767,632	44
767,884	53
768,136	39
768,389	31
768,641	27
768,893	28
769,145	41
769,398	47
769,65	41
769,902	29
770,154	35
770,406	48
770,659	35
770,911	30
771,163	33
771,415	49
771,667	42
771,919	42
772,172	38
772,424	39
772,676	39
772,928	40
773,18	40
773,432	22
773,684	34
773,936	43
774,188	41
774,44	37
774,693	36
774,945	25
775,197	17
775,449	27
775,701	37
775,953	40
776,205	39
776,457	30
776,709	32
776,961	46
777,213	33
777,464	33
777,716	30
777,968	29
778,22	32
778,472	31
778,724	35
778,976	34
779,228	40
779,48	30
779,732	38
779,984	36
780,235	17
780,487	37
780,739	34
780,991	26
781,243	42
781,494	25
781,746	27
781,998	19
782,25	28
782,502	29
782,753	17
783,005	34
783,257	28
783,509	20
783,76	29
784,012	17
784,264	29
784,515	29
784,767	31
785,019	24
785,271	24
785,522	21
785,774	30
786,026	12
786,277	29
786,529	24
786,78	31
787,032	16
787,284	26
787,535	37
787,787	21
788,038	12
788,29	20
788,541	17
788,793	19
789,045	29
789,296	21
789,548	26
789,799	21
790,051	9
790,302	24
790,554	23
790,805	25
791,057	14
791,308	20
791,559	11
791,811	23
792,062	28
792,314	10
792,565	34
792,817	28
793,068	17
793,319	19
793,571	17
793,822	20
794,073	37
794,325	32
794,576	29
794,827	20
795,079	10
795,33	21
795,581	16
795,833	10
796,084	17
796,335	15
796,587	15
796,838	34
797,089	31
797,34	16
797,592	13
797,843	15
798,094	16
798,345	16
798,596	7
798,848	23
799,099	8
799,35	19
799,601	16
799,852	20
800,103	16
800,355	19
800,606	16
800,857	6
801,108	17
801,359	5
801,61	13
801,861	3
802,112	11
802,363	19
802,614	28
802,865	10
803,116	13
803,367	10
803,618	14
803,869	19
804,12	21
804,371	17
804,622	5
804,873	17
805,124	8
805,375	9
805,626	11
805,877	11
806,128	17
806,379	19
806,63	6
806,881	4
807,132	16
807,383	16
807,634	10
807,884	28
808,135	11
808,386	11
808,637	31
808,888	8
809,139	17
809,389	4
809,64	9
809,891	11
810,142	7
810,393	6
810,643	9
810,894	0
811,145	11
811,396	20
811,646	13
811,897	13
812,148	31
812,398	24
812,649	7
812,9	6
813,151	6
813,401	1
813,652	17
813,902	12
814,153	8
814,404	13
814,654	8
814,905	9
815,156	19
815,406	8
815,657	5
815,907	10
816,158	16
816,408	12
816,659	13
816,91	6
817,16	9
817,411	12
817,661	14
817,912	13
818,162	15
818,413	1
818,663	17
818,914	23
819,164	11
819,414	9
819,665	13
819,915	11
820,166	9
820,416	19
820,667	10
820,917	4
821,167	10
821,418	19
821,668	14
821,918	10
822,169	23
822,419	7
822,67	7
822,92	-3
823,17	2
823,42	12
823,671	14
823,921	-1
824,171	-1
824,422	20
824,672	14
824,922	5
825,172	12
825,423	8
825,673	17
825,923	6
826,173	-2
826,423	-1
826,674	7
826,924	1
827,174	9
827,424	5
827,674	14
827,924	10
828,175	10
828,425	19
828,675	23
828,925	8
829,175	11
829,425	7
829,675	8
829,925	8
830,175	-4
830,425	7
830,675	7
830,925	-3
831,175	0
831,425	5
831,676	14
831,926	7
832,175	5
832,425	14
832,675	-9
832,925	5
833,175	12
833,425	9
833,675	9
833,925	0
834,175	13
834,425	11
834,675	7
834,925	19
835,175	7
835,425	15
835,674	4
835,924	3
836,174	11
836,424	6
836,674	7
836,924	3
837,173	6
837,423	5
837,673	10
837,923	7
838,173	23
838,422	18
838,672	14
838,922	8
839,172	2
839,421	6
839,671	-3
839,921	11
840,17	19
840,42	17
840,67	14
840,919	14
841,169	12
841,419	2
841,668	5
841,918	1
842,168	2
842,417	15
842,667	15
842,916	-4
843,166	15
843,416	13
843,665	11
843,915	6
844,164	3
844,414	13
844,663	-3
844,913	10
845,162	14
845,412	15
845,662	9
845,911	-1
846,16	7
846,41	7
846,659	-2
846,909	17
847,158	17
847,408	23
847,657	17
847,907	6
848,156	13
848,405	17
848,655	15
848,904	6
849,154	1
849,403	4
849,652	6
849,902	-5
850,151	7
850,4	0
850,65	5
850,899	1
851,148	11
851,398	13
851,647	0
851,896	8
852,145	10
852,395	3
852,644	4
852,893	11
853,142	16
853,392	9
853,641	8
853,89	7
854,139	5
854,388	-5
854,637	-5
854,887	-3
855,136	9
855,385	2
855,634	11
855,883	10
856,132	8
856,381	7
856,631	15
856,88	4
857,129	7
857,378	3
857,627	5
857,876	10
858,125	8
858,374	3
858,623	8
858,872	-7
859,121	8
859,37	12
859,619	4
859,868	3
860,117	9
860,366	7
860,615	0
860,864	-1
861,113	3
861,362	8
861,611	10
861,86	0
862,108	-2
862,357	14
862,606	1
862,855	10
863,104	8
863,353	4
863,602	15
863,851	15
864,099	1
864,348	12
864,597	5
864,846	2
865,095	12
865,343	6
865,592	11
865,841	16
866,09	-1
866,338	20
866,587	7
866,836	11
867,085	10
867,333	1
867,582	13
867,831	21
868,079	8
868,328	7
868,577	1
868,825	10
869,074	10
869,323	-1
869,571	7
869,82	6
870,068	8
870,317	-4
870,566	5
870,814	9
871,063	9
871,311	8
871,56	9
871,808	11
872,057	-2
872,306	13
872,554	5
872,803	10
873,051	-3
873,3	-3
873,548	8
873,797	3
874,045	15
874,293	2
874,542	0
874,79	4
875,039	7
875,287	12
875,536	7
875,784	-2
876,032	-1
876,281	6
876,529	5
876,777	21
877,026	-1
877,274	13
877,523	11
877,771	7
878,019	1
878,267	27
878,516	11
878,764	14
879,012	7
879,261	4
879,509	8
879,757	12
880,005	3
880,254	15
880,502	11
880,75	0
880,998	13
881,246	4
881,495	6
881,743	8
881,991	3
882,239	3
882,487	4
882,735	9
882,984	14
883,232	10
883,48	-2
883,728	7
883,976	-2
884,224	15
884,472	12
884,72	15
884,968	12
885,216	15
885,464	6
885,712	19
885,96	13
886,208	15
886,457	10
886,704	7
886,952	0
887,2	0
887,448	11
887,696	7
887,944	9
888,192	19
888,44	2
888,688	5
888,936	16
889,184	15
889,432	19
889,68	15
889,928	13
890,175	8
890,423	2
890,671	1
890,919	-3
891,167	4
891,415	3
891,663	1
891,91	8
892,158	15
892,406	19
892,654	11
892,901	7
893,149	3
893,397	5
893,645	3
893,892	12
894,14	-1
894,388	5
894,636	6
894,883	-2
895,131	5
895,379	11
895,626	-1
895,874	2
896,122	-2
896,369	5
896,617	8
896,864	14
897,112	16
897,36	4
897,607	4
897,855	10
898,102	14
898,35	3
898,598	9
898,845	-2
899,093	8
899,34	5
899,588	21
899,835	0
900,083	1
900,33	1
900,578	15
900,825	-4
901,073	9
901,32	8
901,568	-3
901,815	13
902,062	13
902,31	2
902,557	-4
902,805	2
903,052	8
903,299	8
903,547	12
903,794	0
904,042	1
904,289	0
904,536	12
904,784	4
905,031	5
905,278	8
905,525	6
905,773	1
906,02	19
906,267	-6
906,515	3
906,762	-5
907,009	-4
907,256	-3
907,504	8
907,751	0
907,998	-4
908,245	5
908,492	9
908,74	7
908,987	8
909,234	0
909,481	18
909,728	13
909,975	-2
910,222	-3
910,47	7
910,717	9
910,964	4
911,211	1
911,458	9
911,705	5
911,952	7
912,199	3
912,446	13
912,693	2
912,94	-1
913,187	2
913,434	1
913,681	11
913,928	18
914,175	22
914,422	26
914,669	-5
914,916	8
915,163	5
915,41	7
915,657	10
915,904	1
916,151	12
916,398	4
916,644	0
916,891	0
917,138	7
917,385	-4
917,632	14
917,879	8
918,126	9
918,372	4
918,619	9
918,866	11
919,113	5
919,36	-1
919,606	10
919,853	7
920,1	15
920,347	10
920,593	14
920,84	10
921,087	15
921,334	8
921,58	1
921,827	2
922,074	10
922,32	11
922,567	1
922,814	11
923,06	9
923,307	-3
923,554	7
923,8	9
924,047	9
924,293	7
924,54	-1
924,787	-2
925,033	-6
925,28	4
925,526	12
925,773	12
926,019	4
926,266	1
926,512	2
926,759	5
927,005	11
927,252	14
927,498	13
927,745	8
927,991	13
928,238	5
928,484	5
928,731	12
928,977	5
929,223	7
929,47	12
929,716	4
929,963	-1
930,209	5
930,455	4
930,702	3
930,948	18
931,194	8
931,441	-3
931,687	-5
931,933	0
932,18	7
932,426	7
932,672	9
932,919	3
933,165	4
933,411	-2
933,657	13
933,904	1
934,15	-3
934,396	11
934,642	-1
934,889	12
935,135	8
935,381	16
935,627	12
935,873	14
936,119	4
936,366	12
936,612	5
936,858	12
937,104	8
937,35	2
937,596	8
937,842	5
938,088	-2
938,334	3
938,58	9
938,827	8
939,073	5
939,319	-4
939,565	2
939,811	3
940,057	12
940,303	14
940,549	14
940,795	11
941,041	5
941,287	-6
941,533	-9
941,778	8
942,024	13
942,27	-3
942,516	8
942,762	19
943,008	10
943,254	-3
943,5	9
943,746	17
943,992	-12
944,237	4
944,483	10
944,729	6
944,975	5
945,221	9
945,467	5
945,712	3
945,958	11
946,204	11
946,45	9
946,695	8
946,941	9
947,187	-2
947,433	-7
947,678	-13
947,924	8
948,17	5
948,415	15
948,661	4
948,907	-1
949,153	12
949,398	13
949,644	1
949,889	4
950,135	8
950,381	5
950,626	9
950,872	16
951,118	7
951,363	4
951,609	5
951,854	11
952,1	13
952,345	4
952,591	3
952,836	1
953,082	2
953,327	8
953,573	16
953,818	6
954,064	5
954,309	9
954,555	3
954,8	10
955,046	4
955,291	7
955,537	5
955,782	-4
956,027	12
956,273	10
956,518	17
956,764	1
957,009	2
957,254	4
957,5	12
957,745	6
957,99	5
958,236	2
958,481	-4
958,726	5
958,972	13
959,217	13
959,462	6
959,707	15
959,953	4
960,198	-4
960,443	-1
960,688	5
960,934	10
961,179	12
961,424	4
961,669	8
961,914	7
962,16	0
962,405	4
962,65	8
962,895	-6
963,14	-5
963,385	-3
963,63	4
963,876	9
964,121	11
964,366	4
964,611	10
964,856	3
965,101	7
965,346	4
965,591	11
965,836	20
966,081	14
966,326	3
966,571	12
966,816	3
967,061	0
967,306	8
967,551	-1
967,796	3
968,041	17
968,286	2
968,531	12
968,776	4
969,021	9
969,266	-15
969,511	-1
969,755	-7
970	0
970,245	8
970,49	10
970,735	-8
970,98	-5
971,225	11
971,469	3
971,714	15
971,959	2
972,204	3
972,449	12
972,693	13
972,938	-7
973,183	3
973,428	3
973,672	8
973,917	7
974,162	2
974,407	-3
974,651	16
974,896	8
975,141	-4
975,385	3
975,63	5
975,875	-7
976,119	3
976,364	12
976,608	8
976,853	4
977,098	7
977,342	-7
977,587	9
977,831	3
978,076	7
978,321	5
978,565	8
978,81	7
979,054	8
979,299	19
979,543	-2
979,788	3
980,032	11
980,277	3
980,521	5
980,766	1
981,01	0
981,255	2
981,499	4
981,743	-12
981,988	11
982,232	1
982,477	7
982,721	-3
982,965	-2
983,21	8
983,454	3
983,699	7
983,943	6
984,187	1
984,432	17
984,676	13
984,92	-4
985,165	-1
985,409	-1
985,653	-3
985,897	10
986,142	5
986,386	2
986,63	1
986,874	-1
987,119	2
987,363	8
987,607	-6
987,851	0
988,095	1
988,34	-3
988,584	0
988,828	2
989,072	-1
989,316	5
989,56	2
989,804	9
990,049	4
990,293	0
990,537	-1
990,781	-1
991,025	5
991,269	11
991,513	1
991,757	1
992,001	-1
992,245	7
992,489	-1
992,733	10
992,977	4
993,221	11
993,465	1
993,709	5
993,953	7
994,197	3
994,441	7
994,685	4
994,929	6
995,173	1
995,417	1
995,661	-3
995,904	13
996,148	7
996,392	12
996,636	1
996,88	-4
997,124	12
997,368	-7
997,611	-4
997,855	9
998,099	12
998,343	1
998,587	8
998,83	5
999,074	-1
999,318	-4
999,562	1
999,805	1
1000,049	-14
1000,293	12
1000,537	5
1000,78	2
1001,024	8
1001,268	15
1001,511	2
1001,755	13
1001,999	20
1002,242	12
1002,486	9
1002,73	-3
1002,973	3
1003,217	3
1003,46	4
1003,704	5
1003,948	0
1004,191	12
1004,435	-3
1004,678	-2
1004,922	-8
1005,165	12
1005,409	12
1005,652	-1
1005,896	15
1006,139	8
1006,383	11
1006,626	-7
1006,87	7
1007,113	6
1007,357	0
1007,6	0
1007,844	-1
1008,087	5
1008,33	1
1008,574	4
1008,817	5
1009,061	1
1009,304	-9
1009,547	1
1009,791	-2
1010,034	2
1010,277	11
1010,521	6
1010,764	11
1011,007	-3
1011,251	-9
1011,494	2
1011,737	1
1011,98	-9
1012,224	7
1012,467	-12
1012,71	-1
1012,953	6
1013,197	1
1013,44	9
1013,683	-3
1013,926	13
1014,169	14
1014,413	2
1014,656	3
1014,899	7
1015,142	3
1015,385	-3
1015,628	-9
1015,871	-1
1016,115	7
1016,358	-6
1016,601	11
1016,844	-3
1017,087	4
1017,33	3
1017,573	3
1017,816	0
1018,059	12
1018,302	11
1018,545	-1
1018,788	1
1019,031	-5
1019,274	6
1019,517	9
1019,76	8
1020,003	-3
1020,246	-8
1020,489	7
1020,732	-2
1020,975	2
1021,218	8
1021,461	-4
1021,703	0
1021,946	-3
1022,189	19
1022,432	-1
1022,675	-3
1022,918	7
1023,161	4
1023,403	3
1023,646	2
1023,889	10
1024,132	-4
1024,375	5
1024,617	3
1024,86	-1
1025,103	13
1025,346	5
1025,588	3
1025,831	3
1026,074	-7
1026,317	6
1026,559	-4
1026,802	13
1027,045	8
1027,287	3
1027,53	7
1027,773	21
1028,015	5
1028,258	-4
1028,501	15
1028,743	-6
1028,986	-2
1029,228	-3
1029,471	0
1029,714	-4
1029,956	-5
1030,199	-3
1030,441	2
1030,684	5
1030,926	-1
1031,169	3
1031,411	8
1031,654	11
1031,896	-12
1032,139	-6
1032,381	1
1032,624	15
1032,866	2
1033,109	-15
1033,351	0
1033,594	10
1033,836	0
1034,079	-2
1034,321	6
1034,563	10
1034,806	4
1035,048	-12
1035,29	7
1035,533	11
1035,775	8
1036,018	14
1036,26	10
1036,502	8
1036,744	-4
1036,987	-3
1037,229	-5
1037,471	9
1037,714	3
1037,956	0
1038,198	6
1038,44	-4
1038,683	0
1038,925	5
1039,167	8
1039,409	-3
1039,651	1
1039,894	4
1040,136	-6
1040,378	-2
1040,62	-11
1040,862	10
1041,104	-4
1041,347	-7
1041,589	-3
1041,831	6
1042,073	1
1042,315	6
1042,557	12
1042,799	4
1043,041	0
1043,283	17
1043,525	11
1043,767	-2
1044,009	6
1044,251	13
1044,493	11
1044,735	9
1044,977	2
1045,219	6
1045,461	5
1045,703	9
1045,945	-12
1046,187	8
1046,429	8
1046,671	6
1046,913	1
1047,155	7
1047,397	4
1047,639	4
1047,881	-5
1048,122	2
1048,364	5
1048,606	0
1048,848	7
1049,09	-3
1049,332	-4
1049,573	-2
1049,815	3
1050,057	1
1050,299	2
1050,541	-5
1050,782	9
1051,024	5
1051,266	-1
1051,508	-6
1051,749	7
1051,991	-5
1052,233	8
1052,474	12
1052,716	3
1052,958	-9
1053,199	-5
1053,441	7
1053,683	5
1053,924	10
1054,166	3
1054,408	0
1054,649	5
1054,891	8
1055,132	10
1055,374	4
1055,616	3
1055,857	6
1056,099	-2
1056,34	1
1056,582	9
1056,823	3
1057,065	10
1057,306	1
1057,548	5
1057,789	2
1058,031	5
1058,272	6
1058,514	1
1058,755	-4
1058,997	-6
1059,238	-3
1059,479	14
1059,721	9
1059,962	-3
1060,204	-4
1060,445	11
1060,686	2
1060,928	2
1061,169	1
1061,41	4
1061,652	-1
1061,893	-2
1062,134	-1
1062,376	-4
1062,617	8
1062,858	11
1063,1	-4
1063,341	-3
1063,582	-1
1063,823	-2
1064,065	1
1064,306	3
1064,547	6
1064,788	3
1065,029	5
1065,271	3
1065,512	11
1065,753	1
1065,994	11
1066,235	-4
1066,476	1
1066,718	-10
1066,959	2
1067,2	11
1067,441	8
1067,682	-5
1067,923	-10
1068,164	-6
1068,405	1
1068,646	2
1068,887	7
1069,128	-2
1069,369	-2
1069,61	2
1069,851	8
1070,092	2
1070,333	7
1070,574	-1
1070,815	1
1071,056	17
1071,297	7
1071,538	1
1071,779	4
1072,02	1
1072,261	7
1072,502	7
1072,743	1
1072,984	3
1073,225	1
1073,466	0
1073,706	3
1073,947	8
1074,188	-1
1074,429	1
1074,67	-5
1074,911	4
1075,151	-12
1075,392	9
1075,633	-2
1075,874	7
1076,114	4
1076,355	3
1076,596	4
1076,837	12
1077,077	-4
1077,318	1
1077,559	0
1077,8	7
1078,04	8
1078,281	8
1078,522	5
1078,762	-2
1079,003	5
1079,244	5
1079,484	4
1079,725	15
1079,965	-1
1080,206	9
1080,447	4
1080,687	3
1080,928	10
1081,168	2
1081,409	-6
1081,649	15
1081,89	-6
1082,131	-2
1082,371	16
1082,612	3
1082,852	-8
1083,093	14
1083,333	11
1083,573	1
1083,814	-18
1084,054	3
1084,295	23
1084,535	12
1084,776	14
1085,016	-1
1085,257	4
1085,497	11
1085,737	-3
1085,978	1
1086,218	3
1086,458	2
1086,699	2
1086,939	-1
1087,179	4
1087,42	10
1087,66	8
1087,9	12
1088,141	-8
1088,381	6
1088,621	-1
1088,861	8
1089,102	15
1089,342	6
1089,582	-4
1089,822	16
1090,063	-11
1090,303	-6
1090,543	11
1090,783	20
1091,023	9
1091,263	9
1091,504	11
1091,744	-7
1091,984	5
1092,224	3
1092,464	3
1092,704	3
1092,944	-2
1093,184	4
1093,425	0
1093,665	5
1093,905	-5
1094,145	2
1094,385	-6
1094,625	3
1094,865	11
1095,105	8
1095,345	11
1095,585	4
1095,825	-3
1096,065	6
1096,305	0
1096,545	7
1096,785	3
1097,025	8
1097,265	11
1097,504	6
1097,744	7
1097,984	6
1098,224	16
1098,464	-1
1098,704	3
1098,944	15
1099,184	4
1099,423	3
1099,663	-9
1099,903	1
1100,143	3
1100,383	15
1100,622	-1
1100,862	-7
1101,102	15
1101,342	11
1101,582	8
1101,821	2
1102,061	11
1102,301	2
1102,54	-1
1102,78	12
1103,02	9
1103,26	7
1103,499	-6
1103,739	5
1103,979	8
1104,218	12
1104,458	1
1104,697	4
1104,937	5
1105,177	-7
1105,416	2
1105,656	-7
1105,896	12
1106,135	-1
1106,375	7
1106,614	15
1106,854	3
1107,093	3
1107,333	-2
1107,572	0
1107,812	1
1108,051	2
1108,291	4
1108,53	-1
1108,77	11
1109,009	9
1109,249	15
1109,488	-4
1109,728	-2
1109,967	3
1110,206	17
1110,446	3
1110,685	-2
1110,925	4
1111,164	5
1111,403	11
1111,643	9
1111,882	9
1112,121	9
1112,361	15
1112,6	10
1112,839	11
1113,079	11
1113,318	9
1113,557	10
1113,796	11
1114,036	6
1114,275	7
1114,514	-4
1114,753	5
1114,993	1
1115,232	14
1115,471	12
1115,71	4
1115,949	7
1116,188	8
1116,428	20
1116,667	12
1116,906	6
1117,145	9
1117,384	7
1117,623	-2
1117,862	-1
1118,101	11
1118,341	2
1118,58	5
1118,819	9
1119,058	-12
1119,297	10
1119,536	2
1119,775	12
1120,014	3
1120,253	8
1120,492	12
1120,731	-1
1120,97	-9
1121,209	0
1121,448	-1
1121,687	-6
1121,926	-2
1122,165	8
1122,404	0
1122,642	9
1122,881	20
1123,12	9
1123,359	-6
1123,598	6
1123,837	8
1124,076	20
1124,315	15
1124,553	12
1124,792	5
1125,031	12
1125,27	3
1125,509	6
1125,747	10
1125,986	0
1126,225	7
