195,326	-732,46
195,597	-732,46
195,868	-732,46
196,139	-2,46
196,409	-8,46
196,68	5,54
196,951	10,54
197,221	1,54
197,492	2,54
197,762	10,54
198,033	-8,46
198,304	-2,46
198,574	-4,46
198,845	0,54
199,116	-5,46
199,386	-10,46
199,657	2,54
199,927	-2,46
200,198	-6,46
200,468	-11,46
200,739	6,54
201,009	8,54
201,28	0,54
201,551	-2,46
201,821	-3,46
202,092	-0,46
202,362	1,54
202,633	7,54
202,903	19,54
203,174	6,54
203,444	3,54
203,714	10,54
203,985	-16,46
204,255	-4,46
204,526	0,54
204,796	-12,46
205,067	-7,46
205,337	1,54
205,607	6,54
205,878	18,54
206,148	-1,46
206,419	7,54
206,689	-2,46
206,959	2,54
207,23	-3,46
207,5	-6,46
207,77	1,54
208,041	2,54
208,311	9,54
208,581	0,54
208,852	-6,46
209,122	-3,46
209,392	3,54
209,663	-2,46
209,933	15,54
210,203	-2,46
210,473	2,54
210,744	-5,46
211,014	-1,46
211,284	9,54
211,554	6,54
211,825	-0,46
212,095	9,54
212,365	5,54
212,635	19,54
212,905	-10,46
213,176	13,54
213,446	-15,46
213,716	4,54
213,986	2,54
214,256	-3,46
214,526	10,54
214,797	11,54
215,067	1,54
215,337	0,54
215,607	-9,46
215,877	2,54
216,147	4,54
216,417	8,54
216,687	23,54
216,957	2,54
217,227	-2,46
217,497	13,54
217,767	22,54
218,038	1,54
218,308	12,54
218,578	0,54
218,848	13,54
219,118	9,54
219,388	13,54
219,658	-4,46
219,928	-8,46
220,198	-10,46
220,468	2,54
220,737	-5,46
221,007	10,54
221,277	19,54
221,547	5,54
221,817	0,54
222,087	-0,46
222,357	-6,46
222,627	-4,46
222,897	1,54
223,167	5,54
223,437	-1,46
223,707	10,54
223,976	5,54
224,246	2,54
224,516	3,54
224,786	-0,46
225,056	-3,46
225,326	-6,46
225,595	13,54
225,865	2,54
226,135	3,54
226,405	3,54
226,675	9,54
226,944	5,54
227,214	3,54
227,484	4,54
227,754	9,54
228,023	4,54
228,293	9,54
228,563	9,54
228,833	1,54
229,102	2,54
229,372	-7,46
229,642	4,54
229,911	10,54
230,181	-1,46
230,451	4,54
230,72	-4,46
230,99	6,54
231,26	-3,46
231,529	-2,46
231,799	7,54
232,069	5,54
232,338	16,54
232,608	11,54
232,877	-5,46
233,147	1,54
233,417	4,54
233,686	2,54
233,956	-6,46
234,225	0,54
234,495	-0,46
234,764	5,54
235,034	8,54
235,304	-1,46
235,573	-0,46
235,843	7,54
236,112	-2,46
236,382	3,54
236,651	1,54
236,921	13,54
237,19	-0,46
237,46	8,54
237,729	8,54
237,998	3,54
238,268	-5,46
238,537	5,54
238,807	15,54
239,076	-4,46
239,346	12,54
239,615	1,54
239,884	-4,46
240,154	-1,46
240,423	4,54
240,693	11,54
240,962	8,54
241,231	3,54
241,501	-0,46
241,77	7,54
242,039	1,54
242,309	2,54
242,578	3,54
242,847	-2,46
243,116	-10,46
243,386	2,54
243,655	6,54
243,924	2,54
244,194	-6,46
244,463	7,54
244,732	17,54
245,001	-7,46
245,271	-0,46
245,54	9,54
245,809	6,54
246,078	-2,46
246,347	2,54
246,617	-2,46
246,886	9,54
247,155	3,54
247,424	5,54
247,693	4,54
247,963	2,54
248,232	8,54
248,501	-13,46
248,77	-8,46
249,039	-0,46
249,308	6,54
249,577	10,54
249,846	7,54
250,115	-5,46
250,385	4,54
250,654	-3,46
250,923	8,54
251,192	5,54
251,461	7,54
251,73	3,54
251,999	1,54
252,268	1,54
252,537	2,54
252,806	14,54
253,075	-0,46
253,344	1,54
253,613	10,54
253,882	11,54
254,151	-12,46
254,42	-4,46
254,689	15,54
254,958	-8,46
255,227	1,54
255,496	5,54
255,765	-0,46
256,033	-3,46
256,302	17,54
256,571	11,54
256,84	3,54
257,109	8,54
257,378	17,54
257,647	8,54
257,916	3,54
258,184	7,54
258,453	13,54
258,722	4,54
258,991	7,54
259,26	4,54
259,529	7,54
259,797	-12,46
260,066	1,54
260,335	-2,46
260,604	-6,46
260,873	-3,46
261,141	-0,46
261,41	0,54
261,679	0,54
261,948	2,54
262,216	4,54
262,485	2,54
262,754	5,54
263,022	-6,46
263,291	13,54
263,56	1,54
263,829	-4,46
264,097	3,54
264,366	7,54
264,635	3,54
264,903	7,54
265,172	15,54
265,44	10,54
265,709	3,54
265,978	13,54
266,246	4,54
266,515	9,54
266,784	-3,46
267,052	8,54
267,321	13,54
267,589	6,54
267,858	4,54
268,126	1,54
268,395	-5,46
268,663	-6,46
268,932	-4,46
269,201	2,54
269,469	-21,46
269,738	8,54
270,006	-9,46
270,275	-2,46
270,543	5,54
270,811	-8,46
271,08	8,54
271,348	7,54
271,617	1,54
271,885	9,54
272,154	4,54
272,422	6,54
272,691	5,54
272,959	5,54
273,227	-0,46
273,496	6,54
273,764	12,54
274,033	18,54
274,301	9,54
274,569	5,54
274,838	-4,46
275,106	-5,46
275,374	-4,46
275,643	-0,46
275,911	8,54
276,179	5,54
276,448	-5,46
276,716	-4,46
276,984	-5,46
277,252	2,54
277,521	-3,46
277,789	5,54
278,057	6,54
278,325	7,54
278,594	8,54
278,862	0,54
279,13	10,54
279,398	-11,46
279,667	-6,46
279,935	9,54
280,203	-6,46
280,471	-6,46
280,739	3,54
281,008	-1,46
281,276	-10,46
281,544	-1,46
281,812	-0,46
282,08	-1,46
282,348	-6,46
282,616	-2,46
282,884	0,54
283,153	-0,46
283,421	6,54
283,689	-4,46
283,957	-6,46
284,225	-0,46
284,493	7,54
284,761	8,54
285,029	-0,46
285,297	5,54
285,565	6,54
285,833	-3,46
286,101	4,54
286,369	10,54
286,637	13,54
286,905	7,54
287,173	0,54
287,441	5,54
287,709	3,54
287,977	-3,46
288,245	1,54
288,513	6,54
288,781	-3,46
289,049	7,54
289,317	12,54
289,585	2,54
289,853	-7,46
290,12	10,54
290,388	6,54
290,656	0,54
290,924	-17,46
291,192	7,54
291,46	5,54
291,728	3,54
291,996	7,54
292,263	12,54
292,531	7,54
292,799	14,54
293,067	1,54
293,335	11,54
293,602	9,54
293,87	1,54
294,138	6,54
294,406	-5,46
294,673	7,54
294,941	-6,46
295,209	5,54
295,477	10,54
295,744	7,54
296,012	-2,46
296,28	8,54
296,548	-8,46
296,815	-6,46
297,083	15,54
297,351	-2,46
297,618	5,54
297,886	5,54
298,154	3,54
298,421	1,54
298,689	-8,46
298,956	-9,46
299,224	-11,46
299,492	0,54
299,759	12,54
300,027	13,54
300,294	-0,46
300,562	10,54
300,83	15,54
301,097	3,54
301,365	5,54
301,632	-6,46
301,9	-9,46
302,167	6,54
302,435	14,54
302,702	-2,46
302,97	-6,46
303,237	5,54
303,505	5,54
303,772	1,54
304,04	-7,46
304,307	-1,46
304,575	4,54
304,842	-4,46
305,11	-0,46
305,377	0,54
305,645	1,54
305,912	-7,46
306,179	4,54
306,447	4,54
306,714	11,54
306,982	7,54
307,249	-2,46
307,516	5,54
307,784	2,54
308,051	1,54
308,318	1,54
308,586	-6,46
308,853	5,54
309,12	3,54
309,388	-3,46
309,655	-3,46
309,922	-1,46
310,19	7,54
310,457	0,54
310,724	8,54
310,991	7,54
311,259	9,54
311,526	1,54
311,793	8,54
312,06	5,54
312,328	3,54
312,595	6,54
312,862	-3,46
313,129	-2,46
313,396	0,54
313,664	10,54
313,931	-3,46
314,198	17,54
314,465	5,54
314,732	7,54
314,999	3,54
315,266	4,54
315,534	5,54
315,801	-4,46
316,068	-2,46
316,335	-2,46
316,602	3,54
316,869	14,54
317,136	8,54
317,403	0,54
317,67	3,54
317,937	8,54
318,204	9,54
318,471	10,54
318,738	14,54
319,005	-8,46
319,272	-5,46
319,539	15,54
319,806	1,54
320,073	7,54
320,34	2,54
320,607	9,54
320,874	1,54
321,141	7,54
321,408	-9,46
321,675	1,54
321,942	7,54
322,209	19,54
322,476	7,54
322,743	-2,46
323,01	2,54
323,277	-8,46
323,544	-4,46
323,81	-7,46
324,077	-1,46
324,344	1,54
324,611	-9,46
324,878	9,54
325,145	-2,46
325,412	3,54
325,678	-0,46
325,945	3,54
326,212	10,54
326,479	8,54
326,746	-1,46
327,012	7,54
327,279	7,54
327,546	4,54
327,813	12,54
328,079	5,54
328,346	-6,46
328,613	-2,46
328,88	6,54
329,146	9,54
329,413	3,54
329,68	-1,46
329,946	0,54
330,213	-3,46
330,48	-2,46
330,746	-1,46
331,013	7,54
331,28	12,54
331,546	3,54
331,813	7,54
332,08	14,54
332,346	13,54
332,613	-7,46
332,879	0,54
333,146	2,54
333,413	-11,46
333,679	3,54
333,946	18,54
334,212	12,54
334,479	4,54
334,745	-2,46
335,012	1,54
335,278	8,54
335,545	9,54
335,811	13,54
336,078	0,54
336,344	-0,46
336,611	-5,46
336,877	-6,46
337,144	1,54
337,41	-7,46
337,677	-16,46
337,943	-2,46
338,21	7,54
338,476	5,54
338,742	6,54
339,009	7,54
339,275	8,54
339,542	9,54
339,808	7,54
340,074	4,54
340,341	17,54
340,607	24,54
340,873	13,54
341,14	1,54
341,406	14,54
341,672	-0,46
341,939	9,54
342,205	-14,46
342,471	-2,46
342,738	5,54
343,004	5,54
343,27	5,54
343,537	11,54
343,803	4,54
344,069	-0,46
344,335	1,54
344,602	-0,46
344,868	3,54
345,134	0,54
345,4	6,54
345,666	20,54
345,933	-2,46
346,199	-5,46
346,465	4,54
346,731	6,54
346,997	14,54
347,263	1,54
347,53	-0,46
347,796	-6,46
348,062	8,54
348,328	-4,46
348,594	1,54
348,86	-0,46
349,126	-0,46
349,392	9,54
349,659	9,54
349,925	5,54
350,191	5,54
350,457	-0,46
350,723	6,54
350,989	2,54
351,255	12,54
351,521	5,54
351,787	4,54
352,053	13,54
352,319	2,54
352,585	-4,46
352,851	9,54
353,117	3,54
353,383	9,54
353,649	2,54
353,915	0,54
354,181	11,54
354,447	0,54
354,713	-4,46
354,978	7,54
355,244	11,54
355,51	17,54
355,776	3,54
356,042	0,54
356,308	3,54
356,574	16,54
356,84	14,54
357,106	16,54
357,371	2,54
357,637	19,54
357,903	2,54
358,169	3,54
358,435	9,54
358,701	5,54
358,966	8,54
359,232	-1,46
359,498	5,54
359,764	16,54
360,029	5,54
360,295	1,54
360,561	9,54
360,827	0,54
361,092	8,54
361,358	5,54
361,624	13,54
361,89	-6,46
362,155	-7,46
362,421	-2,46
362,687	9,54
362,952	-10,46
363,218	3,54
363,484	0,54
363,749	-1,46
364,015	1,54
364,281	2,54
364,546	16,54
364,812	-3,46
365,077	-6,46
365,343	3,54
365,609	1,54
365,874	-2,46
366,14	3,54
366,405	16,54
366,671	4,54
366,936	-9,46
367,202	-3,46
367,467	7,54
367,733	2,54
367,999	9,54
368,264	16,54
368,53	4,54
368,795	-1,46
369,061	13,54
369,326	9,54
369,591	0,54
369,857	8,54
370,122	13,54
370,388	-0,46
370,653	10,54
370,919	16,54
371,184	19,54
371,45	6,54
371,715	9,54
371,98	0,54
372,246	0,54
372,511	-0,46
372,776	-0,46
373,042	-0,46
373,307	5,54
373,573	9,54
373,838	1,54
374,103	9,54
374,369	1,54
374,634	8,54
374,899	14,54
375,164	-3,46
375,43	4,54
375,695	-1,46
375,96	13,54
376,226	2,54
376,491	14,54
376,756	-0,46
377,021	-1,46
377,286	-7,46
377,552	9,54
377,817	7,54
378,082	3,54
378,347	7,54
378,613	14,54
378,878	0,54
379,143	1,54
379,408	4,54
379,673	25,54
379,938	3,54
380,203	7,54
380,469	0,54
380,734	12,54
380,999	16,54
381,264	20,54
381,529	-0,46
381,794	6,54
382,059	8,54
382,324	11,54
382,589	-0,46
382,854	16,54
383,119	14,54
383,385	1,54
383,65	1,54
383,915	17,54
384,18	13,54
384,445	11,54
384,71	9,54
384,975	-2,46
385,24	5,54
385,505	20,54
385,77	1,54
386,034	3,54
386,299	11,54
386,564	21,54
386,829	-3,46
387,094	6,54
387,359	26,54
387,624	18,54
387,889	21,54
388,154	-1,46
388,419	8,54
388,684	15,54
388,949	11,54
389,213	7,54
389,478	2,54
389,743	11,54
390,008	19,54
390,273	8,54
390,538	2,54
390,802	9,54
391,067	4,54
391,332	8,54
391,597	11,54
391,862	16,54
392,126	8,54
392,391	6,54
392,656	11,54
392,921	11,54
393,185	9,54
393,45	13,54
393,715	17,54
393,979	19,54
394,244	12,54
394,509	8,54
394,774	13,54
395,038	5,54
395,303	9,54
395,568	13,54
395,832	19,54
396,097	18,54
396,361	-0,46
396,626	30,54
396,891	16,54
397,155	14,54
397,42	22,54
397,685	7,54
397,949	20,54
398,214	11,54
398,478	16,54
398,743	4,54
399,007	7,54
399,272	15,54
399,536	16,54
399,801	20,54
400,066	13,54
400,33	19,54
400,595	15,54
400,859	29,54
401,124	29,54
401,388	27,54
401,652	29,54
401,917	28,54
402,181	20,54
402,446	29,54
402,71	15,54
402,975	28,54
403,239	27,54
403,504	18,54
403,768	27,54
404,032	29,54
404,297	26,54
404,561	27,54
404,826	23,54
405,09	17,54
405,354	23,54
405,619	33,54
405,883	37,54
406,147	18,54
406,412	9,54
406,676	28,54
406,94	32,54
407,205	44,54
407,469	40,54
407,733	39,54
407,997	40,54
408,262	39,54
408,526	39,54
408,79	22,54
409,054	37,54
409,319	43,54
409,583	34,54
409,847	49,54
410,111	42,54
410,375	51,54
410,64	59,54
410,904	63,54
411,168	62,54
411,432	68,54
411,696	65,54
411,96	60,54
412,225	60,54
412,489	71,54
412,753	74,54
413,017	70,54
413,281	67,54
413,545	59,54
413,809	58,54
414,073	79,54
414,337	87,54
414,602	80,54
414,866	87,54
415,13	83,54
415,394	88,54
415,658	93,54
415,922	89,54
416,186	106,54
416,45	100,54
416,714	114,54
416,978	113,54
417,242	106,54
417,506	117,54
417,77	121,54
418,034	134,54
418,298	128,54
418,562	135,54
418,825	151,54
419,089	151,54
419,353	153,54
419,617	167,54
419,881	164,54
420,145	160,54
420,409	173,54
420,673	175,54
420,937	175,54
421,2	178,54
421,464	202,54
421,728	196,54
421,992	215,54
422,256	212,54
422,52	218,54
422,783	205,54
423,047	236,54
423,311	239,54
423,575	247,54
423,839	260,54
424,102	249,54
424,366	274,54
424,63	290,54
424,894	280,54
425,157	289,54
425,421	288,54
425,685	320,54
425,949	319,54
426,212	345,54
426,476	324,54
426,74	337,54
427,003	346,54
427,267	342,54
427,531	351,54
427,794	380,54
428,058	399,54
428,322	399,54
428,585	422,54
428,849	427,54
429,112	439,54
429,376	444,54
429,64	478,54
429,903	477,54
430,167	481,54
430,43	520,54
430,694	534,54
430,957	519,54
431,221	570,54
431,485	569,54
431,748	561,54
432,012	614,54
432,275	604,54
432,539	633,54
432,802	667,54
433,066	680,54
433,329	716,54
433,593	755,54
433,856	719,54
434,119	753,54
434,383	795,54
434,646	789,54
434,91	813,54
435,173	857,54
435,437	867,54
435,7	886,54
435,963	913,54
436,227	927,54
436,49	980,54
436,753	972,54
437,017	982,54
437,28	1048,54
437,544	1091,54
437,807	1079,54
438,07	1113,54
438,334	1131,54
438,597	1132,54
438,86	1199,54
439,123	1193,54
439,387	1230,54
439,65	1237,54
439,913	1336,54
440,177	1317,54
440,44	1343,54
440,703	1383,54
440,966	1407,54
441,229	1432,54
441,493	1442,54
441,756	1499,54
442,019	1528,54
442,282	1521,54
442,545	1589,54
442,809	1643,54
443,072	1642,54
443,335	1706,54
443,598	1786,54
443,861	1788,54
444,124	1793,54
444,388	1851,54
444,651	1850,54
444,914	1862,54
445,177	1938,54
445,44	1898,54
445,703	1910,54
445,966	1996,54
446,229	2059,54
446,492	2059,54
446,755	2190,54
447,018	2167,54
447,281	2160,54
447,544	2218,54
447,807	2238,54
448,07	2335,54
448,333	2316,54
448,596	2396,54
448,859	2449,54
449,122	2455,54
449,385	2485,54
449,648	2526,54
449,911	2572,54
450,174	2649,54
450,437	2664,54
450,7	2722,54
450,963	2631,54
451,226	2769,54
451,489	2816,54
451,752	2839,54
452,015	2868,54
452,277	2854,54
452,54	2969,54
452,803	2987,54
453,066	2967,54
453,329	3049,54
453,592	3128,54
453,855	3048,54
454,117	3165,54
454,38	3175,54
454,643	3278,54
454,906	3261,54
455,169	3209,54
455,431	3266,54
455,694	3319,54
455,957	3292,54
456,22	3438,54
456,482	3348,54
456,745	3373,54
457,008	3454,54
457,271	3449,54
457,533	3471,54
457,796	3537,54
458,059	3540,54
458,321	3443,54
458,584	3513,54
458,847	3531,54
459,109	3444,54
459,372	3575,54
459,635	3464,54
459,897	3472,54
460,16	3484,54
460,423	3516,54
460,685	3397,54
460,948	3504,54
461,21	3555,54
461,473	3503,54
461,735	3362,54
461,998	3363,54
462,261	3355,54
462,523	3386,54
462,786	3392,54
463,048	3348,54
463,311	3319,54
463,573	3313,54
463,836	3263,54
464,098	3134,54
464,361	3098,54
464,623	3105,54
464,886	3133,54
465,148	3197,54
465,411	3205,54
465,673	3222,54
465,936	3180,54
466,198	3159,54
466,46	3093,54
466,723	3094,54
466,985	3041,54
467,248	3034,54
467,51	2968,54
467,772	3011,54
468,035	2966,54
468,297	3012,54
468,56	2962,54
468,822	2960,54
469,084	2920,54
469,347	2889,54
469,609	2909,54
469,871	2933,54
470,133	2895,54
470,396	2888,54
470,658	2858,54
470,92	2829,54
471,183	2938,54
471,445	2841,54
471,707	2832,54
471,969	2839,54
472,232	2831,54
472,494	2822,54
472,756	2856,54
473,018	2766,54
473,281	2854,54
473,543	2849,54
473,805	2779,54
474,067	2851,54
474,329	2807,54
474,591	2864,54
474,854	2864,54
475,116	2791,54
475,378	2809,54
475,64	2752,54
475,902	2758,54
476,164	2871,54
476,426	2824,54
476,688	2802,54
476,951	2742,54
477,213	2768,54
477,475	2759,54
477,737	2819,54
477,999	2788,54
478,261	2766,54
478,523	2732,54
478,785	2812,54
479,047	2826,54
479,309	2798,54
479,571	2776,54
479,833	2760,54
480,095	2772,54
480,357	2765,54
480,619	2695,54
480,881	2796,54
481,143	2727,54
481,405	2718,54
481,667	2760,54
481,929	2776,54
482,191	2753,54
482,452	2749,54
482,714	2766,54
482,976	2776,54
483,238	2751,54
483,5	2810,54
483,762	2820,54
484,024	2845,54
484,286	2819,54
484,547	2785,54
484,809	2759,54
485,071	2846,54
485,333	2850,54
485,595	2884,54
485,857	2820,54
486,118	2860,54
486,38	2919,54
486,642	2901,54
486,904	2902,54
487,165	2919,54
487,427	2938,54
487,689	2920,54
487,951	2968,54
488,212	2963,54
488,474	2984,54
488,736	2996,54
488,998	3005,54
489,259	3008,54
489,521	2999,54
489,783	3050,54
490,044	3066,54
490,306	3111,54
490,568	3137,54
490,829	3179,54
491,091	3102,54
491,353	3182,54
491,614	3199,54
491,876	3184,54
492,137	3231,54
492,399	3239,54
492,661	3216,54
492,922	3236,54
493,184	3264,54
493,445	3353,54
493,707	3338,54
493,968	3376,54
494,23	3380,54
494,491	3413,54
494,753	3395,54
495,014	3418,54
495,276	3436,54
495,537	3447,54
495,799	3511,54
496,06	3536,54
496,322	3497,54
496,583	3519,54
496,845	3582,54
497,106	3623,54
497,368	3659,54
497,629	3627,54
497,89	3657,54
498,152	3695,54
498,413	3712,54
498,675	3725,54
498,936	3769,54
499,197	3792,54
499,459	3812,54
499,72	3811,54
499,981	3856,54
500,243	3898,54
500,504	3900,54
500,765	3951,54
501,027	3936,54
501,288	3961,54
501,549	3955,54
501,811	3980,54
502,072	3946,54
502,333	3982,54
502,594	4032,54
502,856	4119,54
503,117	4149,54
503,378	4104,54
503,639	4140,54
503,901	4228,54
504,162	4175,54
504,423	4223,54
504,684	4247,54
504,945	4304,54
505,207	4300,54
505,468	4316,54
505,729	4323,54
505,99	4399,54
506,251	4407,54
506,512	4425,54
506,774	4443,54
507,035	4463,54
507,296	4494,54
507,557	4478,54
507,818	4461,54
508,079	4542,54
508,34	4555,54
508,601	4551,54
508,862	4599,54
509,123	4638,54
509,384	4646,54
509,645	4656,54
509,906	4661,54
510,167	4684,54
510,428	4730,54
510,689	4734,54
510,95	4743,54
511,211	4770,54
511,472	4744,54
511,733	4752,54
511,994	4819,54
512,255	4865,54
512,516	4873,54
512,777	4828,54
513,038	4865,54
513,299	5028,54
513,56	4972,54
513,821	4969,54
514,082	4930,54
514,343	4976,54
514,603	4971,54
514,864	5020,54
515,125	5064,54
515,386	5094,54
515,647	5069,54
515,908	5124,54
516,169	5121,54
516,429	5159,54
516,69	5163,54
516,951	5212,54
517,212	5212,54
517,473	5220,54
517,733	5225,54
517,994	5226,54
518,255	5186,54
518,516	5242,54
518,776	5245,54
519,037	5251,54
519,298	5310,54
519,559	5337,54
519,819	5277,54
520,08	5320,54
520,341	5318,54
520,601	5352,54
520,862	5419,54
521,123	5372,54
521,383	5418,54
521,644	5462,54
521,905	5406,54
522,165	5446,54
522,426	5507,54
522,686	5474,54
522,947	5518,54
523,208	5543,54
523,468	5520,54
523,729	5548,54
523,989	5543,54
524,25	5541,54
524,51	5604,54
524,771	5569,54
525,032	5575,54
525,292	5590,54
525,553	5629,54
525,813	5679,54
526,074	5631,54
526,334	5667,54
526,595	5671,54
526,855	5704,54
527,116	5692,54
527,376	5715,54
527,636	5728,54
527,897	5745,54
528,157	5693,54
528,418	5754,54
528,678	5758,54
528,939	5744,54
529,199	5757,54
529,459	5820,54
529,72	5833,54
529,98	5812,54
530,24	5840,54
530,501	5819,54
530,761	5805,54
531,022	5817,54
531,282	5863,54
531,542	5930,54
531,803	5866,54
532,063	5827,54
532,323	5911,54
532,583	5894,54
532,844	5937,54
533,104	5904,54
533,364	5909,54
533,624	5831,54
533,885	5914,54
534,145	5969,54
534,405	5934,54
534,665	5921,54
534,926	5940,54
535,186	5923,54
535,446	5892,54
535,706	5948,54
535,966	5947,54
536,227	5938,54
536,487	5891,54
536,747	5997,54
537,007	6007,54
537,267	6030,54
537,527	5972,54
537,787	5998,54
538,048	6037,54
538,308	5984,54
538,568	5992,54
538,828	6025,54
539,088	5975,54
539,348	6044,54
539,608	6052,54
539,868	6043,54
540,128	6031,54
540,388	6085,54
540,648	6108,54
540,908	6131,54
541,168	6062,54
541,428	6131,54
541,688	6079,54
541,948	6116,54
542,208	6139,54
542,468	6149,54
542,728	6124,54
542,988	6204,54
543,248	6103,54
543,508	6232,54
543,768	6182,54
544,028	6215,54
544,288	6125,54
544,548	6188,54
544,807	6209,54
545,067	6236,54
545,327	6248,54
545,587	6247,54
545,847	6219,54
546,107	6260,54
546,367	6277,54
546,626	6327,54
546,886	6265,54
547,146	6290,54
547,406	6283,54
547,666	6343,54
547,925	6314,54
548,185	6370,54
548,445	6311,54
548,705	6319,54
548,965	6397,54
549,224	6441,54
549,484	6420,54
549,744	6376,54
550,003	6401,54
550,263	6432,54
550,523	6458,54
550,783	6457,54
551,042	6388,54
551,302	6456,54
551,562	6446,54
551,821	6459,54
552,081	6453,54
552,341	6486,54
552,6	6447,54
552,86	6477,54
553,119	6552,54
553,379	6525,54
553,639	6595,54
553,898	6549,54
554,158	6489,54
554,417	6560,54
554,677	6524,54
554,936	6605,54
555,196	6621,54
555,456	6636,54
555,715	6651,54
555,975	6671,54
556,234	6678,54
556,494	6711,54
556,753	6673,54
557,013	6672,54
557,272	6666,54
557,532	6742,54
557,791	6708,54
558,051	6765,54
558,31	6786,54
558,569	6809,54
558,829	6805,54
559,088	6855,54
559,348	6855,54
559,607	6792,54
559,866	6846,54
560,126	6869,54
560,385	6935,54
560,645	6887,54
560,904	6859,54
561,163	6852,54
561,423	6881,54
561,682	6972,54
561,941	6895,54
562,201	6948,54
562,46	6958,54
562,719	6876,54
562,979	6933,54
563,238	6933,54
563,497	6929,54
563,756	7000,54
564,016	7076,54
564,275	7039,54
564,534	7050,54
564,793	7034,54
565,053	7105,54
565,312	7080,54
565,571	7128,54
565,83	7119,54
566,089	7121,54
566,349	7100,54
566,608	7166,54
566,867	7172,54
567,126	7156,54
567,385	7180,54
567,644	7177,54
567,903	7242,54
568,163	7274,54
568,422	7256,54
568,681	7232,54
568,94	7269,54
569,199	7181,54
569,458	7262,54
569,717	7305,54
569,976	7304,54
570,235	7263,54
570,494	7288,54
570,753	7307,54
571,012	7436,54
571,271	7393,54
571,53	7375,54
571,789	7368,54
572,048	7353,54
572,307	7451,54
572,566	7407,54
572,825	7370,54
573,084	7390,54
573,343	7432,54
573,602	7475,54
573,861	7400,54
574,12	7454,54
574,379	7469,54
574,638	7464,54
574,897	7454,54
575,156	7483,54
575,414	7496,54
575,673	7456,54
575,932	7517,54
576,191	7508,54
576,45	7479,54
576,709	7568,54
576,968	7494,54
577,226	7510,54
577,485	7569,54
577,744	7545,54
578,003	7572,54
578,262	7500,54
578,52	7555,54
578,779	7566,54
579,038	7543,54
579,297	7569,54
579,555	7565,54
579,814	7582,54
580,073	7541,54
580,332	7566,54
580,59	7556,54
580,849	7546,54
581,108	7672,54
581,366	7588,54
581,625	7527,54
581,884	7637,54
582,142	7564,54
582,401	7619,54
582,66	7591,54
582,918	7614,54
583,177	7575,54
583,436	7479,54
583,694	7586,54
583,953	7621,54
584,211	7611,54
584,47	7617,54
584,728	7615,54
584,987	7550,54
585,246	7629,54
585,504	7595,54
585,763	7554,54
586,021	7637,54
586,28	7660,54
586,538	7625,54
586,797	7571,54
587,055	7548,54
587,314	7577,54
587,572	7535,54
587,831	7547,54
588,089	7563,54
588,348	7520,54
588,606	7499,54
588,864	7470,54
589,123	7527,54
589,381	7469,54
589,64	7487,54
589,898	7520,54
590,157	7589,54
590,415	7488,54
590,673	7398,54
590,932	7439,54
591,19	7421,54
591,448	7474,54
591,707	7417,54
591,965	7401,54
592,223	7430,54
592,482	7401,54
592,74	7343,54
592,998	7276,54
593,257	7416,54
593,515	7334,54
593,773	7391,54
594,031	7352,54
594,29	7365,54
594,548	7346,54
594,806	7273,54
595,064	7366,54
595,323	7262,54
595,581	7273,54
595,839	7262,54
596,097	7235,54
596,355	7187,54
596,613	7221,54
596,872	7229,54
597,13	7227,54
597,388	7236,54
597,646	7200,54
597,904	7121,54
598,162	7129,54
598,42	7133,54
598,679	7064,54
598,937	7065,54
599,195	7113,54
599,453	7036,54
599,711	7051,54
599,969	7007,54
600,227	6994,54
600,485	6984,54
600,743	7016,54
601,001	6964,54
601,259	6908,54
601,517	6916,54
601,775	6868,54
602,033	6848,54
602,291	6903,54
602,549	6816,54
602,807	6818,54
603,065	6813,54
603,323	6786,54
603,581	6758,54
603,839	6806,54
604,097	6792,54
604,355	6695,54
604,613	6740,54
604,871	6689,54
605,128	6654,54
605,386	6577,54
605,644	6615,54
605,902	6632,54
606,16	6575,54
606,418	6552,54
606,676	6533,54
606,933	6493,54
607,191	6487,54
607,449	6508,54
607,707	6458,54
607,965	6429,54
608,223	6364,54
608,48	6328,54
608,738	6305,54
608,996	6333,54
609,254	6378,54
609,511	6301,54
609,769	6340,54
610,027	6286,54
610,285	6268,54
610,542	6195,54
610,8	6214,54
611,058	6168,54
611,315	6145,54
611,573	6134,54
611,831	6117,54
612,088	6073,54
612,346	6091,54
612,604	6135,54
612,861	6028,54
613,119	6036,54
613,376	6027,54
613,634	6008,54
613,892	5967,54
614,149	5951,54
614,407	5882,54
614,664	5899,54
614,922	5913,54
615,18	5898,54
615,437	5831,54
615,695	5792,54
615,952	5811,54
616,21	5747,54
616,467	5771,54
616,725	5713,54
616,982	5683,54
617,24	5773,54
617,497	5710,54
617,755	5673,54
618,012	5648,54
618,27	5670,54
618,527	5579,54
618,784	5553,54
619,042	5559,54
619,299	5484,54
619,557	5474,54
619,814	5460,54
620,071	5470,54
620,329	5420,54
620,586	5393,54
620,844	5396,54
621,101	5413,54
621,358	5348,54
621,616	5345,54
621,873	5312,54
622,13	5329,54
622,388	5264,54
622,645	5264,54
622,902	5177,54
623,159	5162,54
623,417	5199,54
623,674	5186,54
623,931	5133,54
624,188	5082,54
624,446	5027,54
624,703	5018,54
624,96	5076,54
625,217	5010,54
625,475	5042,54
625,732	4952,54
625,989	4940,54
626,246	4943,54
626,503	4868,54
626,761	4875,54
627,018	4814,54
627,275	4803,54
627,532	4818,54
627,789	4729,54
628,046	4771,54
628,303	4715,54
628,56	4686,54
628,818	4632,54
629,075	4671,54
629,332	4640,54
629,589	4615,54
629,846	4649,54
630,103	4567,54
630,36	4551,54
630,617	4488,54
630,874	4518,54
631,131	4543,54
631,388	4417,54
631,645	4423,54
631,902	4391,54
632,159	4369,54
632,416	4337,54
632,673	4318,54
632,93	4289,54
633,187	4253,54
633,444	4257,54
633,701	4205,54
633,958	4213,54
634,215	4181,54
634,471	4241,54
634,728	4149,54
634,985	4089,54
635,242	4126,54
635,499	4078,54
635,756	4024,54
636,013	4007,54
636,27	3962,54
636,526	3963,54
636,783	4001,54
637,04	3949,54
637,297	3927,54
637,554	3858,54
637,81	3853,54
638,067	3770,54
638,324	3786,54
638,581	3805,54
638,838	3742,54
639,094	3726,54
639,351	3703,54
639,608	3709,54
639,864	3652,54
640,121	3685,54
640,378	3589,54
640,635	3645,54
640,891	3601,54
641,148	3562,54
641,405	3506,54
641,661	3531,54
641,918	3508,54
642,175	3535,54
642,431	3441,54
642,688	3437,54
642,944	3378,54
643,201	3328,54
643,458	3353,54
643,714	3370,54
643,971	3308,54
644,227	3276,54
644,484	3287,54
644,741	3257,54
644,997	3229,54
645,254	3200,54
645,51	3174,54
645,767	3162,54
646,023	3116,54
646,28	3124,54
646,536	3068,54
646,793	3059,54
647,049	3051,54
647,306	3023,54
647,562	2993,54
647,819	2950,54
648,075	2973,54
648,331	2937,54
648,588	2933,54
648,844	2901,54
649,101	2864,54
649,357	2821,54
649,613	2811,54
649,87	2787,54
650,126	2803,54
650,383	2793,54
650,639	2730,54
650,895	2736,54
651,152	2718,54
651,408	2660,54
651,664	2658,54
651,921	2629,54
652,177	2656,54
652,433	2606,54
652,689	2592,54
652,946	2578,54
653,202	2555,54
653,458	2525,54
653,715	2543,54
653,971	2479,54
654,227	2538,54
654,483	2487,54
654,739	2430,54
654,996	2427,54
655,252	2390,54
655,508	2355,54
655,764	2359,54
656,02	2332,54
656,277	2306,54
656,533	2289,54
656,789	2281,54
657,045	2267,54
657,301	2222,54
657,557	2240,54
657,813	2218,54
658,07	2175,54
658,326	2165,54
658,582	2137,54
658,838	2136,54
659,094	2105,54
659,35	2138,54
659,606	2083,54
659,862	2044,54
660,118	2067,54
660,374	2043,54
660,63	2035,54
660,886	1996,54
661,142	1987,54
661,398	1965,54
661,654	1981,54
661,91	1956,54
662,166	1903,54
662,422	1861,54
662,678	1890,54
662,934	1864,54
663,19	1851,54
663,446	1860,54
663,702	1825,54
663,957	1800,54
664,213	1751,54
664,469	1770,54
664,725	1804,54
664,981	1752,54
665,237	1746,54
665,493	1736,54
665,749	1723,54
666,004	1700,54
666,26	1668,54
666,516	1679,54
666,772	1651,54
667,028	1629,54
667,283	1639,54
667,539	1604,54
667,795	1586,54
668,051	1547,54
668,307	1544,54
668,562	1592,54
668,818	1556,54
669,074	1533,54
669,329	1484,54
669,585	1491,54
669,841	1452,54
670,097	1461,54
670,352	1461,54
670,608	1455,54
670,864	1420,54
671,119	1414,54
671,375	1402,54
671,631	1388,54
671,886	1375,54
672,142	1395,54
672,397	1372,54
672,653	1345,54
672,909	1327,54
673,164	1304,54
673,42	1346,54
673,675	1305,54
673,931	1316,54
674,186	1252,54
674,442	1262,54
674,698	1258,54
674,953	1225,54
675,209	1251,54
675,464	1219,54
675,72	1214,54
675,975	1180,54
676,231	1187,54
676,486	1171,54
676,742	1197,54
676,997	1156,54
677,252	1164,54
677,508	1159,54
677,763	1112,54
678,019	1122,54
678,274	1090,54
678,53	1114,54
678,785	1113,54
679,04	1087,54
679,296	1091,54
679,551	1049,54
679,806	1026,54
680,062	1041,54
680,317	1019,54
680,572	1010,54
680,828	1026,54
681,083	1004,54
681,338	1027,54
681,594	996,54
681,849	979,54
682,104	966,54
682,36	973,54
682,615	987,54
682,87	932,54
683,125	964,54
683,381	953,54
683,636	923,54
683,891	925,54
684,146	930,54
684,401	908,54
684,657	935,54
684,912	883,54
685,167	885,54
685,422	893,54
685,677	875,54
685,932	858,54
686,188	882,54
686,443	863,54
686,698	824,54
686,953	819,54
687,208	822,54
687,463	816,54
687,718	823,54
687,973	806,54
688,228	793,54
688,483	795,54
688,739	813,54
688,994	763,54
689,249	792,54
689,504	776,54
689,759	763,54
690,014	769,54
690,269	775,54
690,524	729,54
690,779	716,54
691,034	710,54
691,289	734,54
691,544	721,54
691,798	717,54
692,053	715,54
692,308	717,54
692,563	688,54
692,818	664,54
693,073	652,54
693,328	652,54
693,583	668,54
693,838	656,54
694,093	637,54
694,347	642,54
694,602	644,54
694,857	635,54
695,112	636,54
695,367	646,54
695,622	631,54
695,876	611,54
696,131	605,54
696,386	590,54
696,641	585,54
696,896	573,54
697,15	596,54
697,405	584,54
697,66	585,54
697,915	590,54
698,169	556,54
698,424	563,54
698,679	558,54
698,933	573,54
699,188	551,54
699,443	552,54
699,698	528,54
699,952	542,54
700,207	521,54
700,461	502,54
700,716	511,54
700,971	509,54
701,225	499,54
701,48	495,54
701,735	501,54
701,989	499,54
702,244	491,54
702,498	479,54
702,753	496,54
703,007	495,54
703,262	474,54
703,517	476,54
703,771	457,54
704,026	445,54
704,28	445,54
704,535	445,54
704,789	424,54
705,044	429,54
705,298	445,54
705,553	424,54
705,807	425,54
706,062	445,54
706,316	431,54
706,57	403,54
706,825	384,54
707,079	411,54
707,334	400,54
707,588	419,54
707,842	402,54
708,097	379,54
708,351	375,54
708,606	369,54
708,86	367,54
709,114	377,54
709,369	377,54
709,623	384,54
709,877	363,54
710,132	363,54
710,386	348,54
710,64	365,54
710,895	359,54
711,149	357,54
711,403	337,54
711,657	346,54
711,912	365,54
712,166	334,54
712,42	349,54
712,674	308,54
712,928	304,54
713,183	328,54
713,437	335,54
713,691	316,54
713,945	321,54
714,199	309,54
714,454	301,54
714,708	303,54
714,962	306,54
715,216	307,54
715,47	301,54
715,724	306,54
715,978	301,54
716,233	294,54
716,487	291,54
716,741	283,54
716,995	285,54
717,249	292,54
717,503	294,54
717,757	274,54
718,011	254,54
718,265	253,54
718,519	268,54
718,773	252,54
719,027	259,54
719,281	253,54
719,535	244,54
719,789	267,54
720,043	251,54
720,297	256,54
720,551	237,54
720,805	246,54
721,059	245,54
721,313	238,54
721,567	223,54
721,821	229,54
722,074	230,54
722,328	208,54
722,582	196,54
722,836	215,54
723,09	220,54
723,344	223,54
723,598	221,54
723,851	204,54
724,105	200,54
724,359	210,54
724,613	204,54
724,867	216,54
725,121	214,54
725,374	196,54
725,628	191,54
725,882	188,54
726,136	196,54
726,389	196,54
726,643	184,54
726,897	189,54
727,151	188,54
727,404	199,54
727,658	198,54
727,912	184,54
728,165	179,54
728,419	173,54
728,673	175,54
728,926	174,54
729,18	182,54
729,434	163,54
729,687	173,54
729,941	166,54
730,195	175,54
730,448	174,54
730,702	156,54
730,955	175,54
731,209	145,54
731,462	158,54
731,716	156,54
731,97	158,54
732,223	135,54
732,477	141,54
732,73	155,54
732,984	160,54
733,237	159,54
733,491	154,54
733,744	164,54
733,998	152,54
734,251	137,54
734,505	136,54
734,758	150,54
735,012	139,54
735,265	132,54
735,518	122,54
735,772	130,54
736,025	141,54
736,279	139,54
736,532	133,54
736,785	137,54
737,039	131,54
737,292	132,54
737,546	123,54
737,799	114,54
738,052	127,54
738,306	123,54
738,559	120,54
738,812	110,54
739,066	105,54
739,319	110,54
739,572	124,54
739,825	117,54
740,079	100,54
740,332	107,54
740,585	110,54
740,838	112,54
741,092	117,54
741,345	112,54
741,598	109,54
741,851	107,54
742,104	112,54
742,358	127,54
742,611	110,54
742,864	92,54
743,117	100,54
743,37	95,54
743,623	110,54
743,877	106,54
744,13	87,54
744,383	100,54
744,636	89,54
744,889	89,54
745,142	84,54
745,395	80,54
745,648	98,54
745,901	86,54
746,154	75,54
746,408	95,54
746,661	103,54
746,914	80,54
747,167	81,54
747,42	88,54
747,673	89,54
747,926	91,54
748,179	97,54
748,432	80,54
748,685	74,54
748,938	80,54
749,19	79,54
749,443	80,54
749,696	75,54
749,949	81,54
750,202	75,54
750,455	83,54
750,708	68,54
750,961	59,54
751,214	73,54
751,467	78,54
751,719	72,54
751,972	75,54
752,225	72,54
752,478	52,54
752,731	70,54
752,984	69,54
753,236	68,54
753,489	66,54
753,742	56,54
753,995	65,54
754,248	63,54
754,5	76,54
754,753	65,54
755,006	67,54
755,259	58,54
755,511	73,54
755,764	81,54
756,017	71,54
756,269	53,54
756,522	62,54
756,775	56,54
757,027	69,54
757,28	63,54
757,533	52,54
757,785	59,54
758,038	56,54
758,291	50,54
758,543	48,54
758,796	59,54
759,049	38,54
759,301	27,54
759,554	42,54
759,806	51,54
760,059	64,54
760,311	52,54
760,564	57,54
760,817	52,54
761,069	63,54
761,322	50,54
761,574	55,54
761,827	53,54
762,079	56,54
762,332	41,54
762,584	41,54
762,837	40,54
763,089	46,54
763,341	57,54
763,594	46,54
763,846	49,54
764,099	43,54
764,351	38,54
764,604	37,54
764,856	50,54
765,108	47,54
765,361	52,54
765,613	54,54
765,865	55,54
766,118	46,54
766,37	46,54
766,623	49,54
766,875	41,54
767,127	36,54
767,379	41,54
767,632	22,54
767,884	25,54
768,136	35,54
768,389	41,54
768,641	38,54
768,893	39,54
769,145	32,54
769,398	45,54
769,65	36,54
769,902	39,54
770,154	27,54
770,406	23,54
770,659	33,54
770,911	29,54
771,163	32,54
771,415	34,54
771,667	34,54
771,919	29,54
772,172	27,54
772,424	21,54
772,676	33,54
772,928	34,54
773,18	39,54
773,432	28,54
773,684	33,54
773,936	28,54
774,188	30,54
774,44	27,54
774,693	41,54
774,945	33,54
775,197	22,54
775,449	21,54
775,701	28,54
775,953	35,54
776,205	23,54
776,457	34,54
776,709	23,54
776,961	43,54
777,213	18,54
777,464	32,54
777,716	14,54
777,968	28,54
778,22	25,54
778,472	30,54
778,724	25,54
778,976	31,54
779,228	16,54
779,48	28,54
779,732	24,54
779,984	16,54
780,235	25,54
780,487	25,54
780,739	33,54
780,991	16,54
781,243	23,54
781,494	42,54
781,746	17,54
781,998	3,54
782,25	30,54
782,502	36,54
782,753	31,54
783,005	39,54
783,257	23,54
783,509	24,54
783,76	25,54
784,012	15,54
784,264	38,54
784,515	22,54
784,767	12,54
785,019	7,54
785,271	11,54
785,522	11,54
785,774	15,54
786,026	20,54
786,277	6,54
786,529	27,54
786,78	8,54
787,032	15,54
787,284	12,54
787,535	13,54
787,787	20,54
788,038	24,54
788,29	12,54
788,541	27,54
788,793	23,54
789,045	16,54
789,296	17,54
789,548	14,54
789,799	11,54
790,051	23,54
790,302	21,54
790,554	12,54
790,805	13,54
791,057	19,54
791,308	16,54
791,559	7,54
791,811	17,54
792,062	8,54
792,314	11,54
792,565	17,54
792,817	22,54
793,068	14,54
793,319	13,54
793,571	12,54
793,822	23,54
794,073	17,54
794,325	14,54
794,576	26,54
794,827	18,54
795,079	11,54
795,33	15,54
795,581	12,54
795,833	3,54
796,084	8,54
796,335	6,54
796,587	7,54
796,838	16,54
797,089	0,54
797,34	-2,46
797,592	13,54
797,843	5,54
798,094	21,54
798,345	8,54
798,596	13,54
798,848	17,54
799,099	1,54
799,35	14,54
799,601	7,54
799,852	9,54
800,103	8,54
800,355	6,54
800,606	-1,46
800,857	16,54
801,108	9,54
801,359	12,54
801,61	10,54
801,861	19,54
802,112	15,54
802,363	9,54
802,614	9,54
802,865	1,54
803,116	8,54
803,367	15,54
803,618	11,54
803,869	25,54
804,12	10,54
804,371	30,54
804,622	2,54
804,873	-8,46
805,124	13,54
805,375	3,54
805,626	10,54
805,877	10,54
806,128	6,54
806,379	4,54
806,63	13,54
806,881	12,54
807,132	5,54
807,383	-6,46
807,634	-11,46
807,884	14,54
808,135	15,54
808,386	19,54
808,637	16,54
808,888	8,54
809,139	6,54
809,389	9,54
809,64	11,54
809,891	4,54
810,142	9,54
810,393	-1,46
810,643	4,54
810,894	6,54
811,145	21,54
811,396	1,54
811,646	-0,46
811,897	2,54
812,148	8,54
812,398	9,54
812,649	16,54
812,9	-0,46
813,151	11,54
813,401	-2,46
813,652	9,54
813,902	16,54
814,153	14,54
814,404	5,54
814,654	-2,46
814,905	2,54
815,156	-1,46
815,406	14,54
815,657	11,54
815,907	-1,46
816,158	13,54
816,408	12,54
816,659	-7,46
816,91	3,54
817,16	-0,46
817,411	13,54
817,661	8,54
817,912	12,54
818,162	4,54
818,413	1,54
818,663	15,54
818,914	3,54
819,164	0,54
819,414	0,54
819,665	12,54
819,915	8,54
820,166	1,54
820,416	0,54
820,667	16,54
820,917	10,54
821,167	0,54
821,418	-2,46
821,668	20,54
821,918	7,54
822,169	25,54
822,419	12,54
822,67	19,54
822,92	3,54
823,17	11,54
823,42	3,54
823,671	4,54
823,921	-4,46
824,171	6,54
824,422	8,54
824,672	1,54
824,922	7,54
825,172	9,54
825,423	-0,46
825,673	-12,46
825,923	6,54
826,173	2,54
826,423	1,54
826,674	4,54
826,924	-2,46
827,174	-3,46
827,424	2,54
827,674	10,54
827,924	14,54
828,175	8,54
828,425	3,54
828,675	-0,46
828,925	7,54
829,175	5,54
829,425	2,54
829,675	-7,46
829,925	2,54
830,175	7,54
830,425	4,54
830,675	2,54
830,925	6,54
831,175	7,54
831,425	17,54
831,676	5,54
831,926	-2,46
832,175	0,54
832,425	7,54
832,675	8,54
832,925	11,54
833,175	13,54
833,425	-3,46
833,675	11,54
833,925	0,54
834,175	11,54
834,425	-7,46
834,675	14,54
834,925	5,54
835,175	13,54
835,425	7,54
835,674	3,54
835,924	12,54
836,174	9,54
836,424	3,54
836,674	12,54
836,924	16,54
837,173	7,54
837,423	12,54
837,673	24,54
837,923	-2,46
838,173	-0,46
838,422	6,54
838,672	7,54
838,922	4,54
839,172	0,54
839,421	9,54
839,671	-0,46
839,921	9,54
840,17	3,54
840,42	8,54
840,67	12,54
840,919	-0,46
841,169	6,54
841,419	2,54
841,668	-11,46
841,918	-2,46
842,168	13,54
842,417	-2,46
842,667	8,54
842,916	3,54
843,166	14,54
843,416	7,54
843,665	10,54
843,915	10,54
844,164	4,54
844,414	3,54
844,663	5,54
844,913	3,54
845,162	8,54
845,412	12,54
845,662	4,54
845,911	-12,46
846,16	3,54
846,41	3,54
846,659	6,54
846,909	5,54
847,158	5,54
847,408	-2,46
847,657	0,54
847,907	3,54
848,156	6,54
848,405	8,54
848,655	0,54
848,904	-0,46
849,154	8,54
849,403	19,54
849,652	7,54
849,902	4,54
850,151	-2,46
850,4	-4,46
850,65	11,54
850,899	-2,46
851,148	14,54
851,398	-7,46
851,647	-3,46
851,896	-2,46
852,145	2,54
852,395	-2,46
852,644	8,54
852,893	4,54
853,142	5,54
853,392	2,54
853,641	-3,46
853,89	-9,46
854,139	4,54
854,388	-0,46
854,637	3,54
854,887	17,54
855,136	2,54
855,385	4,54
855,634	1,54
855,883	10,54
856,132	3,54
856,381	3,54
856,631	3,54
856,88	-0,46
857,129	6,54
857,378	8,54
857,627	5,54
857,876	1,54
858,125	-3,46
858,374	6,54
858,623	4,54
858,872	13,54
859,121	1,54
859,37	2,54
859,619	10,54
859,868	-6,46
860,117	4,54
860,366	8,54
860,615	4,54
860,864	11,54
861,113	11,54
861,362	-3,46
861,611	-7,46
861,86	2,54
862,108	-5,46
862,357	9,54
862,606	12,54
862,855	7,54
863,104	3,54
863,353	6,54
863,602	-0,46
863,851	7,54
864,099	3,54
864,348	-0,46
864,597	4,54
864,846	-4,46
865,095	8,54
865,343	0,54
865,592	1,54
865,841	0,54
866,09	13,54
866,338	-5,46
866,587	2,54
866,836	2,54
867,085	-2,46
867,333	7,54
867,582	2,54
867,831	12,54
868,079	11,54
868,328	11,54
868,577	9,54
868,825	1,54
869,074	1,54
869,323	11,54
869,571	-3,46
869,82	-5,46
870,068	6,54
870,317	3,54
870,566	-6,46
870,814	8,54
871,063	1,54
871,311	3,54
871,56	0,54
871,808	-8,46
872,057	4,54
872,306	9,54
872,554	3,54
872,803	-5,46
873,051	2,54
873,3	-2,46
873,548	0,54
873,797	1,54
874,045	7,54
874,293	9,54
874,542	2,54
874,79	-2,46
875,039	0,54
875,287	1,54
875,536	7,54
875,784	13,54
876,032	5,54
876,281	3,54
876,529	3,54
876,777	-0,46
877,026	14,54
877,274	-0,46
877,523	2,54
877,771	11,54
878,019	11,54
878,267	1,54
878,516	5,54
878,764	5,54
879,012	-7,46
879,261	16,54
879,509	-3,46
879,757	0,54
880,005	1,54
880,254	-7,46
880,502	4,54
880,75	4,54
880,998	10,54
881,246	8,54
881,495	8,54
881,743	-2,46
881,991	7,54
882,239	0,54
882,487	1,54
882,735	8,54
882,984	-7,46
883,232	7,54
883,48	1,54
883,728	5,54
883,976	10,54
884,224	11,54
884,472	8,54
884,72	3,54
884,968	-8,46
885,216	7,54
885,464	7,54
885,712	16,54
885,96	-0,46
886,208	7,54
886,457	-0,46
886,704	-2,46
886,952	12,54
887,2	2,54
887,448	-2,46
887,696	8,54
887,944	1,54
888,192	-8,46
888,44	-4,46
888,688	-10,46
888,936	2,54
889,184	-0,46
889,432	5,54
889,68	5,54
889,928	1,54
890,175	-9,46
890,423	7,54
890,671	13,54
890,919	1,54
891,167	-2,46
891,415	-0,46
891,663	3,54
891,91	9,54
892,158	11,54
892,406	6,54
892,654	14,54
892,901	-6,46
893,149	-4,46
893,397	5,54
893,645	-3,46
893,892	4,54
894,14	3,54
894,388	-3,46
894,636	0,54
894,883	-9,46
895,131	-6,46
895,379	-0,46
895,626	9,54
895,874	8,54
896,122	7,54
896,369	-2,46
896,617	-6,46
896,864	-0,46
897,112	-8,46
897,36	3,54
897,607	6,54
897,855	5,54
898,102	1,54
898,35	18,54
898,598	-4,46
898,845	4,54
899,093	-0,46
899,34	6,54
899,588	11,54
899,835	-3,46
900,083	3,54
900,33	-4,46
900,578	8,54
900,825	6,54
901,073	9,54
901,32	-3,46
901,568	3,54
901,815	9,54
902,062	-1,46
902,31	-0,46
902,557	6,54
902,805	7,54
903,052	4,54
903,299	5,54
903,547	9,54
903,794	8,54
904,042	5,54
904,289	0,54
904,536	6,54
904,784	8,54
905,031	7,54
905,278	0,54
905,525	5,54
905,773	-2,46
906,02	8,54
906,267	2,54
906,515	-5,46
906,762	3,54
907,009	3,54
907,256	8,54
907,504	8,54
907,751	4,54
907,998	-7,46
908,245	-6,46
908,492	-0,46
908,74	0,54
908,987	-0,46
909,234	14,54
909,481	-6,46
909,728	-5,46
909,975	1,54
910,222	7,54
910,47	9,54
910,717	1,54
910,964	7,54
911,211	3,54
911,458	10,54
911,705	1,54
911,952	-5,46
912,199	2,54
912,446	1,54
912,693	-5,46
912,94	3,54
913,187	7,54
913,434	5,54
913,681	9,54
913,928	-6,46
914,175	4,54
914,422	3,54
914,669	5,54
914,916	7,54
915,163	22,54
915,41	5,54
915,657	2,54
915,904	16,54
916,151	1,54
916,398	-2,46
916,644	-12,46
916,891	-3,46
917,138	2,54
917,385	-0,46
917,632	8,54
917,879	12,54
918,126	12,54
918,372	1,54
918,619	-0,46
918,866	-1,46
919,113	1,54
919,36	5,54
919,606	5,54
919,853	-0,46
920,1	6,54
920,347	5,54
920,593	16,54
920,84	4,54
921,087	7,54
921,334	4,54
921,58	0,54
921,827	3,54
922,074	-2,46
922,32	-6,46
922,567	9,54
922,814	3,54
923,06	13,54
923,307	-4,46
923,554	-6,46
923,8	0,54
924,047	-1,46
924,293	5,54
924,54	-13,46
924,787	4,54
925,033	2,54
925,28	-3,46
925,526	7,54
925,773	-2,46
926,019	3,54
926,266	-0,46
926,512	9,54
926,759	1,54
927,005	-1,46
927,252	9,54
927,498	11,54
927,745	3,54
927,991	1,54
928,238	13,54
928,484	9,54
928,731	0,54
928,977	1,54
929,223	2,54
929,47	-0,46
929,716	0,54
929,963	-4,46
930,209	-1,46
930,455	8,54
930,702	1,54
930,948	-1,46
931,194	9,54
931,441	9,54
931,687	3,54
931,933	19,54
932,18	-7,46
932,426	-4,46
932,672	3,54
932,919	-3,46
933,165	8,54
933,411	6,54
933,657	12,54
933,904	-1,46
934,15	9,54
934,396	7,54
934,642	1,54
934,889	-0,46
935,135	-2,46
935,381	9,54
935,627	-1,46
935,873	3,54
936,119	9,54
936,366	-4,46
936,612	-2,46
936,858	8,54
937,104	8,54
937,35	7,54
937,596	7,54
937,842	8,54
938,088	0,54
938,334	4,54
938,58	7,54
938,827	-7,46
939,073	-1,46
939,319	1,54
939,565	16,54
939,811	9,54
940,057	2,54
940,303	15,54
940,549	-3,46
940,795	6,54
941,041	6,54
941,287	-1,46
941,533	2,54
941,778	8,54
942,024	9,54
942,27	0,54
942,516	-3,46
942,762	-3,46
943,008	5,54
943,254	-7,46
943,5	3,54
943,746	0,54
943,992	1,54
944,237	10,54
944,483	2,54
944,729	0,54
944,975	1,54
945,221	2,54
945,467	6,54
945,712	-10,46
945,958	-0,46
946,204	-1,46
946,45	7,54
946,695	-5,46
946,941	-4,46
947,187	3,54
947,433	-7,46
947,678	9,54
947,924	0,54
948,17	-3,46
948,415	-4,46
948,661	1,54
948,907	4,54
949,153	7,54
949,398	-2,46
949,644	-8,46
949,889	3,54
950,135	-3,46
950,381	5,54
950,626	7,54
950,872	3,54
951,118	8,54
951,363	-0,46
951,609	1,54
951,854	4,54
952,1	-3,46
952,345	-19,46
952,591	-2,46
952,836	-1,46
953,082	-3,46
953,327	-7,46
953,573	9,54
953,818	0,54
954,064	3,54
954,309	1,54
954,555	1,54
954,8	4,54
955,046	8,54
955,291	4,54
955,537	0,54
955,782	9,54
956,027	-0,46
956,273	3,54
956,518	21,54
956,764	3,54
957,009	6,54
957,254	-4,46
957,5	-5,46
957,745	-7,46
957,99	10,54
958,236	17,54
958,481	20,54
958,726	-8,46
958,972	-2,46
959,217	4,54
959,462	7,54
959,707	15,54
959,953	11,54
960,198	13,54
960,443	-6,46
960,688	7,54
960,934	3,54
961,179	-5,46
961,424	-1,46
961,669	-0,46
961,914	-6,46
962,16	3,54
962,405	-1,46
962,65	4,54
962,895	8,54
963,14	4,54
963,385	-9,46
963,63	-5,46
963,876	4,54
964,121	11,54
964,366	-1,46
964,611	5,54
964,856	-2,46
965,101	-1,46
965,346	7,54
965,591	-0,46
965,836	6,54
966,081	3,54
966,326	2,54
966,571	2,54
966,816	-0,46
967,061	7,54
967,306	-3,46
967,551	-5,46
967,796	0,54
968,041	-8,46
968,286	-7,46
968,531	-4,46
968,776	9,54
969,021	-0,46
969,266	12,54
969,511	-5,46
969,755	-0,46
970	-12,46
970,245	0,54
970,49	-6,46
970,735	5,54
970,98	9,54
971,225	4,54
971,469	8,54
971,714	4,54
971,959	-7,46
972,204	-6,46
972,449	7,54
972,693	13,54
972,938	-1,46
973,183	-7,46
973,428	-0,46
973,672	-2,46
973,917	-0,46
974,162	1,54
974,407	-5,46
974,651	-4,46
974,896	5,54
975,141	4,54
975,385	-2,46
975,63	4,54
975,875	1,54
976,119	-1,46
976,364	-2,46
976,608	1,54
976,853	-9,46
977,098	-5,46
977,342	7,54
977,587	-7,46
977,831	3,54
978,076	-1,46
978,321	-0,46
978,565	-11,46
978,81	-7,46
979,054	-2,46
979,299	9,54
979,543	14,54
979,788	0,54
980,032	0,54
980,277	12,54
980,521	-2,46
980,766	-2,46
981,01	1,54
981,255	4,54
981,499	2,54
981,743	-0,46
981,988	2,54
982,232	5,54
982,477	-7,46
982,721	7,54
982,965	8,54
983,21	-4,46
983,454	-5,46
983,699	2,54
983,943	-5,46
984,187	4,54
984,432	1,54
984,676	-1,46
984,92	-9,46
985,165	-3,46
985,409	4,54
985,653	0,54
985,897	-12,46
986,142	0,54
986,386	1,54
986,63	-3,46
986,874	3,54
987,119	-5,46
987,363	1,54
987,607	6,54
987,851	17,54
988,095	9,54
988,34	7,54
988,584	-3,46
988,828	-9,46
989,072	-9,46
989,316	-0,46
989,56	-1,46
989,804	10,54
990,049	7,54
990,293	-6,46
990,537	-6,46
990,781	-3,46
991,025	-6,46
991,269	-4,46
991,513	0,54
991,757	7,54
992,001	5,54
992,245	0,54
992,489	16,54
992,733	-2,46
992,977	-6,46
993,221	-10,46
993,465	-1,46
993,709	-0,46
993,953	2,54
994,197	-20,46
994,441	-2,46
994,685	6,54
994,929	-7,46
995,173	-0,46
995,417	4,54
995,661	-5,46
995,904	5,54
996,148	9,54
996,392	0,54
996,636	-5,46
996,88	0,54
997,124	-5,46
997,368	2,54
997,611	-1,46
997,855	1,54
998,099	3,54
998,343	-1,46
998,587	-3,46
998,83	5,54
999,074	2,54
999,318	-12,46
999,562	5,54
999,805	0,54
1000,049	-0,46
1000,293	-3,46
1000,537	7,54
1000,78	-7,46
1001,024	4,54
1001,268	-1,46
1001,511	-4,46
1001,755	1,54
1001,999	4,54
1002,242	0,54
1002,486	4,54
1002,73	-4,46
1002,973	-5,46
1003,217	4,54
1003,46	1,54
1003,704	10,54
1003,948	3,54
1004,191	-6,46
1004,435	-2,46
1004,678	7,54
1004,922	0,54
1005,165	-5,46
1005,409	-7,46
1005,652	-3,46
1005,896	-5,46
1006,139	-0,46
1006,383	-7,46
1006,626	-8,46
1006,87	1,54
1007,113	-1,46
1007,357	0,54
1007,6	-6,46
1007,844	-10,46
1008,087	4,54
1008,33	9,54
1008,574	-10,46
1008,817	-7,46
1009,061	-2,46
1009,304	9,54
1009,547	-9,46
1009,791	-9,46
1010,034	-2,46
1010,277	6,54
1010,521	-0,46
1010,764	7,54
1011,007	0,54
1011,251	2,54
1011,494	1,54
1011,737	0,54
1011,98	11,54
1012,224	4,54
1012,467	0,54
1012,71	-1,46
1012,953	-0,46
1013,197	-5,46
1013,44	-2,46
1013,683	1,54
1013,926	-0,46
1014,169	-7,46
1014,413	0,54
1014,656	-0,46
1014,899	3,54
1015,142	-6,46
1015,385	1,54
1015,628	-4,46
1015,871	-7,46
1016,115	5,54
1016,358	-1,46
1016,601	4,54
1016,844	4,54
1017,087	-2,46
1017,33	6,54
1017,573	4,54
1017,816	-4,46
1018,059	1,54
1018,302	-6,46
1018,545	-7,46
1018,788	10,54
1019,031	-0,46
1019,274	2,54
1019,517	-8,46
1019,76	4,54
1020,003	-0,46
1020,246	13,54
1020,489	9,54
1020,732	-0,46
1020,975	-3,46
1021,218	-5,46
1021,461	-4,46
1021,703	-3,46
1021,946	5,54
1022,189	6,54
1022,432	-7,46
1022,675	2,54
1022,918	2,54
1023,161	3,54
1023,403	0,54
1023,646	-2,46
1023,889	9,54
1024,132	3,54
1024,375	-2,46
1024,617	-2,46
1024,86	1,54
1025,103	3,54
1025,346	-5,46
1025,588	-5,46
1025,831	5,54
1026,074	-2,46
1026,317	5,54
1026,559	-4,46
1026,802	0,54
1027,045	6,54
1027,287	3,54
1027,53	-4,46
1027,773	7,54
1028,015	7,54
1028,258	0,54
1028,501	-2,46
1028,743	-4,46
1028,986	0,54
1029,228	-1,46
1029,471	19,54
1029,714	-1,46
1029,956	1,54
1030,199	4,54
1030,441	-0,46
1030,684	-0,46
1030,926	-0,46
1031,169	-6,46
1031,411	-5,46
1031,654	-6,46
1031,896	2,54
1032,139	-3,46
1032,381	-7,46
1032,624	9,54
1032,866	4,54
1033,109	-4,46
1033,351	-5,46
1033,594	-6,46
1033,836	-16,46
1034,079	0,54
1034,321	-7,46
1034,563	4,54
1034,806	8,54
1035,048	-0,46
1035,29	-3,46
1035,533	8,54
1035,775	4,54
1036,018	12,54
1036,26	8,54
1036,502	3,54
1036,744	-0,46
1036,987	-7,46
1037,229	-6,46
1037,471	-11,46
1037,714	-10,46
1037,956	0,54
1038,198	3,54
1038,44	0,54
1038,683	3,54
1038,925	3,54
1039,167	-5,46
1039,409	-0,46
1039,651	5,54
1039,894	-4,46
1040,136	-3,46
1040,378	7,54
1040,62	-1,46
1040,862	-4,46
1041,104	-9,46
1041,347	-4,46
1041,589	13,54
1041,831	9,54
1042,073	-2,46
1042,315	1,54
1042,557	7,54
1042,799	-5,46
1043,041	-11,46
1043,283	1,54
1043,525	-11,46
1043,767	-4,46
1044,009	6,54
1044,251	12,54
1044,493	1,54
1044,735	0,54
1044,977	8,54
1045,219	-15,46
1045,461	-1,46
1045,703	4,54
1045,945	10,54
1046,187	-7,46
1046,429	-7,46
1046,671	2,54
1046,913	3,54
1047,155	-3,46
1047,397	-8,46
1047,639	-2,46
1047,881	-1,46
1048,122	0,54
1048,364	5,54
1048,606	-9,46
1048,848	7,54
1049,09	3,54
1049,332	-11,46
1049,573	-0,46
1049,815	-3,46
1050,057	-17,46
1050,299	-3,46
1050,541	-10,46
1050,782	-2,46
1051,024	0,54
1051,266	-1,46
1051,508	4,54
1051,749	1,54
1051,991	-7,46
1052,233	7,54
1052,474	-6,46
1052,716	-2,46
1052,958	1,54
1053,199	8,54
1053,441	-2,46
1053,683	-8,46
1053,924	-5,46
1054,166	10,54
1054,408	-4,46
1054,649	1,54
1054,891	-1,46
1055,132	-6,46
1055,374	1,54
1055,616	8,54
1055,857	-3,46
1056,099	-4,46
1056,34	-6,46
1056,582	5,54
1056,823	-0,46
1057,065	-12,46
1057,306	7,54
1057,548	8,54
1057,789	10,54
1058,031	4,54
1058,272	0,54
1058,514	-6,46
1058,755	-9,46
1058,997	4,54
1059,238	-7,46
1059,479	-3,46
1059,721	-0,46
1059,962	0,54
1060,204	-4,46
1060,445	-0,46
1060,686	8,54
1060,928	-1,46
1061,169	-1,46
1061,41	-4,46
1061,652	0,54
1061,893	-6,46
1062,134	8,54
1062,376	4,54
1062,617	5,54
1062,858	3,54
1063,1	5,54
1063,341	4,54
1063,582	-5,46
1063,823	-7,46
1064,065	-10,46
1064,306	2,54
1064,547	-0,46
1064,788	-10,46
1065,029	-0,46
1065,271	5,54
1065,512	3,54
1065,753	-1,46
1065,994	1,54
1066,235	-8,46
1066,476	0,54
1066,718	-10,46
1066,959	5,54
1067,2	-6,46
1067,441	2,54
1067,682	-4,46
1067,923	-1,46
1068,164	3,54
1068,405	5,54
1068,646	2,54
1068,887	-1,46
1069,128	-2,46
1069,369	2,54
1069,61	-6,46
1069,851	-1,46
1070,092	3,54
1070,333	1,54
1070,574	0,54
1070,815	2,54
1071,056	2,54
1071,297	2,54
1071,538	7,54
1071,779	12,54
1072,02	-1,46
1072,261	0,54
1072,502	-3,46
1072,743	8,54
1072,984	11,54
1073,225	3,54
1073,466	0,54
1073,706	-7,46
1073,947	4,54
1074,188	8,54
1074,429	5,54
1074,67	16,54
1074,911	2,54
1075,151	-2,46
1075,392	2,54
1075,633	5,54
1075,874	2,54
1076,114	11,54
1076,355	14,54
1076,596	5,54
1076,837	1,54
1077,077	14,54
1077,318	11,54
1077,559	4,54
1077,8	-4,46
1078,04	7,54
1078,281	-3,46
1078,522	9,54
1078,762	-1,46
1079,003	-2,46
1079,244	-2,46
1079,484	-3,46
1079,725	-5,46
1079,965	-0,46
1080,206	-5,46
1080,447	-2,46
1080,687	5,54
1080,928	-3,46
1081,168	1,54
1081,409	4,54
1081,649	-5,46
1081,89	2,54
1082,131	-18,46
1082,371	-11,46
1082,612	7,54
1082,852	11,54
1083,093	4,54
1083,333	1,54
1083,573	2,54
1083,814	-1,46
1084,054	2,54
1084,295	2,54
1084,535	5,54
1084,776	-6,46
1085,016	5,54
1085,257	-3,46
1085,497	2,54
1085,737	5,54
1085,978	-5,46
1086,218	8,54
1086,458	6,54
1086,699	6,54
1086,939	17,54
1087,179	5,54
1087,42	7,54
1087,66	-0,46
1087,9	-0,46
1088,141	13,54
1088,381	-1,46
1088,621	3,54
1088,861	-8,46
1089,102	7,54
1089,342	0,54
1089,582	-6,46
1089,822	1,54
1090,063	8,54
1090,303	-8,46
1090,543	13,54
1090,783	-2,46
1091,023	1,54
1091,263	0,54
1091,504	10,54
1091,744	8,54
1091,984	5,54
1092,224	3,54
1092,464	0,54
1092,704	15,54
1092,944	7,54
1093,184	4,54
1093,425	4,54
1093,665	0,54
1093,905	5,54
1094,145	4,54
1094,385	7,54
1094,625	7,54
1094,865	-4,46
1095,105	-0,46
1095,345	0,54
1095,585	-6,46
1095,825	4,54
1096,065	-2,46
1096,305	5,54
1096,545	-4,46
1096,785	-1,46
1097,025	11,54
1097,265	-1,46
1097,504	-8,46
1097,744	-9,46
1097,984	-3,46
1098,224	-2,46
1098,464	-4,46
1098,704	-1,46
1098,944	-2,46
1099,184	-4,46
1099,423	0,54
1099,663	-9,46
1099,903	1,54
1100,143	-5,46
1100,383	-0,46
1100,622	-2,46
1100,862	-13,46
1101,102	11,54
1101,342	-4,46
1101,582	6,54
1101,821	-1,46
1102,061	4,54
1102,301	7,54
1102,54	12,54
1102,78	1,54
1103,02	9,54
1103,26	-4,46
1103,499	1,54
1103,739	-1,46
1103,979	-5,46
1104,218	4,54
1104,458	-6,46
1104,697	-4,46
1104,937	2,54
1105,177	-6,46
1105,416	3,54
1105,656	-7,46
1105,896	-6,46
1106,135	3,54
1106,375	8,54
1106,614	11,54
1106,854	7,54
1107,093	1,54
1107,333	1,54
1107,572	-3,46
1107,812	-4,46
1108,051	8,54
1108,291	2,54
1108,53	6,54
1108,77	5,54
1109,009	-10,46
1109,249	-3,46
1109,488	-9,46
1109,728	3,54
1109,967	5,54
1110,206	-10,46
1110,446	-7,46
1110,685	-16,46
1110,925	1,54
1111,164	6,54
1111,403	5,54
1111,643	-8,46
1111,882	1,54
1112,121	-1,46
1112,361	-4,46
1112,6	9,54
1112,839	5,54
1113,079	-0,46
1113,318	2,54
1113,557	0,54
1113,796	-8,46
1114,036	-2,46
1114,275	-8,46
1114,514	0,54
1114,753	-6,46
1114,993	-10,46
1115,232	-0,46
1115,471	0,54
1115,71	5,54
1115,949	12,54
1116,188	-15,46
1116,428	-0,46
1116,667	8,54
1116,906	5,54
1117,145	8,54
1117,384	-4,46
1117,623	1,54
1117,862	4,54
1118,101	3,54
1118,341	-2,46
1118,58	3,54
1118,819	-2,46
1119,058	2,54
1119,297	4,54
1119,536	-7,46
1119,775	-0,46
1120,014	-3,46
1120,253	1,54
1120,492	1,54
1120,731	-2,46
1120,97	-3,46
1121,209	4,54
1121,448	-1,46
1121,687	-0,46
1121,926	3,54
1122,165	4,54
1122,404	1,54
1122,642	3,54
1122,881	15,54
1123,12	-2,46
1123,359	-8,46
1123,598	4,54
1123,837	6,54
1124,076	5,54
1124,315	-11,46
1124,553	-8,46
1124,792	-1,46
1125,031	5,54
1125,27	1,54
1125,509	-0,46
1125,747	0,54
1125,986	6,54
1126,225	-16,46
