195,326	-91,62
195,597	-91,62
195,868	-91,62
196,139	-8,62
196,409	2,38
196,68	-4,62
196,951	-10,62
197,221	-6,62
197,492	6,38
197,762	-1,62
198,033	2,38
198,304	-2,62
198,574	1,38
198,845	-4,62
199,116	-5,62
199,386	5,38
199,657	15,38
199,927	5,38
200,198	-2,62
200,468	-2,62
200,739	-1,62
201,009	3,38
201,28	1,38
201,551	-3,62
201,821	-6,62
202,092	6,38
202,362	3,38
202,633	11,38
202,903	-3,62
203,174	-11,62
203,444	-5,62
203,714	2,38
203,985	4,38
204,255	-1,62
204,526	-5,62
204,796	-5,62
205,067	2,38
205,337	3,38
205,607	-3,62
205,878	-15,62
206,148	2,38
206,419	0,38
206,689	4,38
206,959	-0,62
207,23	-2,62
207,5	-16,62
207,77	1,38
208,041	15,38
208,311	2,38
208,581	1,38
208,852	7,38
209,122	10,38
209,392	-2,62
209,663	-6,62
209,933	-12,62
210,203	-4,62
210,473	-4,62
210,744	-10,62
211,014	-9,62
211,284	-9,62
211,554	-8,62
211,825	-0,62
212,095	13,38
212,365	14,38
212,635	8,38
212,905	2,38
213,176	3,38
213,446	8,38
213,716	-1,62
213,986	11,38
214,256	2,38
214,526	0,38
214,797	0,38
215,067	-11,62
215,337	-0,62
215,607	10,38
215,877	13,38
216,147	-4,62
216,417	-2,62
216,687	-1,62
216,957	-0,62
217,227	2,38
217,497	-5,62
217,767	4,38
218,038	0,38
218,308	9,38
218,578	0,38
218,848	-4,62
219,118	3,38
219,388	-10,62
219,658	0,38
219,928	2,38
220,198	-2,62
220,468	-15,62
220,737	-9,62
221,007	-2,62
221,277	1,38
221,547	5,38
221,817	-7,62
222,087	0,38
222,357	5,38
222,627	11,38
222,897	14,38
223,167	-7,62
223,437	-12,62
223,707	-1,62
223,976	0,38
224,246	2,38
224,516	0,38
224,786	5,38
225,056	2,38
225,326	2,38
225,595	13,38
225,865	0,38
226,135	-7,62
226,405	-10,62
226,675	-15,62
226,944	2,38
227,214	2,38
227,484	-0,62
227,754	13,38
228,023	-7,62
228,293	1,38
228,563	13,38
228,833	10,38
229,102	11,38
229,372	0,38
229,642	-7,62
229,911	6,38
230,181	2,38
230,451	3,38
230,72	-3,62
230,99	6,38
231,26	2,38
231,529	-1,62
231,799	-3,62
232,069	8,38
232,338	6,38
232,608	3,38
232,877	4,38
233,147	-1,62
233,417	12,38
233,686	9,38
233,956	-1,62
234,225	6,38
234,495	-2,62
234,764	-0,62
235,034	8,38
235,304	0,38
235,573	-2,62
235,843	-4,62
236,112	-5,62
236,382	-11,62
236,651	-6,62
236,921	4,38
237,19	4,38
237,46	7,38
237,729	5,38
237,998	-7,62
238,268	7,38
238,537	0,38
238,807	8,38
239,076	0,38
239,346	5,38
239,615	4,38
239,884	4,38
240,154	-0,62
240,423	5,38
240,693	-2,62
240,962	4,38
241,231	8,38
241,501	-3,62
241,77	2,38
242,039	-0,62
242,309	4,38
242,578	1,38
242,847	-3,62
243,116	0,38
243,386	6,38
243,655	3,38
243,924	0,38
244,194	-1,62
244,463	2,38
244,732	-0,62
245,001	6,38
245,271	0,38
245,54	1,38
245,809	-4,62
246,078	22,38
246,347	6,38
246,617	-12,62
246,886	-5,62
247,155	4,38
247,424	0,38
247,693	-8,62
247,963	11,38
248,232	22,38
248,501	18,38
248,77	1,38
249,039	-6,62
249,308	11,38
249,577	24,38
249,846	1,38
250,115	-12,62
250,385	3,38
250,654	-3,62
250,923	-9,62
251,192	4,38
251,461	2,38
251,73	-0,62
251,999	7,38
252,268	8,38
252,537	-0,62
252,806	6,38
253,075	4,38
253,344	-1,62
253,613	-3,62
253,882	10,38
254,151	4,38
254,42	9,38
254,689	0,38
254,958	9,38
255,227	6,38
255,496	11,38
255,765	0,38
256,033	3,38
256,302	-9,62
256,571	-5,62
256,84	5,38
257,109	10,38
257,378	11,38
257,647	8,38
257,916	-1,62
258,184	-0,62
258,453	11,38
258,722	-20,62
258,991	2,38
259,26	-8,62
259,529	-2,62
259,797	4,38
260,066	1,38
260,335	4,38
260,604	-9,62
260,873	7,38
261,141	-6,62
261,41	-4,62
261,679	-14,62
261,948	4,38
262,216	11,38
262,485	8,38
262,754	6,38
263,022	3,38
263,291	10,38
263,56	-8,62
263,829	8,38
264,097	-1,62
264,366	2,38
264,635	-1,62
264,903	10,38
265,172	-6,62
265,44	12,38
265,709	16,38
265,978	-5,62
266,246	-7,62
266,515	7,38
266,784	0,38
267,052	9,38
267,321	-0,62
267,589	9,38
267,858	-10,62
268,126	9,38
268,395	9,38
268,663	11,38
268,932	-2,62
269,201	-1,62
269,469	5,38
269,738	5,38
270,006	5,38
270,275	-1,62
270,543	6,38
270,811	2,38
271,08	6,38
271,348	12,38
271,617	-1,62
271,885	-5,62
272,154	5,38
272,422	-4,62
272,691	6,38
272,959	5,38
273,227	1,38
273,496	-2,62
273,764	-1,62
274,033	-10,62
274,301	1,38
274,569	8,38
274,838	7,38
275,106	10,38
275,374	7,38
275,643	-7,62
275,911	5,38
276,179	3,38
276,448	-7,62
276,716	2,38
276,984	-6,62
277,252	-5,62
277,521	2,38
277,789	9,38
278,057	6,38
278,325	-14,62
278,594	-6,62
278,862	-4,62
279,13	-4,62
279,398	7,38
279,667	1,38
279,935	1,38
280,203	-15,62
280,471	-2,62
280,739	-6,62
281,008	-1,62
281,276	2,38
281,544	13,38
281,812	-1,62
282,08	2,38
282,348	-3,62
282,616	-6,62
282,884	0,38
283,153	2,38
283,421	19,38
283,689	6,38
283,957	-2,62
284,225	-4,62
284,493	3,38
284,761	8,38
285,029	2,38
285,297	4,38
285,565	-4,62
285,833	1,38
286,101	0,38
286,369	2,38
286,637	8,38
286,905	4,38
287,173	5,38
287,441	5,38
287,709	6,38
287,977	5,38
288,245	-5,62
288,513	6,38
288,781	2,38
289,049	10,38
289,317	-0,62
289,585	-1,62
289,853	6,38
290,12	-2,62
290,388	-0,62
290,656	35,38
290,924	11,38
291,192	-3,62
291,46	-7,62
291,728	3,38
291,996	9,38
292,263	3,38
292,531	1,38
292,799	11,38
293,067	-6,62
293,335	9,38
293,602	18,38
293,87	-2,62
294,138	-11,62
294,406	0,38
294,673	-8,62
294,941	7,38
295,209	12,38
295,477	5,38
295,744	9,38
296,012	1,38
296,28	5,38
296,548	-2,62
296,815	-10,62
297,083	2,38
297,351	0,38
297,618	2,38
297,886	-7,62
298,154	-5,62
298,421	-11,62
298,689	-6,62
298,956	4,38
299,224	8,38
299,492	-1,62
299,759	1,38
300,027	-6,62
300,294	4,38
300,562	5,38
300,83	8,38
301,097	-0,62
301,365	-8,62
301,632	-5,62
301,9	-5,62
302,167	-3,62
302,435	6,38
302,702	-2,62
302,97	5,38
303,237	4,38
303,505	-0,62
303,772	-7,62
304,04	0,38
304,307	0,38
304,575	2,38
304,842	-14,62
305,11	11,38
305,377	6,38
305,645	-2,62
305,912	0,38
306,179	6,38
306,447	6,38
306,714	0,38
306,982	-0,62
307,249	12,38
307,516	-4,62
307,784	2,38
308,051	0,38
308,318	-3,62
308,586	-5,62
308,853	-3,62
309,12	2,38
309,388	-3,62
309,655	1,38
309,922	17,38
310,19	4,38
310,457	11,38
310,724	6,38
310,991	3,38
311,259	0,38
311,526	0,38
311,793	3,38
312,06	14,38
312,328	3,38
312,595	6,38
312,862	-11,62
313,129	-6,62
313,396	5,38
313,664	-2,62
313,931	1,38
314,198	-0,62
314,465	0,38
314,732	9,38
314,999	5,38
315,266	-15,62
315,534	9,38
315,801	-6,62
316,068	-12,62
316,335	-4,62
316,602	1,38
316,869	-9,62
317,136	-3,62
317,403	-4,62
317,67	3,38
317,937	8,38
318,204	0,38
318,471	6,38
318,738	2,38
319,005	-5,62
319,272	5,38
319,539	-14,62
319,806	-5,62
320,073	-9,62
320,34	-0,62
320,607	-0,62
320,874	0,38
321,141	-2,62
321,408	-6,62
321,675	8,38
321,942	5,38
322,209	-7,62
322,476	8,38
322,743	10,38
323,01	15,38
323,277	3,38
323,544	-2,62
323,81	0,38
324,077	8,38
324,344	4,38
324,611	11,38
324,878	4,38
325,145	-0,62
325,412	4,38
325,678	5,38
325,945	7,38
326,212	-1,62
326,479	-1,62
326,746	9,38
327,012	7,38
327,279	0,38
327,546	-4,62
327,813	-0,62
328,079	-4,62
328,346	-3,62
328,613	6,38
328,88	3,38
329,146	20,38
329,413	4,38
329,68	-3,62
329,946	4,38
330,213	-6,62
330,48	-2,62
330,746	3,38
331,013	2,38
331,28	8,38
331,546	8,38
331,813	0,38
332,08	6,38
332,346	-6,62
332,613	-7,62
332,879	-0,62
333,146	0,38
333,413	-3,62
333,679	4,38
333,946	7,38
334,212	-11,62
334,479	1,38
334,745	-1,62
335,012	1,38
335,278	7,38
335,545	-4,62
335,811	-5,62
336,078	7,38
336,344	19,38
336,611	5,38
336,877	5,38
337,144	14,38
337,41	-0,62
337,677	-3,62
337,943	3,38
338,21	-0,62
338,476	-1,62
338,742	17,38
339,009	9,38
339,275	3,38
339,542	12,38
339,808	5,38
340,074	-4,62
340,341	0,38
340,607	10,38
340,873	-3,62
341,14	-0,62
341,406	-6,62
341,672	-3,62
341,939	8,38
342,205	0,38
342,471	-8,62
342,738	5,38
343,004	-3,62
343,27	0,38
343,537	2,38
343,803	-9,62
344,069	-2,62
344,335	4,38
344,602	4,38
344,868	2,38
345,134	2,38
345,4	14,38
345,666	15,38
345,933	-4,62
346,199	-2,62
346,465	-9,62
346,731	7,38
346,997	8,38
347,263	-0,62
347,53	-10,62
347,796	5,38
348,062	-7,62
348,328	2,38
348,594	-3,62
348,86	3,38
349,126	4,38
349,392	6,38
349,659	-2,62
349,925	2,38
350,191	-5,62
350,457	2,38
350,723	2,38
350,989	-17,62
351,255	-2,62
351,521	13,38
351,787	6,38
352,053	1,38
352,319	5,38
352,585	-8,62
352,851	4,38
353,117	3,38
353,383	4,38
353,649	-1,62
353,915	-1,62
354,181	7,38
354,447	-10,62
354,713	1,38
354,978	-0,62
355,244	3,38
355,51	-1,62
355,776	9,38
356,042	14,38
356,308	8,38
356,574	6,38
356,84	-9,62
357,106	12,38
357,371	6,38
357,637	1,38
357,903	12,38
358,169	1,38
358,435	-4,62
358,701	2,38
358,966	2,38
359,232	-11,62
359,498	11,38
359,764	-2,62
360,029	4,38
360,295	-2,62
360,561	1,38
360,827	1,38
361,092	4,38
361,358	-5,62
361,624	-0,62
361,89	5,38
362,155	14,38
362,421	0,38
362,687	22,38
362,952	-5,62
363,218	1,38
363,484	5,38
363,749	-7,62
364,015	4,38
364,281	-1,62
364,546	13,38
364,812	8,38
365,077	1,38
365,343	-1,62
365,609	4,38
365,874	9,38
366,14	6,38
366,405	-0,62
366,671	1,38
366,936	-4,62
367,202	2,38
367,467	-2,62
367,733	-5,62
367,999	2,38
368,264	-4,62
368,53	-6,62
368,795	1,38
369,061	8,38
369,326	-2,62
369,591	-5,62
369,857	1,38
370,122	1,38
370,388	-3,62
370,653	-11,62
370,919	2,38
371,184	6,38
371,45	-3,62
371,715	-5,62
371,98	-5,62
372,246	4,38
372,511	6,38
372,776	-6,62
373,042	0,38
373,307	7,38
373,573	3,38
373,838	20,38
374,103	9,38
374,369	0,38
374,634	5,38
374,899	2,38
375,164	-1,62
375,43	1,38
375,695	-7,62
375,96	-0,62
376,226	8,38
376,491	-1,62
376,756	2,38
377,021	9,38
377,286	4,38
377,552	12,38
377,817	13,38
378,082	7,38
378,347	-7,62
378,613	-3,62
378,878	1,38
379,143	6,38
379,408	0,38
379,673	4,38
379,938	9,38
380,203	14,38
380,469	2,38
380,734	-2,62
380,999	1,38
381,264	-2,62
381,529	15,38
381,794	0,38
382,059	6,38
382,324	7,38
382,589	4,38
382,854	8,38
383,119	9,38
383,385	11,38
383,65	6,38
383,915	2,38
384,18	5,38
384,445	14,38
384,71	2,38
384,975	5,38
385,24	-1,62
385,505	0,38
385,77	-3,62
386,034	-3,62
386,299	1,38
386,564	-7,62
386,829	-14,62
387,094	-3,62
387,359	-1,62
387,624	12,38
387,889	6,38
388,154	3,38
388,419	4,38
388,684	-7,62
388,949	2,38
389,213	0,38
389,478	15,38
389,743	2,38
390,008	6,38
390,273	2,38
390,538	-4,62
390,802	-11,62
391,067	1,38
391,332	6,38
391,597	-3,62
391,862	9,38
392,126	8,38
392,391	0,38
392,656	11,38
392,921	-2,62
393,185	10,38
393,45	13,38
393,715	-2,62
393,979	1,38
394,244	-2,62
394,509	20,38
394,774	-1,62
395,038	3,38
395,303	13,38
395,568	8,38
395,832	2,38
396,097	4,38
396,361	4,38
396,626	23,38
396,891	2,38
397,155	2,38
397,42	21,38
397,685	5,38
397,949	11,38
398,214	12,38
398,478	11,38
398,743	-1,62
399,007	-5,62
399,272	8,38
399,536	-4,62
399,801	-0,62
400,066	-4,62
400,33	12,38
400,595	-2,62
400,859	19,38
401,124	2,38
401,388	6,38
401,652	7,38
401,917	9,38
402,181	0,38
402,446	-3,62
402,71	11,38
402,975	8,38
403,239	-6,62
403,504	2,38
403,768	3,38
404,032	12,38
404,297	4,38
404,561	6,38
404,826	12,38
405,09	4,38
405,354	-5,62
405,619	9,38
405,883	11,38
406,147	10,38
406,412	20,38
406,676	9,38
406,94	-0,62
407,205	8,38
407,469	15,38
407,733	14,38
407,997	-11,62
408,262	15,38
408,526	10,38
408,79	7,38
409,054	16,38
409,319	17,38
409,583	28,38
409,847	8,38
410,111	2,38
410,375	16,38
410,64	11,38
410,904	2,38
411,168	16,38
411,432	0,38
411,696	18,38
411,96	16,38
412,225	29,38
412,489	19,38
412,753	13,38
413,017	12,38
413,281	14,38
413,545	14,38
413,809	17,38
414,073	17,38
414,337	24,38
414,602	16,38
414,866	27,38
415,13	24,38
415,394	29,38
415,658	29,38
415,922	14,38
416,186	34,38
416,45	30,38
416,714	32,38
416,978	27,38
417,242	26,38
417,506	17,38
417,77	32,38
418,034	28,38
418,298	27,38
418,562	33,38
418,825	30,38
419,089	41,38
419,353	23,38
419,617	31,38
419,881	52,38
420,145	41,38
420,409	41,38
420,673	38,38
420,937	40,38
421,2	40,38
421,464	55,38
421,728	56,38
421,992	45,38
422,256	53,38
422,52	54,38
422,783	41,38
423,047	48,38
423,311	45,38
423,575	45,38
423,839	50,38
424,102	59,38
424,366	66,38
424,63	70,38
424,894	65,38
425,157	67,38
425,421	73,38
425,685	76,38
425,949	78,38
426,212	86,38
426,476	82,38
426,74	71,38
427,003	90,38
427,267	83,38
427,531	76,38
427,794	99,38
428,058	95,38
428,322	85,38
428,585	94,38
428,849	97,38
429,112	101,38
429,376	113,38
429,64	109,38
429,903	117,38
430,167	130,38
430,43	130,38
430,694	122,38
430,957	109,38
431,221	125,38
431,485	131,38
431,748	133,38
432,012	142,38
432,275	150,38
432,539	152,38
432,802	167,38
433,066	164,38
433,329	169,38
433,593	174,38
433,856	171,38
434,119	185,38
434,383	176,38
434,646	189,38
434,91	191,38
435,173	209,38
435,437	200,38
435,7	211,38
435,963	194,38
436,227	224,38
436,49	222,38
436,753	213,38
437,017	224,38
437,28	237,38
437,544	248,38
437,807	238,38
438,07	264,38
438,334	263,38
438,597	256,38
438,86	267,38
439,123	284,38
439,387	281,38
439,65	293,38
439,913	321,38
440,177	327,38
440,44	325,38
440,703	335,38
440,966	332,38
441,229	346,38
441,493	352,38
441,756	345,38
442,019	356,38
442,282	365,38
442,545	393,38
442,809	398,38
443,072	383,38
443,335	409,38
443,598	415,38
443,861	418,38
444,124	440,38
444,388	434,38
444,651	441,38
444,914	448,38
445,177	474,38
445,44	456,38
445,703	459,38
445,966	492,38
446,229	481,38
446,492	482,38
446,755	498,38
447,018	511,38
447,281	520,38
447,544	525,38
447,807	505,38
448,07	534,38
448,333	548,38
448,596	558,38
448,859	578,38
449,122	579,38
449,385	599,38
449,648	608,38
449,911	617,38
450,174	625,38
450,437	616,38
450,7	627,38
450,963	621,38
451,226	669,38
451,489	678,38
451,752	678,38
452,015	686,38
452,277	683,38
452,54	704,38
452,803	717,38
453,066	716,38
453,329	754,38
453,592	720,38
453,855	727,38
454,117	749,38
454,38	757,38
454,643	782,38
454,906	764,38
455,169	788,38
455,431	790,38
455,694	773,38
455,957	801,38
456,22	833,38
456,482	813,38
456,745	817,38
457,008	847,38
457,271	859,38
457,533	806,38
457,796	840,38
458,059	838,38
458,321	822,38
458,584	826,38
458,847	843,38
459,109	809,38
459,372	837,38
459,635	839,38
459,897	857,38
460,16	844,38
460,423	857,38
460,685	812,38
460,948	839,38
461,21	838,38
461,473	824,38
461,735	795,38
461,998	796,38
462,261	805,38
462,523	821,38
462,786	784,38
463,048	781,38
463,311	789,38
463,573	790,38
463,836	788,38
464,098	788,38
464,361	747,38
464,623	747,38
464,886	744,38
465,148	753,38
465,411	753,38
465,673	779,38
465,936	761,38
466,198	747,38
466,46	762,38
466,723	736,38
466,985	746,38
467,248	718,38
467,51	724,38
467,772	738,38
468,035	718,38
468,297	721,38
468,56	726,38
468,822	700,38
469,084	701,38
469,347	676,38
469,609	686,38
469,871	689,38
470,133	694,38
470,396	703,38
470,658	680,38
470,92	676,38
471,183	676,38
471,445	670,38
471,707	682,38
471,969	661,38
472,232	647,38
472,494	672,38
472,756	684,38
473,018	673,38
473,281	672,38
473,543	681,38
473,805	647,38
474,067	689,38
474,329	673,38
474,591	678,38
474,854	671,38
475,116	673,38
475,378	682,38
475,64	667,38
475,902	663,38
476,164	686,38
476,426	660,38
476,688	633,38
476,951	650,38
477,213	661,38
477,475	665,38
477,737	675,38
477,999	673,38
478,261	668,38
478,523	668,38
478,785	655,38
479,047	676,38
479,309	685,38
479,571	669,38
479,833	641,38
480,095	670,38
480,357	670,38
480,619	646,38
480,881	656,38
481,143	625,38
481,405	655,38
481,667	684,38
481,929	676,38
482,191	652,38
482,452	649,38
482,714	670,38
482,976	660,38
483,238	659,38
483,5	683,38
483,762	658,38
484,024	674,38
484,286	663,38
484,547	662,38
484,809	690,38
485,071	680,38
485,333	661,38
485,595	696,38
485,857	710,38
486,118	704,38
486,38	697,38
486,642	711,38
486,904	707,38
487,165	728,38
487,427	709,38
487,689	684,38
487,951	706,38
488,212	684,38
488,474	677,38
488,736	703,38
488,998	696,38
489,259	719,38
489,521	754,38
489,783	748,38
490,044	733,38
490,306	737,38
490,568	756,38
490,829	768,38
491,091	746,38
491,353	753,38
491,614	756,38
491,876	762,38
492,137	773,38
492,399	783,38
492,661	773,38
492,922	779,38
493,184	799,38
493,445	779,38
493,707	788,38
493,968	808,38
494,23	818,38
494,491	795,38
494,753	799,38
495,014	802,38
495,276	847,38
495,537	809,38
495,799	838,38
496,06	845,38
496,322	845,38
496,583	834,38
496,845	844,38
497,106	841,38
497,368	826,38
497,629	872,38
497,89	849,38
498,152	879,38
498,413	855,38
498,675	881,38
498,936	876,38
499,197	901,38
499,459	910,38
499,72	878,38
499,981	912,38
500,243	885,38
500,504	910,38
500,765	922,38
501,027	907,38
501,288	915,38
501,549	918,38
501,811	942,38
502,072	953,38
502,333	956,38
502,594	943,38
502,856	952,38
503,117	976,38
503,378	965,38
503,639	969,38
503,901	984,38
504,162	978,38
504,423	989,38
504,684	971,38
504,945	1029,38
505,207	1026,38
505,468	1018,38
505,729	1004,38
505,99	1040,38
506,251	1022,38
506,512	997,38
506,774	1061,38
507,035	1060,38
507,296	1056,38
507,557	1048,38
507,818	1052,38
508,079	1027,38
508,34	1048,38
508,601	1060,38
508,862	1054,38
509,123	1083,38
509,384	1096,38
509,645	1061,38
509,906	1079,38
510,167	1098,38
510,428	1105,38
510,689	1102,38
510,95	1105,38
511,211	1108,38
511,472	1120,38
511,733	1086,38
511,994	1130,38
512,255	1112,38
512,516	1110,38
512,777	1166,38
513,038	1142,38
513,299	1129,38
513,56	1167,38
513,821	1150,38
514,082	1151,38
514,343	1177,38
514,603	1162,38
514,864	1147,38
515,125	1176,38
515,386	1177,38
515,647	1216,38
515,908	1179,38
516,169	1213,38
516,429	1239,38
516,69	1199,38
516,951	1182,38
517,212	1186,38
517,473	1185,38
517,733	1218,38
517,994	1226,38
518,255	1220,38
518,516	1198,38
518,776	1201,38
519,037	1224,38
519,298	1219,38
519,559	1192,38
519,819	1204,38
520,08	1245,38
520,341	1238,38
520,601	1244,38
520,862	1221,38
521,123	1266,38
521,383	1250,38
521,644	1255,38
521,905	1253,38
522,165	1224,38
522,426	1276,38
522,686	1271,38
522,947	1261,38
523,208	1264,38
523,468	1257,38
523,729	1295,38
523,989	1252,38
524,25	1298,38
524,51	1298,38
524,771	1292,38
525,032	1292,38
525,292	1321,38
525,553	1280,38
525,813	1297,38
526,074	1294,38
526,334	1281,38
526,595	1292,38
526,855	1321,38
527,116	1326,38
527,376	1282,38
527,636	1298,38
527,897	1301,38
528,157	1327,38
528,418	1334,38
528,678	1309,38
528,939	1323,38
529,199	1304,38
529,459	1326,38
529,72	1342,38
529,98	1354,38
530,24	1359,38
530,501	1337,38
530,761	1310,38
531,022	1329,38
531,282	1337,38
531,542	1340,38
531,803	1325,38
532,063	1340,38
532,323	1339,38
532,583	1349,38
532,844	1345,38
533,104	1311,38
533,364	1339,38
533,624	1359,38
533,885	1349,38
534,145	1330,38
534,405	1345,38
534,665	1370,38
534,926	1358,38
535,186	1338,38
535,446	1351,38
535,706	1372,38
535,966	1350,38
536,227	1349,38
536,487	1335,38
536,747	1364,38
537,007	1375,38
537,267	1389,38
537,527	1391,38
537,787	1374,38
538,048	1360,38
538,308	1378,38
538,568	1403,38
538,828	1369,38
539,088	1365,38
539,348	1359,38
539,608	1366,38
539,868	1393,38
540,128	1371,38
540,388	1388,38
540,648	1392,38
540,908	1406,38
541,168	1389,38
541,428	1406,38
541,688	1379,38
541,948	1396,38
542,208	1384,38
542,468	1408,38
542,728	1399,38
542,988	1392,38
543,248	1411,38
543,508	1425,38
543,768	1423,38
544,028	1399,38
544,288	1391,38
544,548	1408,38
544,807	1396,38
545,067	1411,38
545,327	1423,38
545,587	1368,38
545,847	1419,38
546,107	1403,38
546,367	1419,38
546,626	1448,38
546,886	1423,38
547,146	1416,38
547,406	1412,38
547,666	1389,38
547,925	1424,38
548,185	1427,38
548,445	1451,38
548,705	1430,38
548,965	1436,38
549,224	1453,38
549,484	1422,38
549,744	1452,38
550,003	1480,38
550,263	1430,38
550,523	1459,38
550,783	1489,38
551,042	1443,38
551,302	1450,38
551,562	1417,38
551,821	1438,38
552,081	1440,38
552,341	1456,38
552,6	1471,38
552,86	1456,38
553,119	1489,38
553,379	1493,38
553,639	1479,38
553,898	1497,38
554,158	1497,38
554,417	1467,38
554,677	1501,38
554,936	1480,38
555,196	1470,38
555,456	1488,38
555,715	1471,38
555,975	1497,38
556,234	1482,38
556,494	1539,38
556,753	1494,38
557,013	1503,38
557,272	1504,38
557,532	1530,38
557,791	1533,38
558,051	1513,38
558,31	1526,38
558,569	1514,38
558,829	1512,38
559,088	1520,38
559,348	1515,38
559,607	1525,38
559,866	1542,38
560,126	1534,38
560,385	1508,38
560,645	1546,38
560,904	1548,38
561,163	1534,38
561,423	1539,38
561,682	1586,38
561,941	1567,38
562,201	1575,38
562,46	1557,38
562,719	1543,38
562,979	1598,38
563,238	1567,38
563,497	1548,38
563,756	1578,38
564,016	1584,38
564,275	1556,38
564,534	1601,38
564,793	1606,38
565,053	1571,38
565,312	1594,38
565,571	1589,38
565,83	1592,38
566,089	1609,38
566,349	1593,38
566,608	1609,38
566,867	1629,38
567,126	1613,38
567,385	1628,38
567,644	1611,38
567,903	1599,38
568,163	1629,38
568,422	1630,38
568,681	1608,38
568,94	1625,38
569,199	1597,38
569,458	1636,38
569,717	1622,38
569,976	1632,38
570,235	1631,38
570,494	1640,38
570,753	1613,38
571,012	1636,38
571,271	1572,38
571,53	1623,38
571,789	1612,38
572,048	1632,38
572,307	1665,38
572,566	1646,38
572,825	1633,38
573,084	1636,38
573,343	1636,38
573,602	1643,38
573,861	1641,38
574,12	1657,38
574,379	1673,38
574,638	1679,38
574,897	1662,38
575,156	1650,38
575,414	1662,38
575,673	1659,38
575,932	1663,38
576,191	1677,38
576,45	1654,38
576,709	1658,38
576,968	1686,38
577,226	1655,38
577,485	1653,38
577,744	1679,38
578,003	1668,38
578,262	1657,38
578,52	1642,38
578,779	1666,38
579,038	1647,38
579,297	1653,38
579,555	1661,38
579,814	1650,38
580,073	1682,38
580,332	1687,38
580,59	1686,38
580,849	1688,38
581,108	1679,38
581,366	1663,38
581,625	1678,38
581,884	1697,38
582,142	1696,38
582,401	1688,38
582,66	1685,38
582,918	1660,38
583,177	1678,38
583,436	1668,38
583,694	1686,38
583,953	1675,38
584,211	1665,38
584,47	1672,38
584,728	1658,38
584,987	1662,38
585,246	1645,38
585,504	1681,38
585,763	1655,38
586,021	1648,38
586,28	1653,38
586,538	1646,38
586,797	1654,38
587,055	1679,38
587,314	1634,38
587,572	1653,38
587,831	1630,38
588,089	1615,38
588,348	1619,38
588,606	1634,38
588,864	1632,38
589,123	1684,38
589,381	1656,38
589,64	1676,38
589,898	1627,38
590,157	1617,38
590,415	1614,38
590,673	1617,38
590,932	1608,38
591,19	1595,38
591,448	1645,38
591,707	1638,38
591,965	1638,38
592,223	1603,38
592,482	1638,38
592,74	1607,38
592,998	1624,38
593,257	1650,38
593,515	1649,38
593,773	1608,38
594,031	1582,38
594,29	1596,38
594,548	1600,38
594,806	1584,38
595,064	1577,38
595,323	1558,38
595,581	1579,38
595,839	1579,38
596,097	1580,38
596,355	1585,38
596,613	1602,38
596,872	1583,38
597,13	1542,38
597,388	1576,38
597,646	1542,38
597,904	1537,38
598,162	1540,38
598,42	1529,38
598,679	1551,38
598,937	1530,38
599,195	1522,38
599,453	1507,38
599,711	1537,38
599,969	1549,38
600,227	1526,38
600,485	1510,38
600,743	1492,38
601,001	1504,38
601,259	1513,38
601,517	1506,38
601,775	1473,38
602,033	1486,38
602,291	1474,38
602,549	1508,38
602,807	1460,38
603,065	1450,38
603,323	1439,38
603,581	1456,38
603,839	1461,38
604,097	1407,38
604,355	1448,38
604,613	1444,38
604,871	1445,38
605,128	1438,38
605,386	1425,38
605,644	1418,38
605,902	1418,38
606,16	1422,38
606,418	1408,38
606,676	1401,38
606,933	1386,38
607,191	1404,38
607,449	1387,38
607,707	1379,38
607,965	1354,38
608,223	1414,38
608,48	1370,38
608,738	1376,38
608,996	1348,38
609,254	1337,38
609,511	1336,38
609,769	1369,38
610,027	1319,38
610,285	1335,38
610,542	1323,38
610,8	1314,38
611,058	1308,38
611,315	1304,38
611,573	1285,38
611,831	1291,38
612,088	1289,38
612,346	1290,38
612,604	1284,38
612,861	1280,38
613,119	1283,38
613,376	1301,38
613,634	1281,38
613,892	1275,38
614,149	1286,38
614,407	1260,38
614,664	1262,38
614,922	1253,38
615,18	1271,38
615,437	1254,38
615,695	1228,38
615,952	1268,38
616,21	1229,38
616,467	1214,38
616,725	1215,38
616,982	1191,38
617,24	1213,38
617,497	1223,38
617,755	1233,38
618,012	1214,38
618,27	1182,38
618,527	1192,38
618,784	1195,38
619,042	1165,38
619,299	1174,38
619,557	1180,38
619,814	1175,38
620,071	1164,38
620,329	1138,38
620,586	1153,38
620,844	1134,38
621,101	1127,38
621,358	1152,38
621,616	1164,38
621,873	1152,38
622,13	1133,38
622,388	1137,38
622,645	1116,38
622,902	1111,38
623,159	1104,38
623,417	1118,38
623,674	1098,38
623,931	1104,38
624,188	1083,38
624,446	1065,38
624,703	1095,38
624,96	1087,38
625,217	1068,38
625,475	1074,38
625,732	1057,38
625,989	1046,38
626,246	1026,38
626,503	1058,38
626,761	1031,38
627,018	1006,38
627,275	1014,38
627,532	1017,38
627,789	1003,38
628,046	1019,38
628,303	1008,38
628,56	989,38
628,818	987,38
629,075	997,38
629,332	962,38
629,589	977,38
629,846	985,38
630,103	944,38
630,36	981,38
630,617	971,38
630,874	947,38
631,131	959,38
631,388	973,38
631,645	940,38
631,902	922,38
632,159	913,38
632,416	899,38
632,673	912,38
632,93	917,38
633,187	904,38
633,444	881,38
633,701	872,38
633,958	876,38
634,215	868,38
634,471	877,38
634,728	868,38
634,985	865,38
635,242	878,38
635,499	853,38
635,756	820,38
636,013	834,38
636,27	841,38
636,526	840,38
636,783	836,38
637,04	847,38
637,297	830,38
637,554	813,38
637,81	824,38
638,067	826,38
638,324	800,38
638,581	800,38
638,838	785,38
639,094	782,38
639,351	773,38
639,608	777,38
639,864	759,38
640,121	761,38
640,378	767,38
640,635	757,38
640,891	740,38
641,148	755,38
641,405	737,38
641,661	730,38
641,918	742,38
642,175	728,38
642,431	704,38
642,688	704,38
642,944	718,38
643,201	700,38
643,458	700,38
643,714	701,38
643,971	691,38
644,227	679,38
644,484	684,38
644,741	680,38
644,997	684,38
645,254	674,38
645,51	652,38
645,767	664,38
646,023	638,38
646,28	636,38
646,536	631,38
646,793	643,38
647,049	630,38
647,306	648,38
647,562	622,38
647,819	597,38
648,075	621,38
648,331	626,38
648,588	625,38
648,844	600,38
649,101	618,38
649,357	606,38
649,613	571,38
649,87	580,38
650,126	578,38
650,383	578,38
650,639	582,38
650,895	564,38
651,152	562,38
651,408	559,38
651,664	562,38
651,921	566,38
652,177	552,38
652,433	553,38
652,689	542,38
652,946	528,38
653,202	506,38
653,458	524,38
653,715	525,38
653,971	492,38
654,227	501,38
654,483	496,38
654,739	516,38
654,996	504,38
655,252	521,38
655,508	487,38
655,764	489,38
656,02	487,38
656,277	459,38
656,533	494,38
656,789	492,38
657,045	465,38
657,301	456,38
657,557	446,38
657,813	464,38
658,07	444,38
658,326	463,38
658,582	443,38
658,838	427,38
659,094	441,38
659,35	434,38
659,606	443,38
659,862	412,38
660,118	402,38
660,374	398,38
660,63	424,38
660,886	420,38
661,142	413,38
661,398	397,38
661,654	391,38
661,91	389,38
662,166	414,38
662,422	390,38
662,678	388,38
662,934	385,38
663,19	383,38
663,446	378,38
663,702	379,38
663,957	369,38
664,213	364,38
664,469	371,38
664,725	365,38
664,981	353,38
665,237	341,38
665,493	351,38
665,749	365,38
666,004	329,38
666,26	344,38
666,516	337,38
666,772	332,38
667,028	326,38
667,283	318,38
667,539	339,38
667,795	321,38
668,051	324,38
668,307	313,38
668,562	324,38
668,818	312,38
669,074	308,38
669,329	305,38
669,585	316,38
669,841	300,38
670,097	296,38
670,352	309,38
670,608	303,38
670,864	279,38
671,119	298,38
671,375	283,38
671,631	278,38
671,886	290,38
672,142	288,38
672,397	285,38
672,653	293,38
672,909	269,38
673,164	272,38
673,42	272,38
673,675	275,38
673,931	257,38
674,186	261,38
674,442	250,38
674,698	252,38
674,953	256,38
675,209	251,38
675,464	264,38
675,72	256,38
675,975	253,38
676,231	250,38
676,486	244,38
676,742	241,38
676,997	231,38
677,252	238,38
677,508	217,38
677,763	237,38
678,019	246,38
678,274	229,38
678,53	210,38
678,785	226,38
679,04	217,38
679,296	215,38
679,551	218,38
679,806	209,38
680,062	189,38
680,317	195,38
680,572	206,38
680,828	216,38
681,083	219,38
681,338	197,38
681,594	209,38
681,849	197,38
682,104	192,38
682,36	193,38
682,615	189,38
682,87	194,38
683,125	191,38
683,381	186,38
683,636	188,38
683,891	189,38
684,146	186,38
684,401	188,38
684,657	181,38
684,912	167,38
685,167	175,38
685,422	181,38
685,677	174,38
685,932	174,38
686,188	171,38
686,443	157,38
686,698	159,38
686,953	168,38
687,208	172,38
687,463	169,38
687,718	169,38
687,973	165,38
688,228	174,38
688,483	145,38
688,739	134,38
688,994	147,38
689,249	146,38
689,504	156,38
689,759	149,38
690,014	158,38
690,269	140,38
690,524	155,38
690,779	143,38
691,034	142,38
691,289	137,38
691,544	148,38
691,798	138,38
692,053	128,38
692,308	140,38
692,563	147,38
692,818	135,38
693,073	135,38
693,328	138,38
693,583	126,38
693,838	147,38
694,093	110,38
694,347	126,38
694,602	105,38
694,857	131,38
695,112	121,38
695,367	127,38
695,622	122,38
695,876	135,38
696,131	123,38
696,386	132,38
696,641	109,38
696,896	133,38
697,15	118,38
697,405	113,38
697,66	107,38
697,915	112,38
698,169	117,38
698,424	104,38
698,679	113,38
698,933	104,38
699,188	105,38
699,443	106,38
699,698	120,38
699,952	104,38
700,207	109,38
700,461	95,38
700,716	96,38
700,971	113,38
701,225	88,38
701,48	98,38
701,735	105,38
701,989	102,38
702,244	86,38
702,498	94,38
702,753	94,38
703,007	94,38
703,262	94,38
703,517	95,38
703,771	89,38
704,026	75,38
704,28	98,38
704,535	91,38
704,789	93,38
705,044	98,38
705,298	86,38
705,553	84,38
705,807	81,38
706,062	88,38
706,316	92,38
706,57	76,38
706,825	73,38
707,079	83,38
707,334	83,38
707,588	70,38
707,842	69,38
708,097	73,38
708,351	92,38
708,606	77,38
708,86	64,38
709,114	66,38
709,369	73,38
709,623	74,38
709,877	68,38
710,132	69,38
710,386	60,38
710,64	85,38
710,895	64,38
711,149	67,38
711,403	68,38
711,657	67,38
711,912	80,38
712,166	65,38
712,42	73,38
712,674	44,38
712,928	61,38
713,183	61,38
713,437	53,38
713,691	54,38
713,945	64,38
714,199	72,38
714,454	63,38
714,708	55,38
714,962	51,38
715,216	62,38
715,47	52,38
715,724	44,38
715,978	57,38
716,233	48,38
716,487	62,38
716,741	39,38
716,995	62,38
717,249	49,38
717,503	51,38
717,757	60,38
718,011	60,38
718,265	58,38
718,519	46,38
718,773	41,38
719,027	36,38
719,281	47,38
719,535	43,38
719,789	45,38
720,043	54,38
720,297	42,38
720,551	42,38
720,805	46,38
721,059	52,38
721,313	43,38
721,567	47,38
721,821	53,38
722,074	47,38
722,328	42,38
722,582	42,38
722,836	34,38
723,09	41,38
723,344	45,38
723,598	39,38
723,851	52,38
724,105	37,38
724,359	39,38
724,613	48,38
724,867	60,38
725,121	43,38
725,374	49,38
725,628	53,38
725,882	43,38
726,136	40,38
726,389	42,38
726,643	34,38
726,897	42,38
727,151	55,38
727,404	38,38
727,658	41,38
727,912	47,38
728,165	50,38
728,419	46,38
728,673	40,38
728,926	44,38
729,18	40,38
729,434	43,38
729,687	44,38
729,941	45,38
730,195	39,38
730,448	37,38
730,702	34,38
730,955	29,38
731,209	35,38
731,462	33,38
731,716	25,38
731,97	41,38
732,223	24,38
732,477	26,38
732,73	26,38
732,984	25,38
733,237	34,38
733,491	29,38
733,744	35,38
733,998	31,38
734,251	36,38
734,505	42,38
734,758	28,38
735,012	18,38
735,265	33,38
735,518	37,38
735,772	37,38
736,025	15,38
736,279	26,38
736,532	31,38
736,785	38,38
737,039	20,38
737,292	15,38
737,546	15,38
737,799	35,38
738,052	27,38
738,306	30,38
738,559	35,38
738,812	17,38
739,066	26,38
739,319	18,38
739,572	30,38
739,825	25,38
740,079	30,38
740,332	22,38
740,585	33,38
740,838	28,38
741,092	30,38
741,345	20,38
741,598	28,38
741,851	15,38
742,104	16,38
742,358	17,38
742,611	29,38
742,864	36,38
743,117	21,38
743,37	23,38
743,623	20,38
743,877	14,38
744,13	24,38
744,383	24,38
744,636	18,38
744,889	18,38
745,142	26,38
745,395	9,38
745,648	24,38
745,901	12,38
746,154	22,38
746,408	14,38
746,661	15,38
746,914	16,38
747,167	15,38
747,42	29,38
747,673	22,38
747,926	14,38
748,179	15,38
748,432	17,38
748,685	28,38
748,938	8,38
749,19	12,38
749,443	26,38
749,696	27,38
749,949	11,38
750,202	20,38
750,455	22,38
750,708	19,38
750,961	10,38
751,214	19,38
751,467	7,38
751,719	28,38
751,972	1,38
752,225	16,38
752,478	21,38
752,731	19,38
752,984	17,38
753,236	18,38
753,489	24,38
753,742	10,38
753,995	3,38
754,248	5,38
754,5	24,38
754,753	10,38
755,006	7,38
755,259	21,38
755,511	18,38
755,764	4,38
756,017	13,38
756,269	16,38
756,522	24,38
756,775	8,38
757,027	22,38
757,28	12,38
757,533	7,38
757,785	7,38
758,038	2,38
758,291	13,38
758,543	1,38
758,796	8,38
759,049	8,38
759,301	7,38
759,554	0,38
759,806	10,38
760,059	13,38
760,311	19,38
760,564	22,38
760,817	13,38
761,069	-1,62
761,322	8,38
761,574	11,38
761,827	11,38
762,079	14,38
762,332	19,38
762,584	14,38
762,837	18,38
763,089	10,38
763,341	16,38
763,594	9,38
763,846	22,38
764,099	7,38
764,351	7,38
764,604	7,38
764,856	4,38
765,108	6,38
765,361	9,38
765,613	16,38
765,865	17,38
766,118	2,38
766,37	6,38
766,623	13,38
766,875	11,38
767,127	12,38
767,379	13,38
767,632	14,38
767,884	11,38
768,136	5,38
768,389	1,38
768,641	2,38
768,893	8,38
769,145	29,38
769,398	7,38
769,65	8,38
769,902	5,38
770,154	11,38
770,406	-2,62
770,659	1,38
770,911	0,38
771,163	2,38
771,415	18,38
771,667	10,38
771,919	1,38
772,172	6,38
772,424	13,38
772,676	-0,62
772,928	5,38
773,18	1,38
773,432	5,38
773,684	14,38
773,936	20,38
774,188	1,38
774,44	11,38
774,693	14,38
774,945	8,38
775,197	-0,62
775,449	9,38
775,701	17,38
775,953	12,38
776,205	2,38
776,457	0,38
776,709	-1,62
776,961	11,38
777,213	5,38
777,464	10,38
777,716	-3,62
777,968	-2,62
778,22	-2,62
778,472	9,38
778,724	1,38
778,976	7,38
779,228	7,38
779,48	12,38
779,732	8,38
779,984	-6,62
780,235	8,38
780,487	-1,62
780,739	7,38
780,991	5,38
781,243	16,38
781,494	9,38
781,746	-0,62
781,998	8,38
782,25	9,38
782,502	5,38
782,753	13,38
783,005	7,38
783,257	-1,62
783,509	9,38
783,76	11,38
784,012	15,38
784,264	12,38
784,515	-0,62
784,767	6,38
785,019	8,38
785,271	11,38
785,522	2,38
785,774	-6,62
786,026	-3,62
786,277	9,38
786,529	3,38
786,78	5,38
787,032	9,38
787,284	7,38
787,535	3,38
787,787	5,38
788,038	18,38
788,29	16,38
788,541	0,38
788,793	3,38
789,045	2,38
789,296	9,38
789,548	8,38
789,799	2,38
790,051	-10,62
790,302	5,38
790,554	7,38
790,805	11,38
791,057	16,38
791,308	10,38
791,559	11,38
791,811	20,38
792,062	12,38
792,314	9,38
792,565	12,38
792,817	13,38
793,068	6,38
793,319	0,38
793,571	10,38
793,822	2,38
794,073	29,38
794,325	13,38
794,576	6,38
794,827	9,38
795,079	-1,62
795,33	2,38
795,581	10,38
795,833	0,38
796,084	-1,62
796,335	2,38
796,587	11,38
796,838	6,38
797,089	14,38
797,34	-3,62
797,592	4,38
797,843	-8,62
798,094	6,38
798,345	0,38
798,596	15,38
798,848	4,38
799,099	2,38
799,35	-6,62
799,601	-3,62
799,852	-10,62
800,103	9,38
800,355	6,38
800,606	13,38
800,857	14,38
801,108	2,38
801,359	6,38
801,61	0,38
801,861	0,38
802,112	-2,62
802,363	0,38
802,614	4,38
802,865	4,38
803,116	8,38
803,367	2,38
803,618	19,38
803,869	-4,62
804,12	1,38
804,371	4,38
804,622	7,38
804,873	4,38
805,124	8,38
805,375	3,38
805,626	6,38
805,877	8,38
806,128	-1,62
806,379	8,38
806,63	-5,62
806,881	-0,62
807,132	-1,62
807,383	15,38
807,634	2,38
807,884	-6,62
808,135	13,38
808,386	4,38
808,637	-3,62
808,888	9,38
809,139	12,38
809,389	13,38
809,64	12,38
809,891	6,38
810,142	8,38
810,393	14,38
810,643	9,38
810,894	5,38
811,145	0,38
811,396	-4,62
811,646	17,38
811,897	9,38
812,148	13,38
812,398	10,38
812,649	4,38
812,9	0,38
813,151	2,38
813,401	-6,62
813,652	1,38
813,902	2,38
814,153	13,38
814,404	13,38
814,654	7,38
814,905	13,38
815,156	14,38
815,406	6,38
815,657	5,38
815,907	-1,62
816,158	7,38
816,408	-1,62
816,659	7,38
816,91	9,38
817,16	1,38
817,411	-1,62
817,661	-0,62
817,912	-0,62
818,162	12,38
818,413	8,38
818,663	4,38
818,914	10,38
819,164	-3,62
819,414	9,38
819,665	0,38
819,915	-10,62
820,166	4,38
820,416	4,38
820,667	28,38
820,917	20,38
821,167	1,38
821,418	11,38
821,668	-4,62
821,918	-0,62
822,169	-1,62
822,419	-5,62
822,67	9,38
822,92	9,38
823,17	1,38
823,42	3,38
823,671	4,38
823,921	-2,62
824,171	9,38
824,422	8,38
824,672	14,38
824,922	14,38
825,172	11,38
825,423	0,38
825,673	0,38
825,923	1,38
826,173	8,38
826,423	1,38
826,674	-11,62
826,924	-5,62
827,174	-4,62
827,424	-6,62
827,674	11,38
827,924	2,38
828,175	2,38
828,425	9,38
828,675	10,38
828,925	8,38
829,175	5,38
829,425	-1,62
829,675	12,38
829,925	10,38
830,175	-2,62
830,425	9,38
830,675	-1,62
830,925	5,38
831,175	9,38
831,425	7,38
831,676	15,38
831,926	4,38
832,175	-1,62
832,425	-5,62
832,675	9,38
832,925	3,38
833,175	0,38
833,425	5,38
833,675	-0,62
833,925	13,38
834,175	8,38
834,425	8,38
834,675	7,38
834,925	10,38
835,175	-1,62
835,425	-2,62
835,674	-0,62
835,924	-2,62
836,174	4,38
836,424	-2,62
836,674	7,38
836,924	6,38
837,173	0,38
837,423	-1,62
837,673	15,38
837,923	11,38
838,173	5,38
838,422	2,38
838,672	10,38
838,922	-0,62
839,172	-3,62
839,421	10,38
839,671	-5,62
839,921	21,38
840,17	5,38
840,42	4,38
840,67	-3,62
840,919	6,38
841,169	8,38
841,419	5,38
841,668	-5,62
841,918	2,38
842,168	6,38
842,417	1,38
842,667	-11,62
842,916	11,38
843,166	-7,62
843,416	4,38
843,665	5,38
843,915	2,38
844,164	0,38
844,414	-5,62
844,663	8,38
844,913	-2,62
845,162	5,38
845,412	16,38
845,662	-0,62
845,911	3,38
846,16	-7,62
846,41	1,38
846,659	-5,62
846,909	6,38
847,158	20,38
847,408	-1,62
847,657	14,38
847,907	2,38
848,156	3,38
848,405	8,38
848,655	16,38
848,904	6,38
849,154	11,38
849,403	-3,62
849,652	0,38
849,902	12,38
850,151	6,38
850,4	-0,62
850,65	2,38
850,899	-0,62
851,148	0,38
851,398	1,38
851,647	13,38
851,896	-2,62
852,145	7,38
852,395	15,38
852,644	9,38
852,893	12,38
853,142	11,38
853,392	0,38
853,641	-6,62
853,89	1,38
854,139	-5,62
854,388	-1,62
854,637	0,38
854,887	-1,62
855,136	0,38
855,385	2,38
855,634	12,38
855,883	4,38
856,132	6,38
856,381	0,38
856,631	-1,62
856,88	3,38
857,129	-3,62
857,378	-3,62
857,627	-5,62
857,876	3,38
858,125	7,38
858,374	3,38
858,623	9,38
858,872	-0,62
859,121	5,38
859,37	4,38
859,619	4,38
859,868	14,38
860,117	5,38
860,366	3,38
860,615	-6,62
860,864	10,38
861,113	10,38
861,362	13,38
861,611	4,38
861,86	4,38
862,108	1,38
862,357	14,38
862,606	8,38
862,855	-10,62
863,104	3,38
863,353	9,38
863,602	5,38
863,851	-8,62
864,099	-5,62
864,348	2,38
864,597	10,38
864,846	2,38
865,095	-3,62
865,343	-10,62
865,592	-1,62
865,841	-2,62
866,09	4,38
866,338	10,38
866,587	10,38
866,836	-1,62
867,085	8,38
867,333	4,38
867,582	6,38
867,831	-1,62
868,079	1,38
868,328	-1,62
868,577	7,38
868,825	8,38
869,074	3,38
869,323	-11,62
869,571	-3,62
869,82	-5,62
870,068	8,38
870,317	0,38
870,566	-13,62
870,814	-2,62
871,063	1,38
871,311	7,38
871,56	-0,62
871,808	-0,62
872,057	4,38
872,306	4,38
872,554	6,38
872,803	9,38
873,051	9,38
873,3	-3,62
873,548	-7,62
873,797	6,38
874,045	17,38
874,293	0,38
874,542	7,38
874,79	2,38
875,039	3,38
875,287	-2,62
875,536	-7,62
875,784	-6,62
876,032	0,38
876,281	-6,62
876,529	-4,62
876,777	4,38
877,026	13,38
877,274	2,38
877,523	-1,62
877,771	8,38
878,019	7,38
878,267	5,38
878,516	-5,62
878,764	5,38
879,012	3,38
879,261	1,38
879,509	-0,62
879,757	4,38
880,005	-8,62
880,254	-5,62
880,502	-5,62
880,75	8,38
880,998	7,38
881,246	4,38
881,495	-6,62
881,743	0,38
881,991	-7,62
882,239	6,38
882,487	11,38
882,735	-0,62
882,984	-1,62
883,232	14,38
883,48	17,38
883,728	6,38
883,976	7,38
884,224	-4,62
884,472	5,38
884,72	3,38
884,968	8,38
885,216	10,38
885,464	11,38
885,712	1,38
885,96	9,38
886,208	4,38
886,457	-1,62
886,704	7,38
886,952	-0,62
887,2	8,38
887,448	3,38
887,696	-3,62
887,944	5,38
888,192	0,38
888,44	5,38
888,688	1,38
888,936	2,38
889,184	-8,62
889,432	6,38
889,68	-4,62
889,928	10,38
890,175	6,38
890,423	-0,62
890,671	-1,62
890,919	-2,62
891,167	5,38
891,415	-2,62
891,663	5,38
891,91	10,38
892,158	7,38
892,406	-5,62
892,654	14,38
892,901	12,38
893,149	-4,62
893,397	15,38
893,645	-4,62
893,892	-6,62
894,14	8,38
894,388	0,38
894,636	0,38
894,883	-6,62
895,131	16,38
895,379	5,38
895,626	3,38
895,874	8,38
896,122	8,38
896,369	-14,62
896,617	-1,62
896,864	0,38
897,112	-0,62
897,36	2,38
897,607	-0,62
897,855	16,38
898,102	18,38
898,35	7,38
898,598	17,38
898,845	-4,62
899,093	2,38
899,34	4,38
899,588	9,38
899,835	-9,62
900,083	9,38
900,33	4,38
900,578	-2,62
900,825	-8,62
901,073	-1,62
901,32	4,38
901,568	15,38
901,815	2,38
902,062	-1,62
902,31	9,38
902,557	-6,62
902,805	-0,62
903,052	-1,62
903,299	11,38
903,547	14,38
903,794	2,38
904,042	8,38
904,289	-1,62
904,536	4,38
904,784	3,38
905,031	3,38
905,278	9,38
905,525	0,38
905,773	-15,62
906,02	-0,62
906,267	2,38
906,515	-2,62
906,762	-4,62
907,009	3,38
907,256	-2,62
907,504	7,38
907,751	4,38
907,998	0,38
908,245	4,38
908,492	5,38
908,74	7,38
908,987	2,38
909,234	-11,62
909,481	-0,62
909,728	-1,62
909,975	15,38
910,222	17,38
910,47	-0,62
910,717	7,38
910,964	-0,62
911,211	-3,62
911,458	-1,62
911,705	12,38
911,952	-7,62
912,199	-6,62
912,446	3,38
912,693	2,38
912,94	-3,62
913,187	-4,62
913,434	-0,62
913,681	-3,62
913,928	0,38
914,175	2,38
914,422	9,38
914,669	0,38
914,916	0,38
915,163	4,38
915,41	-7,62
915,657	7,38
915,904	3,38
916,151	8,38
916,398	8,38
916,644	-1,62
916,891	-1,62
917,138	9,38
917,385	-6,62
917,632	1,38
917,879	-3,62
918,126	-0,62
918,372	2,38
918,619	0,38
918,866	-5,62
919,113	13,38
919,36	8,38
919,606	7,38
919,853	7,38
920,1	10,38
920,347	5,38
920,593	1,38
920,84	1,38
921,087	10,38
921,334	8,38
921,58	-0,62
921,827	-9,62
922,074	-2,62
922,32	15,38
922,567	7,38
922,814	7,38
923,06	4,38
923,307	2,38
923,554	5,38
923,8	1,38
924,047	5,38
924,293	5,38
924,54	11,38
924,787	5,38
925,033	12,38
925,28	-6,62
925,526	-2,62
925,773	-1,62
926,019	1,38
926,266	0,38
926,512	-7,62
926,759	7,38
927,005	2,38
927,252	0,38
927,498	6,38
927,745	-6,62
927,991	5,38
928,238	2,38
928,484	-3,62
928,731	-14,62
928,977	7,38
929,223	3,38
929,47	0,38
929,716	-5,62
929,963	3,38
930,209	10,38
930,455	-2,62
930,702	7,38
930,948	13,38
931,194	-10,62
931,441	1,38
931,687	-0,62
931,933	2,38
932,18	7,38
932,426	0,38
932,672	-2,62
932,919	-6,62
933,165	-1,62
933,411	-7,62
933,657	-4,62
933,904	1,38
934,15	10,38
934,396	3,38
934,642	4,38
934,889	10,38
935,135	7,38
935,381	-0,62
935,627	17,38
935,873	2,38
936,119	-2,62
936,366	1,38
936,612	12,38
936,858	-0,62
937,104	-5,62
937,35	-5,62
937,596	-11,62
937,842	11,38
938,088	0,38
938,334	10,38
938,58	0,38
938,827	5,38
939,073	-0,62
939,319	-3,62
939,565	5,38
939,811	1,38
940,057	2,38
940,303	4,38
940,549	0,38
940,795	17,38
941,041	-1,62
941,287	10,38
941,533	3,38
941,778	4,38
942,024	13,38
942,27	-19,62
942,516	1,38
942,762	-2,62
943,008	-2,62
943,254	-0,62
943,5	2,38
943,746	5,38
943,992	-2,62
944,237	-0,62
944,483	0,38
944,729	6,38
944,975	2,38
945,221	12,38
945,467	7,38
945,712	-7,62
945,958	-3,62
946,204	2,38
946,45	1,38
946,695	0,38
946,941	8,38
947,187	14,38
947,433	5,38
947,678	1,38
947,924	4,38
948,17	0,38
948,415	12,38
948,661	-0,62
948,907	8,38
949,153	1,38
949,398	-0,62
949,644	-7,62
949,889	-5,62
950,135	6,38
950,381	7,38
950,626	-9,62
950,872	3,38
951,118	14,38
951,363	-9,62
951,609	-0,62
951,854	-0,62
952,1	4,38
952,345	-1,62
952,591	-5,62
952,836	1,38
953,082	8,38
953,327	-9,62
953,573	4,38
953,818	-1,62
954,064	-3,62
954,309	9,38
954,555	13,38
954,8	4,38
955,046	8,38
955,291	3,38
955,537	-7,62
955,782	-15,62
956,027	-2,62
956,273	5,38
956,518	3,38
956,764	3,38
957,009	0,38
957,254	-6,62
957,5	0,38
957,745	2,38
957,99	2,38
958,236	-9,62
958,481	1,38
958,726	10,38
958,972	8,38
959,217	5,38
959,462	-9,62
959,707	-2,62
959,953	-6,62
960,198	-6,62
960,443	-11,62
960,688	-9,62
960,934	-0,62
961,179	2,38
961,424	13,38
961,669	4,38
961,914	4,38
962,16	-11,62
962,405	-4,62
962,65	-0,62
962,895	0,38
963,14	2,38
963,385	-1,62
963,63	-6,62
963,876	-2,62
964,121	-5,62
964,366	10,38
964,611	1,38
964,856	3,38
965,101	-6,62
965,346	-2,62
965,591	5,38
965,836	4,38
966,081	-0,62
966,326	3,38
966,571	5,38
966,816	-3,62
967,061	10,38
967,306	3,38
967,551	1,38
967,796	7,38
968,041	7,38
968,286	-0,62
968,531	7,38
968,776	1,38
969,021	-2,62
969,266	-1,62
969,511	-2,62
969,755	2,38
970	3,38
970,245	1,38
970,49	1,38
970,735	2,38
970,98	-1,62
971,225	15,38
971,469	5,38
971,714	4,38
971,959	10,38
972,204	4,38
972,449	0,38
972,693	-13,62
972,938	1,38
973,183	-8,62
973,428	-4,62
973,672	13,38
973,917	-1,62
974,162	6,38
974,407	-5,62
974,651	-0,62
974,896	4,38
975,141	0,38
975,385	14,38
975,63	3,38
975,875	8,38
976,119	13,38
976,364	12,38
976,608	4,38
976,853	-3,62
977,098	-12,62
977,342	0,38
977,587	-4,62
977,831	-1,62
978,076	5,38
978,321	6,38
978,565	7,38
978,81	12,38
979,054	3,38
979,299	-7,62
979,543	-8,62
979,788	-7,62
980,032	2,38
980,277	7,38
980,521	-0,62
980,766	6,38
981,01	6,38
981,255	10,38
981,499	7,38
981,743	3,38
981,988	4,38
982,232	-3,62
982,477	-8,62
982,721	6,38
982,965	-2,62
983,21	2,38
983,454	2,38
983,699	-2,62
983,943	8,38
984,187	6,38
984,432	14,38
984,676	3,38
984,92	9,38
985,165	6,38
985,409	-1,62
985,653	5,38
985,897	4,38
986,142	2,38
986,386	0,38
986,63	9,38
986,874	-3,62
987,119	-7,62
987,363	2,38
987,607	-1,62
987,851	-5,62
988,095	8,38
988,34	0,38
988,584	5,38
988,828	4,38
989,072	-5,62
989,316	2,38
989,56	-0,62
989,804	10,38
990,049	8,38
990,293	0,38
990,537	3,38
990,781	14,38
991,025	-9,62
991,269	-4,62
991,513	1,38
991,757	10,38
992,001	7,38
992,245	5,38
992,489	-9,62
992,733	-2,62
992,977	2,38
993,221	-11,62
993,465	1,38
993,709	1,38
993,953	6,38
994,197	3,38
994,441	-3,62
994,685	-3,62
994,929	6,38
995,173	-1,62
995,417	-0,62
995,661	1,38
995,904	10,38
996,148	7,38
996,392	4,38
996,636	-0,62
996,88	-6,62
997,124	-3,62
997,368	-8,62
997,611	-4,62
997,855	8,38
998,099	1,38
998,343	-2,62
998,587	-6,62
998,83	9,38
999,074	0,38
999,318	-2,62
999,562	5,38
999,805	5,38
1000,049	2,38
1000,293	4,38
1000,537	4,38
1000,78	5,38
1001,024	-5,62
1001,268	1,38
1001,511	5,38
1001,755	-3,62
1001,999	0,38
1002,242	-0,62
1002,486	-11,62
1002,73	11,38
1002,973	3,38
1003,217	10,38
1003,46	13,38
1003,704	12,38
1003,948	8,38
1004,191	-8,62
1004,435	-3,62
1004,678	11,38
1004,922	13,38
1005,165	6,38
1005,409	-3,62
1005,652	1,38
1005,896	8,38
1006,139	-10,62
1006,383	2,38
1006,626	9,38
1006,87	5,38
1007,113	-14,62
1007,357	0,38
1007,6	3,38
1007,844	-3,62
1008,087	-0,62
1008,33	-9,62
1008,574	0,38
1008,817	-2,62
1009,061	-3,62
1009,304	-0,62
1009,547	0,38
1009,791	1,38
1010,034	-1,62
1010,277	-6,62
1010,521	4,38
1010,764	0,38
1011,007	-23,62
1011,251	2,38
1011,494	7,38
1011,737	3,38
1011,98	-7,62
1012,224	-7,62
1012,467	-1,62
1012,71	0,38
1012,953	0,38
1013,197	4,38
1013,44	7,38
1013,683	8,38
1013,926	-13,62
1014,169	8,38
1014,413	3,38
1014,656	7,38
1014,899	-0,62
1015,142	-1,62
1015,385	-7,62
1015,628	-6,62
1015,871	3,38
1016,115	-1,62
1016,358	-8,62
1016,601	9,38
1016,844	4,38
1017,087	13,38
1017,33	-2,62
1017,573	8,38
1017,816	0,38
1018,059	20,38
1018,302	5,38
1018,545	6,38
1018,788	3,38
1019,031	6,38
1019,274	16,38
1019,517	12,38
1019,76	8,38
1020,003	3,38
1020,246	1,38
1020,489	5,38
1020,732	6,38
1020,975	9,38
1021,218	-5,62
1021,461	9,38
1021,703	8,38
1021,946	3,38
1022,189	15,38
1022,432	-4,62
1022,675	-6,62
1022,918	-4,62
1023,161	-5,62
1023,403	4,38
1023,646	-3,62
1023,889	0,38
1024,132	1,38
1024,375	9,38
1024,617	8,38
1024,86	5,38
1025,103	6,38
1025,346	-5,62
1025,588	2,38
1025,831	0,38
1026,074	-7,62
1026,317	11,38
1026,559	-7,62
1026,802	1,38
1027,045	0,38
1027,287	7,38
1027,53	8,38
1027,773	4,38
1028,015	6,38
1028,258	3,38
1028,501	1,38
1028,743	14,38
1028,986	2,38
1029,228	12,38
1029,471	15,38
1029,714	2,38
1029,956	10,38
1030,199	13,38
1030,441	5,38
1030,684	5,38
1030,926	14,38
1031,169	0,38
1031,411	-5,62
1031,654	-2,62
1031,896	-2,62
1032,139	0,38
1032,381	-0,62
1032,624	14,38
1032,866	0,38
1033,109	5,38
1033,351	-6,62
1033,594	-5,62
1033,836	10,38
1034,079	-2,62
1034,321	-5,62
1034,563	15,38
1034,806	2,38
1035,048	4,38
1035,29	5,38
1035,533	-3,62
1035,775	2,38
1036,018	4,38
1036,26	-0,62
1036,502	3,38
1036,744	13,38
1036,987	9,38
1037,229	-1,62
1037,471	-1,62
1037,714	-2,62
1037,956	-0,62
1038,198	-10,62
1038,44	-13,62
1038,683	10,38
1038,925	13,38
1039,167	9,38
1039,409	22,38
1039,651	3,38
1039,894	14,38
1040,136	1,38
1040,378	15,38
1040,62	3,38
1040,862	-3,62
1041,104	4,38
1041,347	20,38
1041,589	-4,62
1041,831	9,38
1042,073	8,38
1042,315	4,38
1042,557	6,38
1042,799	1,38
1043,041	5,38
1043,283	0,38
1043,525	-14,62
1043,767	6,38
1044,009	-7,62
1044,251	7,38
1044,493	11,38
1044,735	14,38
1044,977	4,38
1045,219	10,38
1045,461	5,38
1045,703	11,38
1045,945	6,38
1046,187	-7,62
1046,429	-5,62
1046,671	3,38
1046,913	-0,62
1047,155	-1,62
1047,397	10,38
1047,639	-3,62
1047,881	0,38
1048,122	11,38
1048,364	11,38
1048,606	6,38
1048,848	3,38
1049,09	2,38
1049,332	-0,62
1049,573	7,38
1049,815	4,38
1050,057	-2,62
1050,299	-6,62
1050,541	4,38
1050,782	6,38
1051,024	6,38
1051,266	9,38
1051,508	4,38
1051,749	6,38
1051,991	-14,62
1052,233	-7,62
1052,474	-3,62
1052,716	-10,62
1052,958	-10,62
1053,199	3,38
1053,441	1,38
1053,683	6,38
1053,924	4,38
1054,166	2,38
1054,408	8,38
1054,649	7,38
1054,891	7,38
1055,132	-2,62
1055,374	-0,62
1055,616	-1,62
1055,857	17,38
1056,099	-3,62
1056,34	-1,62
1056,582	-9,62
1056,823	-14,62
1057,065	2,38
1057,306	-2,62
1057,548	-11,62
1057,789	-4,62
1058,031	-5,62
1058,272	-10,62
1058,514	-7,62
1058,755	-6,62
1058,997	20,38
1059,238	5,38
1059,479	12,38
1059,721	-5,62
1059,962	-7,62
1060,204	-0,62
1060,445	-17,62
1060,686	-1,62
1060,928	-0,62
1061,169	0,38
1061,41	9,38
1061,652	4,38
1061,893	-5,62
1062,134	12,38
1062,376	-1,62
1062,617	0,38
1062,858	10,38
1063,1	1,38
1063,341	0,38
1063,582	11,38
1063,823	7,38
1064,065	11,38
1064,306	-7,62
1064,547	-2,62
1064,788	9,38
1065,029	-7,62
1065,271	-0,62
1065,512	7,38
1065,753	7,38
1065,994	-2,62
1066,235	-4,62
1066,476	-2,62
1066,718	-6,62
1066,959	-3,62
1067,2	9,38
1067,441	0,38
1067,682	-15,62
1067,923	5,38
1068,164	-3,62
1068,405	-2,62
1068,646	3,38
1068,887	-5,62
1069,128	4,38
1069,369	-1,62
1069,61	1,38
1069,851	9,38
1070,092	-1,62
1070,333	-0,62
1070,574	-5,62
1070,815	-1,62
1071,056	9,38
1071,297	-9,62
1071,538	12,38
1071,779	12,38
1072,02	2,38
1072,261	-6,62
1072,502	-1,62
1072,743	10,38
1072,984	8,38
1073,225	5,38
1073,466	-5,62
1073,706	4,38
1073,947	1,38
1074,188	-4,62
1074,429	-3,62
1074,67	-6,62
1074,911	8,38
1075,151	-3,62
1075,392	13,38
1075,633	10,38
1075,874	6,38
1076,114	-1,62
1076,355	1,38
1076,596	-5,62
1076,837	-2,62
1077,077	-1,62
1077,318	7,38
1077,559	1,38
1077,8	-0,62
1078,04	13,38
1078,281	7,38
1078,522	6,38
1078,762	-0,62
1079,003	9,38
1079,244	3,38
1079,484	-2,62
1079,725	4,38
1079,965	-8,62
1080,206	5,38
1080,447	0,38
1080,687	-3,62
1080,928	14,38
1081,168	13,38
1081,409	-5,62
1081,649	0,38
1081,89	-2,62
1082,131	12,38
1082,371	15,38
1082,612	-6,62
1082,852	4,38
1083,093	-8,62
1083,333	-6,62
1083,573	1,38
1083,814	-5,62
1084,054	-5,62
1084,295	-2,62
1084,535	4,38
1084,776	-1,62
1085,016	-0,62
1085,257	8,38
1085,497	2,38
1085,737	2,38
1085,978	5,38
1086,218	14,38
1086,458	-5,62
1086,699	-3,62
1086,939	7,38
1087,179	4,38
1087,42	0,38
1087,66	2,38
1087,9	1,38
1088,141	7,38
1088,381	12,38
1088,621	-9,62
1088,861	-5,62
1089,102	-1,62
1089,342	-7,62
1089,582	-3,62
1089,822	8,38
1090,063	4,38
1090,303	-1,62
1090,543	-0,62
1090,783	3,38
1091,023	-1,62
1091,263	-6,62
1091,504	6,38
1091,744	2,38
1091,984	-2,62
1092,224	0,38
1092,464	11,38
1092,704	2,38
1092,944	1,38
1093,184	4,38
1093,425	9,38
1093,665	-10,62
1093,905	-1,62
1094,145	-5,62
1094,385	-2,62
1094,625	-10,62
1094,865	2,38
1095,105	1,38
1095,345	18,38
1095,585	-7,62
1095,825	0,38
1096,065	6,38
1096,305	10,38
1096,545	14,38
1096,785	1,38
1097,025	1,38
1097,265	6,38
1097,504	-2,62
1097,744	2,38
1097,984	-5,62
1098,224	-1,62
1098,464	4,38
1098,704	11,38
1098,944	5,38
1099,184	8,38
1099,423	-0,62
1099,663	-3,62
1099,903	-6,62
1100,143	-4,62
1100,383	-2,62
1100,622	4,38
1100,862	1,38
1101,102	10,38
1101,342	3,38
1101,582	-1,62
1101,821	4,38
1102,061	6,38
1102,301	4,38
1102,54	5,38
1102,78	-3,62
1103,02	4,38
1103,26	-0,62
1103,499	6,38
1103,739	17,38
1103,979	-9,62
1104,218	2,38
1104,458	17,38
1104,697	0,38
1104,937	-4,62
1105,177	5,38
1105,416	-9,62
1105,656	-1,62
1105,896	6,38
1106,135	6,38
1106,375	-3,62
1106,614	-2,62
1106,854	-6,62
1107,093	-0,62
1107,333	5,38
1107,572	3,38
1107,812	-10,62
1108,051	4,38
1108,291	0,38
1108,53	-1,62
1108,77	-3,62
1109,009	-3,62
1109,249	-3,62
1109,488	15,38
1109,728	1,38
1109,967	-13,62
1110,206	-4,62
1110,446	-1,62
1110,685	-7,62
1110,925	5,38
1111,164	0,38
1111,403	-6,62
1111,643	13,38
1111,882	12,38
1112,121	2,38
1112,361	-1,62
1112,6	-3,62
1112,839	4,38
1113,079	9,38
1113,318	2,38
1113,557	-1,62
1113,796	1,38
1114,036	1,38
1114,275	-3,62
1114,514	-1,62
1114,753	4,38
1114,993	-1,62
1115,232	6,38
1115,471	5,38
1115,71	4,38
1115,949	1,38
1116,188	16,38
1116,428	-3,62
1116,667	10,38
1116,906	14,38
1117,145	3,38
1117,384	10,38
1117,623	2,38
1117,862	-7,62
1118,101	-6,62
1118,341	-3,62
1118,58	-4,62
1118,819	-3,62
1119,058	11,38
1119,297	5,38
1119,536	-6,62
1119,775	-3,62
1120,014	6,38
1120,253	-2,62
1120,492	-1,62
1120,731	0,38
1120,97	0,38
1121,209	10,38
1121,448	8,38
1121,687	-14,62
1121,926	1,38
1122,165	7,38
1122,404	-5,62
1122,642	-14,62
1122,881	-7,62
1123,12	0,38
1123,359	5,38
1123,598	6,38
1123,837	-12,62
1124,076	4,38
1124,315	3,38
1124,553	1,38
1124,792	2,38
1125,031	11,38
1125,27	1,38
1125,509	-1,62
1125,747	13,38
1125,986	0,38
1126,225	-2,62
