
TIME STEP:
125 = 0.2ms

VOLTAGE STEP:
CH1:  32 = 0.15V
CH2:  32 = 5V
GND	58	128
N	CH1	CH2

0   80  129
1	78	129
2	79	129
3	77	129
4	76	129
5	75	129
6	74	129
7	72	130
8	74	129
9	73	129
10	74	129
11	74	129
12	75	129
13	75	129
14	78	129
15	78	129
16	79	129
17	80	129
18	80	129
19	78	130
20	78	129
21	73	129
22	71	129
23	71	129
24	70	129
25	70	129
26	73	129
27	72	129
28	75	129
29	77	130
30	79	129
31	81	129
32	85	129
33	83	129
34	83	129
35	81	129
36	79	129
37	77	130
38	76	129
39	72	129
40	72	129
41	72	129
42	71	130
43	71	130
44	72	129
45	70	129
46	74	130
47	76	129
48	77	129
49	80	129
50	81	129
51	80	129
52	83	129
53	82	129
54	80	129
55	78	129
56	76	129
57	73	129
58	74	129
59	73	129
60	71	129
61	72	129
62	71	129
63	72	129
64	75	129
65	75	129
66	75	130
67	78	129
68	79	129
69	81	129
70	82	129
71	82	129
72	80	130
73	80	129
74	78	129
75	76	129
76	75	129
77	74	129
78	72	129
79	73	129
80	71	129
81	72	129
82	73	129
83	73	130
84	74	129
85	78	129
86	78	129
87	80	129
88	81	129
89	81	130
90	79	129
91	81	129
92	79	129
93	77	129
94	75	129
95	74	129
96	72	129
97	73	129
98	71	129
99	72	129
100	72	129
101	73	129
102	73	129
103	77	129
104	76	129
105	79	129
106	81	129
107	81	129
108	82	129
109	85	130
110	80	129
111	80	129
112	78	129
113	76	129
114	74	129
115	75	129
116	71	129
117	73	130
118	72	129
119	72	129
120	73	129
121	74	129
122	73	129
123	77	129
124	79	129
125	79	129
126	81	129
127	81	129
128	78	129
129	80	129
130	79	129
131	77	129
132	76	129
133	75	129
134	72	130
135	73	129
136	73	129
137	71	129
138	73	129
139	73	129
140	73	129
141	77	129
142	77	129
143	77	129
144	79	129
145	80	129
146	80	129
147	81	129
148	80	130
149	77	129
150	78	129
151	75	129
152	75	130
153	74	129
154	73	129
155	72	129
156	74	129
157	73	129
158	74	129
159	75	129
160	75	129
161	76	130
162	80	129
163	79	129
164	81	129
165	81	129
166	80	129
167	78	129
168	80	130
169	77	130
170	77	129
171	75	129
172	74	129
173	73	129
174	75	129
175	72	129
176	74	129
177	74	129
178	75	130
179	75	129
180	79	129
181	77	129
182	79	129
183	80	129
184	79	130
185	80	129
186	81	130
187	77	129
188	77	129
189	76	129
190	75	129
191	74	129
192	75	129
193	72	129
194	74	129
195	74	129
196	74	129
197	75	129
198	76	129
199	74	129
200	78	129
201	79	129
202	78	129
203	79	129
204	78	129
205	76	129
206	78	129
207	77	129
208	75	129
209	75	129
210	75	129
211	73	129
212	75	129
213	74	130
214	73	129
215	75	129
216	75	129
217	75	129
218	78	129
219	77	129
220	77	129
221	79	129
222	78	129
223	78	129
224	80	129
225	78	129
226	77	129
227	77	129
228	76	129
229	75	129
230	75	129
231	74	129
232	74	129
233	76	129
234	75	129
235	75	129
236	76	129
237	76	129
238	77	129
239	79	129
240	78	130
241	79	129
242	79	129
243	77	129
244	76	129
245	78	129
246	76	129
247	76	129
248	75	129
249	74	129
250	74	129
251	76	129
252	73	129
253	75	129
254	75	129
255	75	129
256	77	129
257	78	129
258	76	129
259	77	129
260	77	129
261	77	129
262	77	129
263	78	129
264	75	129
265	76	129
266	75	129
267	75	130
268	75	129
269	75	129
270	73	129
271	75	129
272	75	129
273	75	129
274	76	129
275	76	129
276	74	129
277	78	129
278	77	129
279	77	129
280	77	129
281	77	129
282	75	129
283	77	129
284	76	129
285	76	129
286	76	129
287	76	129
288	75	130
289	77	129
290	76	129
291	76	130
292	77	129
293	77	129
294	77	129
295	79	129
296	77	129
297	76	129
298	77	129
299	76	130
300	76	129
301	78	129
302	75	129
303	75	129
304	76	129
305	75	129
306	75	129
307	76	129
308	75	129
309	76	129
310	77	129
311	76	129
312	77	129
313	77	130
314	76	129
315	77	130
316	79	130
317	78	129
318	78	129
319	79	129
320	77	129
321	78	129
322	78	129
323	77	130
324	77	129
325	76	130
326	75	129
327	76	129
328	75	129
329	73	129
330	74	129
331	74	129
332	74	129
333	75	129
334	76	129
335	75	129
336	77	129
337	77	129
338	77	129
339	78	129
340	78	130
341	76	129
342	77	129
343	76	129
344	75	130
345	75	129
346	74	130
347	73	129
348	75	129
349	74	129
350	75	129
351	76	129
352	76	129
353	75	129
354	79	129
355	79	129
356	79	129
357	79	129
358	79	129
359	78	129
360	80	129
361	78	129
362	77	129
363	76	129
364	74	129
365	71	129
366	71	129
367	67	129
368	68	129
369	68	129
370	69	129
371	71	129
372	75	129
373	75	129
374	79	129
375	82	129
376	84	129
377	85	129
378	87	129
379	84	129
380	84	129
381	82	129
382	79	129
383	78	129
384	76	129
385	72	129
386	73	129
387	73	129
388	72	129
389	72	129
390	72	129
391	71	129
392	75	129
393	77	129
394	77	129
395	80	129
396	81	129
397	81	129
398	82	129
399	81	129
400	79	129
401	79	129
402	77	129
403	75	129
404	75	129
405	73	129
406	71	130
407	72	129
408	72	129
409	73	129
410	76	129
411	77	129
412	77	129
413	80	129
414	81	129
415	82	130
416	82	129
417	81	129
418	78	129
419	77	129
420	74	130
421	72	129
422	71	129
423	70	129
424	69	130
425	72	129
426	72	130
427	73	130
428	75	129
429	76	130
430	77	129
431	81	130
432	81	129
433	82	129
434	82	129
435	81	129
436	78	129
437	78	129
438	75	129
439	74	129
440	73	129
441	72	129
442	72	129
443	74	129
444	71	129
445	73	130
446	74	129
447	75	129
448	77	129
449	80	129
450	79	129
451	81	129
452	81	129
453	80	129
454	79	129
455	79	129
456	75	129
457	75	129
458	74	129
459	73	130
460	73	129
461	72	129
462	70	129
463	73	129
464	74	129
465	75	130
466	76	129
467	77	129
468	77	129
469	80	129
470	80	129
471	80	129
472	80	129
473	78	129
474	76	130
475	77	129
476	75	130
477	73	129
478	73	129
479	73	129
480	73	129
481	74	130
482	74	130
483	73	129
484	75	129
485	76	129
486	78	130
487	80	130
488	80	129
489	79	129
490	81	129
491	79	130
492	79	130
493	78	129
494	76	129
495	75	129
496	75	129
497	73	129
498	73	129
499	73	129
500	72	129
501	72	129
502	75	129
503	75	129
504	76	129
505	77	129
506	77	129
507	77	129
508	80	130
509	79	129
510	79	129
511	78	129
512	77	129
513	76	129
514	77	129
515	74	129
516	74	129
517	74	129
518	74	129
519	74	129
520	76	129
521	74	129
522	75	129
523	76	129
524	77	129
525	77	129
526	80	129
527	77	129
528	78	129
529	78	129
530	77	129
531	77	129
532	77	129
533	75	129
534	76	129
535	75	130
536	75	129
537	75	129
538	75	129
539	74	129
540	76	129
541	77	129
542	77	129
543	77	129
544	77	129
545	75	129
546	78	129
547	78	129
548	77	129
549	77	129
550	77	129
551	75	129
552	77	130
553	75	130
554	75	129
555	76	129
556	75	129
557	75	129
558	77	130
559	76	129
560	75	129
561	77	129
562	77	129
563	77	129
564	78	129
565	78	129
566	76	129
567	77	129
568	77	129
569	77	129
570	77	129
571	76	129
572	76	129
573	77	129
574	77	129
575	77	129
576	77	129
577	77	129
578	77	129
579	79	129
580	78	129
581	78	129
582	77	129
583	75	129
584	71	129
585	71	129
586	69	129
587	70	129
588	71	129
589	72	130
590	74	129
591	77	129
592	78	129
593	81	130
594	81	129
595	80	129
596	80	129
597	80	129
598	77	129
599	77	129
600	77	129
601	76	129
602	76	129
603	77	130
604	74	129
605	75	129
606	75	130
607	75	129
608	76	129
609	76	129
610	75	130
611	78	129
612	78	129
613	77	129
614	78	129
615	78	129
616	76	129
617	78	129
618	77	129
619	76	129
620	76	129
621	76	129
622	74	129
623	76	129
624	75	129
625	75	129
626	75	129
627	75	129
628	75	129
629	77	129
630	76	129
631	76	129
632	77	130
633	77	129
634	76	129
635	78	130
636	77	129
637	76	129
638	76	129
639	75	129
640	75	129
641	77	129
642	75	129
643	75	129
644	76	129
645	76	129
646	76	130
647	77	129
648	76	129
649	77	129
650	78	129
651	77	129
652	77	129
653	77	129
654	75	129
655	75	129
656	77	129
657	75	129
658	75	129
659	75	130
660	74	129
661	74	129
662	75	129
663	75	129
664	76	129
665	76	129
666	76	129
667	77	129
668	79	129
669	77	129
670	78	130
671	78	129
672	78	129
673	78	129
674	78	129
675	75	129
676	75	129
677	75	130
678	75	130
679	75	129
680	76	129
681	74	129
682	75	129
683	75	129
684	75	129
685	76	129
686	77	130
687	76	129
688	78	129
689	78	130
690	77	129
691	77	129
692	77	129
693	75	129
694	77	129
695	76	129
696	75	129
697	75	129
698	75	129
699	73	129
700	75	130
701	76	129
702	75	129
703	76	129
704	76	129
705	76	129
706	77	129
707	77	130
708	76	129
709	77	129
710	77	129
711	76	129
712	77	129
713	77	130
714	74	129
715	75	129
716	75	129
717	75	129
718	76	129
719	77	129
720	75	129
721	76	129
722	76	129
723	77	129
724	78	129
725	78	129
726	77	129
727	78	129
728	77	129
729	77	129
730	77	129
731	76	129
732	75	129
733	76	129
734	75	129
735	75	130
736	75	129
737	75	129
738	74	129
739	76	129
740	77	129
741	76	129
742	77	130
743	77	129
744	76	129
745	77	129
746	77	129
747	77	129
748	77	130
749	77	129
750	76	129
751	77	129
752	77	129
753	77	129
754	78	129
755	78	129
756	77	129
757	79	129
758	79	129
759	77	129
760	77	129
761	77	129
762	76	129
763	77	129
764	76	129
765	74	129
766	74	130
767	74	129
768	74	129
769	75	129
770	75	129
771	75	129
772	76	130
773	76	129
774	76	129
775	77	129
776	76	129
777	75	129
778	77	129
779	77	129
780	76	129
781	76	129
782	75	129
783	74	129
784	75	129
785	75	129
786	74	129
787	74	129
788	74	129
789	73	129
790	75	129
791	75	129
792	75	129
793	76	129
794	76	129
795	77	129
796	79	129
797	77	129
798	77	129
799	77	130
800	77	129
801	77	129
802	78	129
803	76	129
804	76	129
805	76	129
806	76	129
807	76	130
808	77	129
809	75	129
810	75	129
811	75	129
812	74	129
813	74	129
814	75	129
815	73	129
816	75	129
817	77	129
818	77	129
819	79	129
820	79	129
821	79	129
822	80	129
823	79	129
824	75	129
825	74	129
826	73	130
827	72	129
828	74	130
829	75	129
830	76	129
831	77	129
832	79	129
833	80	129
834	81	129
835	81	129
836	79	129
837	79	129
838	78	129
839	76	129
840	77	130
841	75	129
842	73	130
843	74	129
844	74	130
845	74	129
846	76	129
847	77	129
848	79	129
849	81	130
850	83	129
851	84	129
852	84	129
853	82	129
854	80	129
855	79	130
856	77	129
857	75	129
858	74	129
859	72	129
860	71	129
861	72	130
862	72	129
863	72	130
864	74	130
865	75	129
866	76	129
867	78	129
868	80	129
869	81	130
870	82	129
871	82	129
872	80	129
873	79	129
874	77	129
875	75	129
876	74	129
877	73	129
878	72	129
879	72	129
880	72	130
881	71	129
882	72	130
883	73	130
884	73	129
885	76	130
886	77	129
887	78	129
888	79	129
889	79	129
890	79	129
891	79	129
892	78	129
893	77	130
894	76	129
895	75	129
896	74	129
897	74	129
898	73	129
899	74	129
900	76	129
901	77	129
902	79	129
903	80	129
904	80	129
905	80	130
906	81	129
907	79	129
908	76	129
909	73	129
910	72	129
911	71	130
912	71	129
913	72	129
914	73	129
915	74	129
916	76	129
917	77	129
918	80	129
919	81	129
920	80	129
921	79	129
922	79	130
923	77	129
924	77	129
925	76	129
926	74	129
927	74	129
928	74	129
929	73	129
930	75	129
931	75	130
932	74	129
933	74	129
934	75	130
935	76	129
936	77	129
937	77	129
938	78	129
939	78	130
940	79	129
941	78	129
942	77	129
943	76	129
944	76	129
945	76	129
946	75	130
947	75	129
948	75	129
949	74	129
950	74	129
951	75	129
952	76	129
953	76	129
954	76	129
955	77	129
956	77	129
957	76	129
958	77	129
959	76	129
960	76	129
961	76	129
962	75	129
963	75	129
964	75	129
965	75	129
966	75	129
967	75	129
968	75	129
969	76	129
970	77	129
971	76	130
972	76	129
973	77	129
974	77	129
975	78	129
976	77	129
977	77	129
978	76	129
979	76	129
980	76	130
981	76	129
982	75	129
983	75	129
984	75	129
985	76	129
986	75	129
987	76	130
988	75	129
989	76	129
990	77	130
991	78	129
992	77	129
993	78	129
994	77	129
995	77	129
996	77	129
997	78	129
998	77	129
999	77	129
1000	77	129
1001	76	129
1002	76	129
1003	77	129
1004	76	129
1005	76	130
1006	76	130
1007	76	129
1008	76	129
1009	75	129
1010	76	130
1011	75	129
1012	74	129
1013	73	129
1014	73	130
1015	71	129
1016	73	129
1017	74	129
1018	75	130
1019	77	129
1020	80	129
1021	80	129
1022	81	129
1023	81	129
1024	81	129
1025	79	129
1026	78	129
1027	77	129
1028	75	129
1029	74	130
1030	73	129
1031	73	129
1032	72	129
1033	73	129
1034	73	129
1035	74	129
1036	75	129
1037	76	129
1038	78	129
1039	79	129
1040	81	129
1041	81	129
1042	81	130
1043	79	129
1044	78	129
1045	77	129
1046	76	130
1047	74	129
1048	74	129
1049	72	129
1050	72	129
1051	72	129
1052	72	129
1053	72	130
1054	74	129
1055	75	130
1056	76	129
1057	78	130
1058	79	129
1059	80	129
1060	82	129
1061	81	129
1062	80	129
1063	80	129
1064	78	129
1065	77	129
1066	75	129
1067	75	129
1068	73	130
1069	73	130
1070	73	129
1071	73	129
1072	73	129
1073	75	129
1074	75	130
1075	77	129
1076	78	129
1077	79	129
1078	79	129
1079	80	129
1080	79	129
1081	80	129
1082	78	130
1083	77	129
1084	76	129
1085	77	129
1086	74	129
1087	74	129
1088	74	129
1089	74	129
1090	74	129
1091	76	129
1092	75	129
1093	77	129
1094	77	129
1095	78	130
1096	78	129
1097	79	129
1098	78	129
1099	79	130
1100	77	130
1101	77	129
1102	76	129
1103	75	130
1104	73	129
1105	75	129
1106	74	130
1107	73	130
1108	74	129
1109	74	129
1110	74	129
1111	75	129
1112	76	130
1113	76	129
1114	77	129
1115	78	129
1116	78	129
1117	79	129
1118	79	129
1119	79	129
1120	79	129
1121	79	129
1122	78	129
1123	77	130
1124	77	129
1125	75	130
1126	76	129
1127	76	130
1128	75	129
1129	75	129
1130	76	129
1131	73	130
1132	74	129
1133	74	129
1134	74	129
1135	74	129
1136	75	129
1137	73	129
1138	75	129
1139	75	129
1140	75	129
1141	76	129
1142	77	130
1143	78	129
1144	79	129
1145	80	129
1146	79	129
1147	80	130
1148	80	129
1149	79	129
1150	78	129
1151	78	129
1152	75	129
1153	75	130
1154	74	129
1155	74	130
1156	73	129
1157	74	129
1158	73	129
1159	74	130
1160	74	130
1161	75	129
1162	75	130
1163	78	129
1164	78	130
1165	79	129
1166	79	129
1167	79	129
1168	77	129
1169	78	129
1170	76	129
1171	76	129
1172	75	129
1173	74	129
1174	73	129
1175	74	129
1176	73	130
1177	73	129
1178	74	129
1179	74	129
1180	75	129
1181	77	129
1182	77	129
1183	77	129
1184	79	129
1185	79	129
1186	79	129
1187	79	129
1188	79	129
1189	77	129
1190	77	129
1191	76	129
1192	75	129
1193	75	129
1194	76	129
1195	74	129
1196	74	129
1197	75	130
1198	75	129
1199	76	129
1200	77	130
1201	76	129
1202	77	130
1203	78	130
1204	78	129
1205	77	129
1206	78	129
1207	78	129
1208	76	129
1209	77	129
1210	77	129
1211	76	129
1212	76	129
1213	75	129
1214	77	129
1215	77	129
1216	76	129
1217	77	129
1218	77	129
1219	77	129
1220	77	129
1221	76	129
1222	77	129
1223	76	129
1224	76	129
1225	75	130
1226	75	129
1227	74	129
1228	74	129
1229	74	129
1230	75	129
1231	75	129
1232	75	129
1233	76	129
1234	76	129
1235	77	129
1236	78	129
1237	79	129
1238	79	129
1239	77	129
1240	77	129
1241	77	129
1242	76	129
1243	75	129
1244	74	129
1245	74	129
1246	73	129
1247	74	129
1248	73	129
1249	73	129
1250	74	129
1251	74	129
1252	76	129
1253	75	129
1254	76	129
1255	77	129
1256	77	129
1257	77	129
1258	78	129
1259	77	129
1260	77	129
1261	77	129
1262	76	129
1263	77	129
1264	77	129
1265	76	129
1266	77	129
1267	78	129
1268	78	129
1269	78	129
1270	77	129
1271	76	129
1272	74	129
1273	73	129
1274	72	129
1275	71	129
1276	71	129
1277	71	129
1278	71	129
1279	72	129
1280	73	129
1281	75	130
1282	77	129
1283	80	129
1284	83	130
1285	85	129
1286	86	129
1287	84	129
1288	81	130
1289	79	129
1290	78	129
1291	76	129
1292	75	129
1293	74	129
1294	73	129
1295	73	129
1296	73	129
1297	73	129
1298	73	129
1299	74	129
1300	75	130
1301	76	129
1302	77	129
1303	78	129
1304	79	129
1305	79	129
1306	79	129
1307	78	129
1308	77	129
1309	76	129
1310	76	129
1311	75	129
1312	74	129
1313	73	129
1314	73	129
1315	73	129
1316	74	129
1317	74	129
1318	74	129
1319	76	129
1320	77	129
1321	77	129
1322	78	130
1323	78	130
1324	78	130
1325	79	130
1326	78	129
1327	78	130
1328	77	129
1329	76	129
1330	75	129
1331	75	129
1332	74	130
1333	74	129
1334	74	129
1335	73	129
1336	74	130
1337	75	129
1338	75	129
1339	77	129
1340	77	130
1341	78	129
1342	79	129
1343	79	129
1344	78	129
1345	78	129
1346	78	129
1347	77	129
1348	77	129
1349	75	129
1350	74	130
1351	74	130
1352	74	129
1353	74	129
1354	74	129
1355	74	129
1356	75	129
1357	76	129
1358	76	129
1359	77	129
1360	78	129
1361	78	129
1362	79	129
1363	79	129
1364	78	129
1365	77	129
1366	77	129
1367	76	129
1368	75	129
1369	75	129
1370	75	129
1371	74	129
1372	74	129
1373	74	129
1374	75	129
1375	75	129
1376	75	129
1377	76	129
1378	77	129
1379	77	129
1380	77	129
1381	77	129
1382	77	130
1383	77	129
1384	77	129
1385	76	129
1386	76	129
1387	75	129
1388	75	129
1389	75	129
1390	75	129
1391	75	129
1392	75	129
1393	75	129
1394	76	129
1395	77	129
1396	76	129
1397	77	129
1398	77	129
1399	77	129
1400	77	129
1401	78	129
1402	77	129
1403	77	129
1404	76	129
1405	76	129
1406	75	129
1407	75	129
1408	75	129
1409	75	130
1410	75	129
1411	75	129
1412	76	129
1413	76	129
1414	76	130
1415	77	129
1416	77	129
1417	77	129
1418	77	129
1419	77	129
1420	77	129
1421	77	129
1422	76	130
1423	76	129
1424	76	129
1425	75	129
1426	75	129
1427	75	129
1428	75	129
1429	75	129
1430	76	130
1431	76	130
1432	76	129
1433	76	129
1434	77	129
1435	77	130
1436	77	129
1437	77	129
1438	77	129
1439	77	129
1440	76	129
1441	76	129
1442	76	129
1443	76	129
1444	75	129
1445	75	129
1446	75	129
1447	75	129
1448	75	129
1449	76	129
1450	76	130
1451	76	129
1452	76	129
1453	77	129
1454	77	129
1455	77	129
1456	77	129
1457	77	129
1458	77	129
1459	76	130
1460	76	129
1461	76	130
1462	76	129
1463	76	129
1464	76	129
1465	76	129
1466	75	130
1467	76	129
1468	76	130
1469	76	130
1470	76	129
1471	77	129
1472	77	129
1473	77	129
1474	77	130
1475	77	129
1476	77	129
1477	77	129
1478	77	129
1479	76	130
1480	76	129
1481	76	129
1482	76	129
1483	76	130
1484	76	130
1485	76	129
1486	76	129
1487	76	129
1488	76	129
1489	76	129
1490	76	129
1491	76	129
1492	76	130
1493	76	129
1494	77	129
1495	76	129
1496	76	129
1497	76	129
1498	76	129
1499	76	129
1500	76	129
1501	76	129
1502	76	129
1503	76	129
1504	76	129
1505	76	129
1506	76	129
1507	76	129
1508	76	129
1509	76	129
1510	76	129
1511	76	129
1512	76	129
1513	76	129
1514	76	129
1515	76	129
1516	76	129
1517	76	129
1518	76	130
1519	76	129
1520	76	129
1521	76	130
1522	76	130
1523	76	130
1524	76	130
1525	76	130
1526	76	129
1527	76	129
1528	76	129
1529	76	129
1530	77	130
1531	77	129
1532	77	129
1533	76	129
1534	77	129
1535	77	130
1536	76	129
1537	77	129
1538	76	129
1539	76	129
1540	76	129
1541	76	129
1542	76	130
1543	76	129
1544	76	129
1545	76	129
1546	76	129
1547	76	129
1548	76	129
1549	76	129
1550	76	129
1551	76	129
1552	76	129
1553	77	129
1554	77	129
1555	77	129
1556	77	129
1557	77	129
1558	77	129
1559	77	129
1560	77	130
1561	76	129
1562	76	129
1563	76	129
1564	75	129
1565	75	129
1566	75	129
1567	74	130
1568	74	129
1569	74	130
1570	74	130
1571	74	129
1572	74	129
1573	74	129
1574	73	129
1575	73	129
1576	73	130
1577	74	129
1578	75	129
1579	77	129
1580	78	129
1581	79	130
1582	80	129
1583	81	130
1584	81	129
1585	80	129
1586	79	129
1587	78	129
1588	77	130
1589	75	129
1590	75	129
1591	74	130
1592	74	130
1593	74	129
1594	74	130
1595	76	129
1596	77	129
1597	78	129
1598	80	129
1599	81	129
1600	81	129
1601	81	129
1602	80	129
1603	78	129
1604	77	129
1605	75	129
1606	74	129
1607	73	129
1608	73	129
1609	73	129
1610	73	129
1611	73	129
1612	74	129
1613	75	129
1614	76	129
1615	77	129
1616	78	129
1617	78	130
1618	78	129
1619	78	129
1620	77	129
1621	76	129
1622	75	129
1623	75	129
1624	74	130
1625	73	130
1626	73	129
1627	73	129
1628	73	129
1629	74	129
1630	75	129
1631	75	129
1632	76	129
1633	77	129
1634	77	129
1635	77	129
1636	77	129
1637	77	129
1638	76	129
1639	75	129
1640	75	130
1641	74	129
1642	74	129
1643	74	129
1644	74	129
1645	75	129
1646	75	129
1647	77	129
1648	78	129
1649	78	129
1650	80	129
1651	80	129
1652	81	129
1653	80	129
1654	80	129
1655	79	130
1656	78	129
1657	77	129
1658	76	129
1659	75	129
1660	75	130
1661	74	129
1662	75	129
1663	75	129
1664	75	130
1665	76	129
1666	77	129
1667	78	129
1668	79	129
1669	79	130
1670	80	129
1671	80	129
1672	79	130
1673	79	129
1674	78	129
1675	77	129
1676	76	130
1677	76	130
1678	75	129
1679	75	129
1680	75	129
1681	74	129
1682	75	129
1683	76	130
1684	76	129
1685	77	129
1686	78	130
1687	78	129
1688	79	129
1689	77	129
1690	75	129
1691	74	129
1692	74	130
1693	74	129
1694	75	130
1695	76	129
1696	77	129
1697	78	129
1698	79	129
1699	79	130
1700	79	130
1701	78	129
1702	77	129
1703	76	129
1704	75	129
1705	75	129
1706	75	130
1707	74	130
1708	74	129
1709	74	129
1710	74	129
1711	75	129
1712	75	129
1713	75	129
1714	77	129
1715	77	129
1716	77	129
1717	77	129
1718	78	129
1719	77	129
1720	77	130
1721	77	129
1722	77	129
1723	76	130
1724	76	130
1725	75	129
1726	76	129
1727	75	129
1728	75	129
1729	75	130
1730	76	129
1731	76	129
1732	77	129
1733	77	129
1734	77	129
1735	77	129
1736	77	129
1737	77	129
1738	77	130
1739	76	129
1740	76	130
1741	76	129
1742	76	130
1743	75	129
1744	75	129
1745	75	129
1746	75	130
1747	76	129
1748	75	130
1749	76	129
1750	76	129
1751	76	129
1752	76	130
1753	77	129
1754	76	129
1755	76	129
1756	76	129
1757	76	129
1758	76	129
1759	76	129
1760	75	129
1761	75	130
1762	75	129
1763	76	129
1764	76	129
1765	76	130
1766	76	129
1767	76	129
1768	77	129
1769	77	129
1770	78	129
1771	77	129
1772	77	129
1773	77	130
1774	77	129
1775	77	129
1776	76	129
1777	75	129
1778	74	129
1779	75	129
1780	74	129
1781	74	129
1782	74	129
1783	74	129
1784	75	129
1785	75	129
1786	75	129
1787	76	129
1788	76	130
1789	77	129
1790	78	129
1791	78	129
1792	77	129
1793	78	129
1794	77	129
1795	77	130
1796	78	129
1797	77	129
1798	77	129
1799	77	129
1800	77	129
1801	77	129
1802	77	129
1803	76	129
1804	77	129
1805	77	129
1806	76	129
1807	74	129
1808	72	129
1809	71	129
1810	72	129
1811	72	129
1812	73	130
1813	75	129
1814	77	129
1815	79	129
1816	81	129
1817	82	129
1818	82	129
1819	81	129
1820	80	129
1821	79	129
1822	77	129
1823	75	129
1824	73	129
1825	72	129
1826	71	129
1827	71	129
1828	70	129
1829	71	129
1830	73	129
1831	74	129
1832	76	129
1833	77	129
1834	78	129
1835	80	129
1836	82	129
1837	82	129
1838	81	129
1839	81	129
1840	78	129
1841	77	129
1842	75	129
1843	73	129
1844	73	129
1845	72	129
1846	72	129
1847	73	129
1848	73	129
1849	73	129
1850	74	129
1851	76	129
1852	77	129
1853	79	129
1854	81	129
1855	82	130
1856	81	129
1857	81	129
1858	79	129
1859	77	129
1860	76	129
1861	74	129
1862	73	129
1863	72	129
1864	72	129
1865	72	129
1866	72	129
1867	71	129
1868	73	129
1869	75	129
1870	76	130
1871	78	130
1872	81	129
1873	81	129
1874	81	129
1875	81	129
1876	80	129
1877	79	129
1878	78	129
1879	76	129
1880	76	129
1881	75	129
1882	73	130
1883	73	130
1884	73	129
1885	74	129
1886	75	129
1887	75	129
1888	75	129
1889	77	129
1890	79	129
1891	79	129
1892	80	129
1893	79	130
1894	79	129
1895	79	129
1896	77	130
1897	76	129
1898	74	129
1899	73	130
1900	73	130
1901	73	130
1902	73	129
1903	74	130
1904	75	129
1905	75	129
1906	77	129
1907	79	129
1908	79	129
1909	81	129
1910	81	129
1911	83	129
1912	81	129
1913	79	129
1914	78	129
1915	77	129
1916	75	129
1917	75	129
1918	75	129
1919	73	129
1920	73	129
1921	74	129
1922	73	129
1923	73	129
1924	74	129
1925	75	129
1926	75	129
1927	76	129
1928	76	129
1929	76	130
1930	76	129
1931	75	130
1932	76	129
1933	76	129
1934	76	129
1935	77	129
1936	78	129
1937	77	130
1938	77	129
1939	78	129
1940	77	130
1941	77	130
1942	77	130
1943	78	130
1944	77	129
1945	76	129
1946	76	129
1947	76	129
1948	75	129
1949	74	130
1950	75	130
1951	75	129
1952	75	130
1953	76	130
1954	76	130
1955	77	129
1956	76	129
1957	77	129
1958	78	129
1959	77	129
1960	78	129
1961	78	129
1962	78	129
1963	76	129
1964	76	129
1965	77	129
1966	75	129
1967	75	129
1968	75	129
1969	76	129
1970	74	129
1971	75	129
1972	76	130
1973	75	129
1974	74	130
1975	76	129
1976	77	129
1977	76	129
1978	76	129
1979	77	129
1980	77	129
1981	76	129
1982	75	129
1983	77	129
1984	76	129
1985	75	129
1986	76	129
1987	77	129
1988	75	130
1989	75	129
1990	75	129
1991	76	129
1992	76	129
1993	76	129
1994	77	129
1995	77	129
1996	77	129
1997	77	129
1998	77	129
1999	77	130
2000	76	129
2001	77	129
2002	77	129
2003	76	130
2004	76	130
2005	76	130
2006	76	129
2007	75	129
2008	76	129
2009	77	129
2010	77	129
2011	76	129
2012	77	129
2013	78	129
2014	77	129
2015	78	130
2016	77	130
2017	77	129
2018	77	129
2019	76	130
2020	77	130
2021	75	129
2022	74	129
2023	74	129
2024	73	129
2025	71	130
2026	72	129
2027	73	129
2028	73	129
2029	74	129
2030	75	129
2031	77	129
2032	79	129
2033	80	129
2034	82	129
2035	82	129
2036	81	129
2037	81	129
2038	80	129
2039	77	129
2040	75	129
2041	74	129
2042	73	129
2043	73	129
2044	73	129
2045	73	129
2046	73	129
2047	75	129
2048	75	129
2049	77	129
2050	78	129
2051	79	129
2052	80	129
2053	81	129
2054	79	129
2055	79	129
2056	77	129
2057	75	129
2058	75	129
2059	73	129
2060	72	129
2061	73	129
2062	72	129
2063	73	129
2064	72	129
2065	75	130
2066	76	129
2067	77	129
2068	78	129
2069	79	129
2070	80	129
2071	79	129
2072	80	130
2073	79	130
2074	77	129
2075	77	130
2076	75	129
2077	74	129
2078	74	130
2079	73	129
2080	73	129
2081	74	129
2082	74	129
2083	76	129
2084	76	129
2085	77	129
2086	78	129
2087	80	129
2088	80	130
2089	81	129
2090	81	129
2091	79	129
2092	78	129
2093	77	129
2094	75	129
2095	75	129
2096	73	129
2097	73	129
2098	73	129
2099	72	129
2100	72	129
2101	72	130
2102	73	130
2103	73	129
2104	74	130
2105	74	129
2106	75	129
2107	76	129
2108	77	129
2109	78	129
2110	77	129
2111	78	129
2112	79	129
2113	79	129
2114	79	129
2115	79	129
2116	79	129
2117	79	129
2118	79	129
2119	78	130
2120	77	129
2121	76	129
2122	75	129
2123	75	129
2124	73	129
2125	73	129
2126	73	129
2127	74	129
2128	77	129
2129	78	129
2130	81	129
2131	83	129
2132	84	130
2133	85	129
2134	83	129
2135	82	129
2136	78	130
2137	77	129
2138	75	129
2139	74	129
2140	72	130
2141	71	129
2142	71	129
2143	71	129
2144	72	129
2145	73	129
2146	74	129
2147	76	129
2148	78	129
2149	80	129
2150	80	129
2151	81	129
2152	81	129
2153	80	129
2154	79	129
2155	77	129
2156	76	129
2157	75	129
2158	74	130
2159	73	129
2160	73	129
2161	72	129
2162	73	129
2163	74	129
2164	75	129
2165	76	129
2166	79	130
2167	79	129
2168	80	129
2169	79	129
2170	75	129
2171	72	129
2172	71	129
2173	71	129
2174	73	129
2175	73	129
2176	74	130
2177	76	130
2178	78	129
2179	79	129
2180	81	129
2181	82	129
2182	82	129
2183	81	129
2184	79	129
2185	77	130
2186	75	129
2187	73	129
2188	73	129
2189	71	130
2190	71	129
2191	71	129
2192	72	130
2193	72	130
2194	73	129
2195	74	129
2196	76	129
2197	78	129
2198	81	129
2199	82	129
2200	83	129
2201	83	129
2202	82	129
2203	81	129
2204	79	129
2205	76	129
2206	76	129
2207	74	129
2208	73	129
2209	72	129
2210	71	129
2211	70	129
2212	71	129
2213	72	129
2214	73	129
2215	74	129
2216	75	129
2217	74	129
2218	74	129
2219	75	129
2220	78	129
2221	80	129
2222	82	129
2223	83	129
2224	84	129
2225	81	129
2226	77	129
2227	73	129
2228	71	129
2229	70	129
2230	70	129
2231	70	129
2232	71	129
2233	71	129
2234	73	129
2235	75	129
2236	77	129
2237	79	129
2238	82	129
2239	83	129
2240	84	129
2241	83	129
2242	81	129
2243	78	129
2244	76	129
2245	74	129
2246	73	129
2247	72	129
2248	71	129
2249	71	129
2250	72	129
2251	72	129
2252	73	129
2253	74	129
2254	76	129
2255	78	129
2256	81	129
2257	83	129
2258	83	129
2259	82	129
2260	82	129
2261	80	130
2262	78	130
2263	76	130
2264	75	129
2265	73	129
2266	73	130
2267	72	129
2268	71	129
2269	71	129
2270	72	129
2271	73	129
2272	75	129
2273	76	130
2274	78	129
2275	79	129
2276	80	130
2277	81	129
2278	81	129
2279	80	130
2280	79	129
2281	78	129
2282	76	130
2283	75	130
2284	73	129
2285	72	129
2286	72	129
2287	72	129
2288	73	129
2289	73	129
2290	73	130
2291	74	129
2292	76	129
2293	78	129
2294	79	129
2295	80	129
2296	81	130
2297	81	130
2298	80	129
2299	79	130
2300	77	130
2301	75	130
2302	74	129
2303	74	130
2304	73	129
2305	73	129
2306	72	129
2307	73	129
2308	73	130
2309	74	130
2310	75	130
2311	77	130
2312	79	129
2313	80	129
2314	82	130
2315	81	129
2316	80	129
2317	79	130
2318	77	129
2319	76	130
2320	75	129
2321	74	130
2322	72	130
2323	72	130
2324	71	129
2325	72	129
2326	72	129
2327	73	130
2328	75	129
2329	77	129
2330	78	129
2331	80	129
2332	81	129
2333	80	129
2334	81	129
2335	81	129
2336	79	129
2337	77	129
2338	75	130
2339	74	129
2340	73	130
2341	72	129
2342	71	129
2343	72	130
2344	72	130
2345	73	129
2346	75	130
2347	75	129
2348	77	129
2349	79	129
2350	81	129
2351	82	129
2352	83	129
2353	83	129
2354	82	129
2355	80	130
2356	78	129
2357	76	129
2358	73	129
2359	72	129
2360	72	129
2361	72	129
2362	71	129
2363	71	129
2364	71	129
2365	72	129
2366	74	129
2367	75	129
2368	76	129
2369	78	129
2370	79	129
2371	80	129
2372	80	129
2373	79	129
2374	78	129
2375	78	129
2376	76	130
2377	77	129
2378	76	129
2379	74	130
2380	74	129
2381	75	129
2382	75	129
2383	76	129
2384	76	129
2385	77	129
2386	79	129
2387	79	129
2388	79	130
2389	79	129
2390	78	129
2391	77	129
2392	77	129
2393	76	129
2394	75	129
2395	75	129
2396	73	129
2397	73	129
2398	74	130
2399	73	129
2400	74	129
2401	75	130
2402	76	129
2403	77	129
2404	79	129
2405	78	129
2406	78	130
2407	79	130
2408	79	129
2409	79	129
2410	78	130
2411	76	129
2412	76	129
2413	75	129
2414	74	129
2415	74	129
2416	73	129
2417	73	129
2418	75	130
2419	75	130
2420	75	129
2421	76	129
2422	76	129
2423	76	129
2424	78	130
2425	78	129
2426	78	130
2427	78	129
2428	77	129
2429	77	130
2430	77	129
2431	75	129
2432	75	129
2433	75	130
2434	75	129
2435	76	129
2436	76	129
2437	75	130
2438	75	129
2439	76	130
2440	76	130
2441	78	130
2442	79	130
2443	78	130
2444	79	129
2445	79	129
2446	78	130
2447	78	129
2448	72	129
2449	69	129
2450	69	130
2451	68	129
2452	68	129
2453	70	129
2454	71	129
2455	74	129
2456	80	129
2457	84	129
2458	86	129
2459	84	129
2460	80	129
2461	78	129
2462	78	130
2463	77	130
2464	76	130
2465	75	129
2466	75	129
2467	75	130
2468	76	130
2469	74	130
2470	75	129
2471	75	129
2472	76	129
2473	78	129
2474	79	129
2475	78	130
2476	79	130
2477	80	130
2478	80	129
2479	80	130
2480	80	129
2481	79	129
2482	79	129
2483	79	129
2484	78	129
2485	77	129
2486	77	129
2487	75	129
2488	76	129
2489	76	129
2490	75	129
2491	75	129
2492	74	130
2493	73	129
2494	75	129
2495	75	129
2496	75	129
2497	76	129
2498	76	129
2499	76	129
2500	78	129
2501	76	129
2502	76	129
2503	76	129
2504	76	129
2505	76	129
2506	77	129
2507	75	129
2508	74	129
2509	74	129
2510	74	129
2511	74	129
2512	76	129
2513	75	129
2514	75	129
2515	75	130
2516	75	129
2517	75	129
2518	76	129
2519	75	129
2520	76	129
2521	77	129
2522	77	129
2523	77	129
2524	77	129
2525	75	130
2526	77	129
2527	77	129
2528	76	129
2529	76	129
2530	76	129
2531	75	129
2532	75	129
2533	75	129
2534	74	129
2535	74	129
2536	73	130
2537	73	130
2538	75	129
2539	73	129
2540	72	129
2541	73	130
2542	73	129
2543	74	129
2544	77	129
2545	77	129
2546	79	130
2547	81	129
2548	83	129
2549	83	129
2550	84	129
2551	81	130
2552	81	129
2553	80	129
2554	77	129
2555	76	129
2556	75	130
2557	72	129
2558	73	129
2559	74	129
2560	74	129
2561	75	129
2562	76	129
2563	76	129
2564	79	129
2565	79	130
2566	81	130
2567	81	129
2568	81	129
2569	79	129
2570	79	129
2571	76	129
2572	74	129
2573	75	129
2574	74	129
2575	74	129
2576	75	129
2577	72	129
2578	72	129
2579	73	129
2580	75	129
2581	77	130
2582	79	130
2583	80	129
2584	83	129
2585	84	130
2586	83	129
2587	82	130
2588	79	129
2589	76	129
2590	76	129
2591	75	129
2592	73	130
2593	73	130
2594	72	130
2595	72	130
2596	74	130
2597	73	129
2598	74	129
2599	76	130
2600	77	130
2601	79	129
2602	81	129
2603	79	129
2604	79	129
2605	79	130
2606	78	129
2607	77	129
2608	76	130
2609	74	129
2610	74	129
2611	74	129
2612	74	129
2613	74	129
2614	74	129
2615	74	130
2616	77	129
2617	77	130
2618	78	129
2619	79	129
2620	79	129
2621	77	129
2622	79	129
2623	78	129
2624	78	129
2625	78	129
2626	77	129
2627	77	130
2628	77	129
2629	75	129
2630	75	129
2631	75	129
2632	75	129
2633	75	129
2634	76	129
2635	74	129
2636	74	129
2637	74	129
2638	73	129
2639	73	129
2640	73	129
2641	73	129
2642	75	129
2643	76	129
2644	77	129
2645	79	129
2646	78	129
2647	79	129
2648	80	129
2649	79	129
2650	77	129
2651	76	129
2652	73	129
2653	73	129
2654	73	129
2655	72	129
2656	73	129
2657	74	129
2658	74	129
2659	77	129
2660	78	129
2661	78	129
2662	79	129
2663	80	129
2664	80	129
2665	81	129
2666	80	129
2667	78	129
2668	78	129
2669	76	129
2670	75	130
2671	75	130
2672	72	129
2673	73	129
2674	74	129
2675	73	129
2676	74	129
2677	74	129
2678	73	130
2679	75	129
2680	77	129
2681	76	129
2682	75	129
2683	75	129
2684	75	129
2685	77	129
2686	78	130
2687	77	129
2688	79	129
2689	79	129
2690	79	129
2691	80	129
2692	78	129
2693	76	129
2694	75	129
2695	74	130
2696	73	129
2697	74	129
2698	72	129
2699	73	129
2700	74	130
2701	74	130
2702	75	129
2703	76	129
2704	75	129
2705	78	130
2706	80	129
2707	80	129
2708	80	129
2709	80	130
2710	78	130
2711	78	129
2712	77	130
2713	76	129
2714	75	129
2715	75	129
2716	73	129
2717	75	129
2718	73	130
2719	73	129
2720	74	129
2721	75	129
2722	75	129
2723	78	129
2724	77	130
2725	77	129
2726	79	129
2727	79	130
2728	79	129
2729	79	129
2730	77	129
2731	77	130
2732	77	129
2733	76	129
2734	76	129
2735	75	129
2736	73	129
2737	75	129
2738	77	129
2739	77	130
2740	77	129
2741	78	130
2742	77	129
2743	79	129
2744	79	129
2745	78	129
2746	77	130
2747	76	129
2748	73	130
2749	72	129
2750	70	129
2751	69	129
2752	70	129
2753	71	130
2754	73	130
2755	77	129
2756	78	129
2757	80	130
2758	82	129
2759	84	129
2760	84	129
2761	83	129
2762	80	129
2763	78	129
2764	77	129
2765	74	129
2766	72	129
2767	72	130
2768	69	129
2769	70	129
2770	71	129
2771	71	129
2772	73	129
2773	74	129
2774	75	129
2775	78	129
2776	81	129
2777	82	129
2778	83	129
2779	84	130
2780	82	129
2781	81	129
2782	79	129
2783	75	129
2784	74	129
2785	73	129
2786	72	129
2787	73	129
2788	71	129
2789	71	129
2790	72	130
2791	73	129
2792	75	129
2793	78	129
2794	78	129
2795	80	129
2796	82	129
2797	83	129
2798	82	129
2799	82	129
2800	79	129
2801	77	129
2802	77	129
2803	75	129
2804	73	129
2805	72	129
2806	70	129
2807	71	129
2808	72	129
2809	71	129
2810	73	129
2811	74	129
2812	75	129
2813	78	129
2814	79	129
2815	80	130
2816	81	129
2817	82	129
2818	81	129
2819	82	129
2820	79	129
2821	77	129
2822	76	129
2823	75	129
2824	73	129
2825	74	129
2826	72	129
2827	72	129
2828	73	129
2829	73	129
2830	74	129
2831	75	129
2832	75	129
2833	77	129
2834	80	129
2835	80	129
2836	81	129
2837	81	129
2838	78	129
2839	78	129
2840	78	129
2841	76	129
2842	75	129
2843	74	129
2844	73	130
2845	74	129
2846	74	129
2847	73	130
2848	75	129
2849	75	129
2850	77	129
2851	79	129
2852	79	129
2853	79	129
2854	80	129
2855	80	130
2856	79	129
2857	79	129
2858	76	129
2859	76	129
2860	75	129
2861	74	129
2862	73	129
2863	73	129
2864	71	129
2865	73	129
2866	74	129
2867	74	129
2868	75	129
2869	76	130
2870	76	129
2871	79	129
2872	79	129
2873	79	129
2874	79	129
2875	79	129
2876	78	130
2877	79	129
2878	76	129
2879	74	129
2880	74	129
2881	74	130
2882	73	129
2883	75	129
2884	73	130
2885	75	129
2886	75	130
2887	76	130
2888	77	130
2889	77	129
2890	77	129
2891	79	129
2892	79	129
2893	78	129
2894	78	129
2895	77	130
2896	75	129
2897	76	129
2898	75	129
2899	74	129
2900	74	129
2901	74	129
2902	74	129
2903	76	129
2904	75	129
2905	76	130
2906	77	129
2907	78	129
2908	79	129
2909	80	129
2910	79	129
2911	79	129
2912	79	129
2913	78	129
2914	77	129
2915	76	129
2916	75	130
2917	75	129
2918	75	129
2919	74	129
2920	74	129
2921	73	129
2922	73	130
2923	75	130
2924	75	129
2925	76	130
2926	77	129
2927	77	129
2928	78	129
2929	79	129
2930	78	129
2931	78	129
2932	78	129
2933	77	129
2934	78	129
2935	76	129
2936	74	129
2937	75	129
2938	75	129
2939	74	129
2940	76	129
2941	75	129
2942	75	129
2943	76	129
2944	77	129
2945	77	129
2946	78	129
2947	77	129
2948	78	129
2949	79	129
2950	77	129
2951	77	129
2952	77	129
2953	74	129
2954	75	129
2955	75	129
2956	73	129
2957	74	130
2958	74	129
2959	73	129
2960	76	129
2961	75	129
2962	75	129
2963	76	129
2964	77	129
2965	78	130
2966	80	130
2967	79	129
2968	78	129
2969	79	129
2970	78	129
2971	77	129
2972	77	130
2973	75	129
2974	75	129
2975	75	130
2976	74	129
2977	74	129
2978	74	129
2979	72	129
2980	75	130
2981	75	129
2982	75	130
2983	77	129
2984	78	129
2985	77	129
2986	79	129
2987	79	129
2988	79	129
2989	78	129
2990	78	129
2991	76	129
2992	77	129
2993	74	129
2994	73	129
2995	73	129
2996	72	129
2997	72	129
2998	73	129
2999	72	130
3000	73	130
3001	75	129
3002	76	129
3003	77	130
3004	80	129
3005	79	129
3006	82	129
3007	82	130
3008	81	129
3009	80	129
3010	79	129
3011	75	129
3012	75	129
3013	74	129
3014	73	129
3015	73	130
3016	72	129
3017	71	129
3018	73	129
3019	73	129
3020	74	129
3021	76	129
3022	78	129
3023	79	129
3024	82	130
3025	81	129
3026	81	130
3027	80	129
3028	79	130
3029	78	130
3030	78	129
3031	74	129
3032	74	130
3033	73	129
3034	72	130
3035	72	129
3036	73	129
3037	71	129
3038	73	130
3039	75	130
3040	76	130
3041	77	130
3042	79	129
3043	78	130
3044	81	129
3045	81	129
3046	80	129
3047	80	129
3048	79	129
3049	76	129
3050	77	129
3051	75	129
3052	74	129
3053	74	129
3054	74	129
3055	74	130
3056	76	130
3057	75	129
3058	75	129
3059	77	129
3060	78	129
3061	78	129
3062	81	130
3063	79	129
3064	78	129
3065	78	129
3066	77	129
3067	76	129
3068	76	129
3069	73	129
3070	74	129
3071	74	129
3072	73	129
3073	73	129
3074	74	130
3075	72	129
3076	75	129
3077	76	129
3078	76	129
3079	77	129
3080	78	130
3081	77	129
3082	79	129
3083	78	129
3084	77	129
3085	77	129
3086	77	130
3087	76	129
3088	77	129
3089	76	130
3090	75	129
3091	77	129
3092	77	129
3093	78	129
3094	80	129
3095	79	129
3096	78	129
3097	78	129
3098	77	129
3099	75	129
3100	74	129
3101	70	129
3102	69	129
3103	70	129
3104	69	129
3105	71	129
3106	72	130
3107	73	130
3108	76	129
3109	80	129
3110	82	129
3111	85	129
3112	87	130
3113	85	129
3114	85	129
3115	83	129
3116	80	129
3117	78	129
3118	75	129
3119	73	129
3120	73	129
3121	72	130
3122	71	129
3123	71	129
3124	72	129
3125	73	129
3126	76	129
3127	77	129
3128	77	129
3129	80	129
3130	81	129
3131	82	129
3132	83	129
3133	81	129
3134	79	129
3135	78	129
3136	76	129
3137	75	129
3138	74	129
3139	73	129
3140	72	129
3141	73	129
3142	73	129
3143	74	130
3144	75	129
3145	75	129
3146	77	129
3147	80	129
3148	80	129
3149	81	129
3150	81	129
3151	80	129
3152	79	130
3153	78	129
3154	75	129
3155	74	129
3156	73	129
3157	72	130
3158	72	129
3159	73	129
3160	71	129
3161	72	130
3162	73	129
3163	74	129
3164	76	129
3165	78	129
3166	77	130
3167	78	129
3168	79	129
3169	79	129
3170	80	129
3171	80	129
3172	79	129
3173	80	129
3174	78	129
3175	77	129
3176	76	129
3177	74	129
3178	72	129
3179	74	129
3180	73	129
3181	73	129
3182	73	129
3183	74	129
3184	74	130
3185	77	129
3186	77	129
3187	78	129
3188	79	129
3189	79	129
3190	79	129
3191	80	129
3192	78	129
3193	77	129
3194	76	129
3195	75	129
3196	75	129
3197	76	129
3198	72	129
3199	73	129
3200	73	129
3201	73	129
3202	74	129
3203	76	129
3204	75	130
3205	77	129
3206	78	129
3207	78	129
3208	79	129
3209	78	129
3210	76	129
3211	77	129
3212	75	129
3213	74	129
3214	73	129
3215	72	129
3216	71	129
3217	73	129
3218	74	129
3219	75	129
3220	77	129
3221	78	129
3222	78	129
3223	81	129
3224	81	129
3225	80	129
3226	80	129
3227	78	129
3228	77	129
3229	78	129
3230	75	129
3231	74	129
3232	74	129
3233	73	129
3234	73	129
3235	75	129
3236	74	129
3237	74	129
3238	76	129
3239	76	129
3240	78	129
3241	79	129
3242	78	129
3243	79	129
3244	79	129
3245	77	129
3246	77	129
3247	76	129
3248	73	130
3249	74	129
3250	74	129
3251	73	130
3252	74	129
3253	74	130
3254	73	129
3255	75	129
3256	77	129
3257	77	129
3258	79	129
3259	79	129
3260	80	129
3261	81	130
3262	79	129
3263	77	129
3264	76	129
3265	72	129
3266	71	129
3267	72	129
3268	71	129
3269	70	129
3270	72	129
3271	73	129
3272	76	129
3273	79	129
3274	81	129
3275	82	129
3276	84	129
3277	83	129
3278	83	129
3279	80	129
3280	77	130
3281	75	130
3282	75	129
3283	73	129
3284	72	129
3285	71	129
3286	69	129
3287	70	129
3288	72	129
3289	72	129
3290	74	129
3291	76	129
3292	77	129
3293	80	129
3294	82	129
3295	81	129
3296	83	129
3297	81	129
3298	80	130
3299	79	130
3300	78	129
3301	74	129
3302	74	129
3303	73	129
3304	73	129
3305	73	129
3306	74	130
3307	73	130
3308	76	129
3309	77	130
3310	79	129
3311	81	129
3312	81	129
3313	81	129
3314	81	130
3315	78	129
3316	73	129
3317	71	129
3318	70	129
3319	68	129
3320	71	129
3321	70	129
3322	71	129
3323	73	130
3324	75	129
3325	76	129
3326	81	130
3327	81	130
3328	83	129
3329	83	130
3330	81	129
3331	80	129
3332	79	130
3333	75	130
3334	74	129
3335	73	129
3336	71	129
3337	71	130
3338	72	129
3339	70	129
3340	72	129
3341	73	129
3342	75	129
3343	77	129
3344	81	129
3345	81	129
3346	84	129
3347	84	129
3348	83	129
3349	83	129
3350	80	129
3351	77	129
3352	77	129
3353	75	129
3354	73	129
3355	73	129
3356	71	129
3357	69	129
3358	72	129
3359	72	130
3360	73	129
3361	75	129
3362	75	129
3363	75	129
3364	79	129
3365	78	129
3366	79	129
3367	78	129
3368	77	129
3369	76	129
3370	78	130
3371	75	129
3372	76	129
3373	77	129
3374	77	129
3375	77	129
3376	79	129
3377	76	129
3378	77	129
3379	77	130
3380	76	129
3381	76	129
3382	76	129
3383	74	129
3384	75	129
3385	75	129
3386	75	129
3387	75	129
3388	75	129
3389	73	129
3390	76	129
3391	77	130
3392	77	130
3393	78	129
3394	77	129
3395	76	130
3396	79	130
3397	77	129
3398	77	129
3399	77	130
3400	76	130
3401	75	129
3402	77	129
3403	75	129
3404	74	129
3405	75	129
3406	74	129
3407	75	129
3408	77	130
3409	76	129
3410	76	129
3411	78	129
3412	78	129
3413	79	129
3414	80	129
3415	78	129
3416	79	129
3417	79	129
3418	77	130
3419	78	129
3420	77	129
3421	74	129
3422	75	129
3423	76	130
3424	75	129
3425	75	129
3426	75	129
3427	73	129
3428	76	129
3429	76	129
3430	75	130
3431	76	130
3432	76	129
3433	76	129
3434	78	129
3435	76	129
3436	75	129
3437	76	130
3438	75	130
3439	75	129
3440	77	130
3441	75	130
3442	74	129
3443	75	130
3444	75	129
3445	75	129
3446	76	129
3447	74	129
3448	75	129
3449	76	129
3450	75	129
3451	75	129
3452	75	129
3453	73	129
3454	75	129
3455	76	129
3456	75	129
3457	77	129
3458	77	130
3459	76	129
3460	79	130
3461	79	130
3462	79	129
3463	79	130
3464	79	129
3465	77	129
3466	79	129
3467	77	129
3468	75	129
3469	76	129
3470	75	129
3471	76	129
3472	78	129
3473	77	130
3474	77	129
3475	79	129
3476	79	129
3477	81	129
3478	82	129
3479	81	129
3480	81	130
3481	81	129
3482	79	129
3483	78	129
3484	76	130
3485	73	129
3486	73	129
3487	74	129
3488	72	129
3489	73	129
3490	73	130
3491	72	129
3492	74	129
3493	76	129
3494	76	129
3495	77	130
3496	78	129
3497	78	129
3498	79	129
3499	78	129
3500	76	129
3501	76	130
3502	75	129
3503	74	129
3504	76	129
3505	75	129
3506	73	129
3507	75	129
3508	74	129
3509	75	129
3510	76	129
3511	76	129
3512	75	130
3513	77	129
3514	76	129
3515	76	129
3516	76	129
3517	75	129
3518	75	129
3519	76	129
3520	75	129
3521	75	129
3522	75	129
3523	74	129
3524	75	129
3525	76	129
3526	75	129
3527	76	129
3528	76	130
3529	75	129
3530	77	129
3531	77	129
3532	76	129
3533	78	129
3534	78	129
3535	78	130
3536	80	129
3537	79	130
3538	77	129
3539	78	129
3540	77	129
3541	77	130
3542	78	129
3543	77	130
3544	76	130
3545	78	129
3546	77	129
3547	78	129
3548	79	129
3549	78	129
3550	79	130
3551	80	129
3552	79	129
3553	79	129
3554	79	129
3555	76	129
3556	76	129
3557	76	129
3558	72	129
3559	72	129
3560	72	129
3561	72	129
3562	74	129
3563	76	130
3564	77	130
3565	80	129
3566	80	129
3567	79	129
3568	81	130
3569	80	129
3570	78	129
3571	79	129
3572	77	129
3573	75	129
3574	75	129
3575	74	129
3576	73	129
3577	74	130
3578	74	129
3579	75	129
3580	76	129
3581	76	129
3582	77	129
3583	80	129
3584	79	129
3585	79	129
3586	79	129
3587	77	130
3588	77	129
3589	77	130
3590	75	129
3591	75	129
3592	74	129
3593	73	129
3594	73	129
3595	74	129
3596	73	129
3597	74	129
3598	75	129
3599	75	129
3600	78	129
3601	79	129
3602	77	129
3603	79	130
3604	79	130
3605	79	129
3606	79	129
3607	78	129
3608	76	129
3609	77	129
3610	75	129
3611	74	130
3612	75	130
3613	73	129
3614	73	129
3615	75	129
3616	74	129
3617	76	129
3618	77	130
3619	76	130
3620	77	130
3621	80	129
3622	79	129
3623	79	129
3624	79	130
3625	77	129
3626	77	129
3627	76	129
3628	74	129
3629	74	129
3630	73	129
3631	72	129
3632	74	129
3633	74	129
3634	72	129
3635	74	129
3636	74	129
3637	75	129
3638	77	129
3639	79	129
3640	78	130
3641	80	129
3642	80	129
3643	80	129
3644	79	129
3645	78	129
3646	77	129
3647	77	129
3648	74	129
3649	74	129
3650	73	129
3651	71	129
3652	71	129
3653	73	129
3654	72	129
3655	73	129
3656	74	129
3657	74	129
3658	76	129
3659	77	129
3660	77	129
3661	78	129
3662	79	129
3663	79	129
3664	80	130
3665	80	129
3666	77	129
3667	78	129
3668	77	129
3669	76	129
3670	77	129
3671	76	129
3672	74	129
3673	75	129
3674	75	130
3675	75	129
3676	75	130
3677	75	129
3678	76	129
3679	78	129
3680	77	130
3681	78	129
3682	78	130
3683	77	129
3684	76	129
3685	78	129
3686	76	130
3687	76	129
3688	75	129
3689	75	129
3690	74	129
3691	75	129
3692	74	129
3693	75	130
3694	75	129
3695	75	129
3696	76	129
3697	77	129
3698	75	129
3699	77	130
3700	77	129
3701	77	129
3702	78	130
3703	78	129
3704	76	129
3705	77	130
3706	76	129
3707	76	129
3708	76	129
3709	76	129
3710	75	129
3711	77	129
3712	76	129
3713	76	129
3714	77	130
3715	77	129
3716	77	129
3717	80	129
3718	78	129
3719	79	129
3720	79	129
3721	78	129
3722	76	129
3723	77	129
3724	74	129
3725	75	129
3726	74	129
3727	73	129
3728	73	129
3729	74	129
3730	72	129
3731	73	129
3732	73	129
3733	74	129
3734	76	129
3735	78	129
3736	77	129
3737	80	129
3738	80	129
3739	81	129
3740	81	129
3741	81	130
3742	79	129
3743	80	129
3744	77	129
3745	76	129
3746	75	129
3747	74	129
3748	72	129
3749	75	129
3750	73	129
3751	74	129
3752	75	129
3753	75	129
3754	75	130
3755	78	129
3756	77	129
3757	79	130
3758	79	129
3759	79	130
3760	78	129
3761	79	129
3762	76	129
3763	76	129
3764	75	129
3765	75	130
3766	74	129
3767	75	129
3768	73	130
3769	74	129
3770	74	129
3771	75	130
3772	76	130
3773	78	129
3774	76	130
3775	79	130
3776	79	130
3777	79	129
3778	79	129
3779	78	129
3780	76	129
3781	78	129
3782	76	129
3783	75	130
3784	75	130
3785	74	129
3786	72	130
3787	74	129
3788	73	129
3789	74	130
3790	75	129
3791	75	130
3792	75	129
3793	78	130
3794	77	129
3795	79	129
3796	79	130
3797	79	129
3798	79	129
3799	80	129
3800	77	129
3801	77	129
3802	76	130
3803	75	130
3804	75	130
3805	76	129
3806	73	129
3807	75	129
3808	74	129
3809	75	129
3810	76	130
3811	77	130
3812	75	130
3813	79	130
3814	78	130
3815	78	129
3816	78	129
3817	78	129
3818	75	129
3819	77	129
3820	76	129
3821	76	129
3822	75	129
3823	75	130
3824	73	130
3825	76	129
3826	73	129
3827	74	129
3828	75	129
3829	75	129
3830	76	129
3831	79	129
3832	77	130
3833	78	129
3834	78	130
3835	78	129
3836	78	129
3837	79	129
3838	77	129
3839	77	129
3840	76	129
3841	75	129
3842	75	130
3843	75	129
3844	73	129
3845	75	130
3846	75	130
3847	75	129
3848	76	130
3849	76	130
3850	75	130
3851	78	130
3852	77	129
3853	77	129
3854	77	130
3855	77	129
3856	75	129
3857	77	129
3858	75	129
3859	75	129
3860	75	129
3861	74	129
3862	74	129
3863	76	129
3864	74	129
3865	74	129
3866	75	130
3867	75	129
3868	76	129
3869	79	129
3870	77	129
3871	78	129
3872	78	130
3873	77	129
3874	78	129
3875	78	129
3876	75	130
3877	77	130
3878	76	129
3879	75	130
3880	75	129
3881	75	129
3882	73	130
3883	75	129
3884	76	129
3885	75	129
3886	76	130
3887	77	129
3888	76	130
3889	78	129
3890	78	130
3891	77	130
3892	78	129
3893	77	129
3894	77	130
3895	78	129
3896	76	129
3897	75	129
3898	75	129
3899	75	130
3900	75	130
3901	77	129
3902	75	129
3903	75	129
3904	76	129
3905	76	129
3906	77	129
3907	78	129
3908	77	129
3909	77	129
3910	78	129
3911	77	129
3912	77	129
3913	76	129
3914	74	129
3915	75	129
3916	76	129
3917	75	130
3918	75	130
3919	75	130
3920	73	130
3921	75	130
3922	75	130
3923	75	130
3924	77	130
3925	77	129
3926	77	130
3927	79	130
3928	78	129
3929	77	129
3930	78	129
3931	77	130
3932	77	130
3933	78	129
3934	76	129
3935	75	129
3936	75	129
3937	75	129
3938	75	130
3939	76	129
3940	75	129
3941	75	129
3942	77	130
3943	76	129
3944	77	129
3945	77	129
3946	76	129
3947	76	129
3948	77	129
3949	76	129
3950	76	129
3951	75	129
3952	74	129
3953	74	130
3954	75	129
3955	74	130
3956	75	129
3957	74	129
3958	74	129
3959	75	130
3960	75	129
3961	75	129
3962	77	129
3963	77	129
3964	78	129
3965	79	129
3966	79	129
3967	78	129
3968	79	129
3969	78	130
3970	79	129
3971	79	129
3972	78	129
3973	77	130
3974	78	129
3975	77	129
3976	76	129
3977	76	129
3978	75	129
3979	75	130
3980	76	129
3981	75	129
3982	75	129
3983	75	129
3984	74	129
3985	74	130
3986	76	129
3987	75	130
3988	76	129
3989	77	130
3990	77	129
3991	76	129
3992	78	129
3993	76	129
3994	77	130
3995	76	129
3996	76	130
3997	76	129
3998	76	129
3999	74	130
4000	75	129
4001	75	129
4002	75	130
4003	76	129
4004	77	129
4005	76	130
4006	79	130
4007	79	129
4008	80	129
4009	81	129
4010	82	129
4011	81	129
4012	82	129
4013	79	130
4014	78	129
4015	75	130
4016	70	130
4017	67	129
4018	69	130
4019	68	129
4020	68	130
4021	70	129
4022	71	129
4023	72	130
4024	77	129
4025	75	129
4026	72	129
4027	73	130
4028	75	129
4029	78	129
4030	83	130
4031	84	129
4032	86	129
4033	86	129
4034	84	129
4035	82	130
4036	80	130
4037	75	129
4038	74	130
4039	72	130
4040	71	130
4041	70	129
4042	71	129
4043	70	129
4044	72	130
4045	73	129
4046	75	129
4047	79	130
4048	82	129
4049	83	129
4050	88	129
4051	88	129
4052	87	129
4053	85	129
4054	81	130
4055	77	129
4056	76	129
4057	73	129
4058	72	129
4059	71	129
4060	70	129
4061	69	129
4062	72	129
4063	71	129
4064	73	129
4065	75	129
4066	77	129
4067	80	129
4068	83	129
4069	83	129
4070	83	129
4071	82	129
4072	81	129
4073	79	129
4074	78	129
4075	75	129
4076	73	129
4077	73	129
4078	72	129
4079	71	129
4080	72	129
4081	71	129
4082	73	129
4083	75	130
4084	76	129
4085	78	129
4086	80	129
4087	79	129
4088	82	129
4089	83	129
4090	81	129
4091	79	129
4092	77	129
4093	74	129
4094	73	129
4095	72	129
