
TIME STEP:
125 = 0.2ms

VOLTAGE STEP:
CH1:  32 = 0.15V
CH2:  32 = 5V
GND	58	128
N	CH1	CH2

0	106	130
1	101	129
2	98	129
3	97	129
4	96	129
5	98	129
6	100	129
7	102	129
8	105	129
9	107	129
10	107	129
11	106	129
12	104	129
13	100	129
14	99	129
15	100	129
16	100	129
17	101	129
18	102	130
19	103	129
20	105	129
21	107	129
22	105	129
23	104	129
24	102	129
25	99	129
26	98	129
27	98	129
28	97	129
29	99	129
30	101	129
31	103	129
32	106	130
33	108	129
34	106	129
35	106	129
36	105	129
37	103	129
38	101	129
39	101	129
40	98	129
41	100	130
42	101	130
43	103	130
44	106	130
45	110	129
46	109	129
47	108	130
48	107	130
49	105	129
50	103	130
51	102	129
52	99	129
53	100	130
54	101	129
55	102	130
56	104	129
57	105	129
58	105	129
59	106	129
60	107	129
61	104	129
62	103	130
63	102	129
64	99	129
65	100	129
66	102	129
67	103	130
68	105	130
69	106	129
70	107	129
71	107	130
72	107	130
73	105	129
74	103	130
75	101	129
76	99	129
77	98	130
78	99	130
79	100	129
80	104	129
81	107	129
82	109	129
83	108	129
84	105	129
85	101	129
86	100	129
87	101	130
88	103	129
89	104	129
90	107	129
91	106	129
92	105	129
93	105	129
94	103	130
95	102	129
96	100	129
97	97	129
98	97	130
99	98	129
100	100	129
101	104	129
102	108	129
103	108	129
104	108	129
105	107	129
106	103	129
107	102	130
108	103	129
109	105	129
110	112	129
111	123	129
112	130	130
113	129	129
114	105	129
115	97	129
116	95	129
117	94	129
118	95	129
119	99	129
120	102	129
121	105	129
122	106	129
123	106	129
124	103	129
125	102	129
126	100	129
127	100	129
128	102	129
129	104	129
130	104	129
131	105	129
132	105	129
133	105	129
134	107	129
135	110	129
136	113	129
137	117	129
138	119	129
139	115	130
140	101	129
141	94	129
142	93	129
143	98	129
144	105	130
145	114	129
146	123	129
147	130	129
148	130	129
149	127	130
150	117	129
151	106	129
152	99	130
153	94	129
154	92	130
155	94	129
156	97	129
157	100	129
158	103	129
159	104	129
160	101	129
161	100	129
162	98	130
163	97	129
164	99	129
165	100	129
166	102	129
167	106	130
168	105	129
169	103	129
170	103	129
171	103	129
172	105	129
173	107	129
174	109	129
175	111	129
176	114	129
177	115	129
178	115	129
179	113	130
180	110	129
181	107	129
182	105	129
183	103	129
184	103	129
185	104	130
186	103	130
187	105	130
188	109	129
189	108	130
190	108	129
191	107	129
192	105	129
193	103	129
194	102	129
195	101	129
196	96	129
197	93	130
198	96	129
199	103	129
200	110	130
201	115	129
202	118	129
203	116	129
204	110	129
205	104	130
206	99	129
207	94	129
208	93	129
209	94	130
210	97	129
211	101	129
212	107	129
213	110	129
214	111	129
215	104	129
216	94	129
217	94	129
218	97	129
219	101	129
220	107	129
221	112	129
222	115	129
223	114	129
224	110	129
225	104	129
226	100	129
227	98	129
228	97	129
229	98	130
230	100	129
231	103	129
232	107	130
233	112	129
234	113	130
235	111	129
236	108	130
237	103	129
238	100	129
239	97	130
240	96	129
241	97	129
242	99	130
243	101	130
244	106	129
245	108	130
246	109	130
247	108	130
248	107	129
249	105	129
250	103	129
251	102	129
252	101	129
253	95	129
254	90	130
255	93	130
256	100	130
257	110	129
258	119	130
259	122	130
260	120	129
261	112	129
262	103	130
263	97	129
264	93	130
265	91	130
266	93	129
267	96	130
268	101	129
269	108	130
270	113	129
271	115	129
272	114	129
273	109	130
274	103	130
275	98	129
276	94	129
277	93	129
278	95	129
279	98	129
280	101	129
281	105	129
282	109	130
283	110	130
284	110	129
285	107	129
286	104	130
287	101	130
288	98	130
289	97	129
290	97	130
291	98	130
292	101	130
293	104	130
294	106	129
295	109	129
296	108	130
297	106	129
298	103	129
299	101	129
300	98	129
301	97	129
302	98	129
303	99	129
304	101	129
305	104	129
306	105	129
307	107	129
308	107	130
309	105	130
310	103	129
311	101	129
312	99	129
313	99	130
314	99	130
315	100	129
316	102	129
317	105	130
318	106	129
319	106	130
320	105	130
321	103	129
322	102	129
323	101	130
324	101	129
325	102	130
326	103	130
327	103	130
328	103	129
329	103	129
330	102	130
331	101	129
332	100	130
333	100	129
334	101	129
335	101	129
336	101	130
337	102	130
338	104	130
339	106	130
340	107	130
341	106	130
342	105	129
343	102	129
344	101	130
345	101	130
346	101	130
347	103	130
348	103	129
349	104	129
350	105	129
351	106	130
352	105	129
353	106	129
354	105	129
355	104	129
356	102	129
357	102	129
358	102	130
359	102	129
360	102	130
361	104	130
362	104	130
363	105	129
364	105	129
365	105	129
366	104	129
367	104	129
368	102	129
369	101	129
370	102	129
371	102	129
372	103	129
373	103	130
374	103	130
375	102	130
376	102	130
377	102	130
378	103	130
379	104	129
380	107	130
381	108	130
382	108	129
383	107	130
384	106	130
385	104	129
386	100	129
387	98	129
388	96	129
389	98	129
390	101	130
391	104	129
392	107	130
393	109	129
394	107	129
395	104	129
396	101	129
397	98	129
398	96	130
399	96	129
400	98	130
401	103	129
402	108	130
403	112	129
404	113	129
405	110	130
406	105	129
407	100	129
408	98	129
409	97	129
410	99	129
411	104	129
412	112	129
413	120	130
414	127	129
415	125	129
416	119	129
417	110	129
418	102	130
419	96	130
420	93	130
421	92	130
422	94	129
423	97	130
424	103	129
425	107	129
426	110	130
427	108	129
428	106	129
429	102	130
430	98	130
431	96	129
432	97	129
433	99	129
434	105	130
435	113	130
436	121	129
437	121	130
438	119	130
439	114	129
440	112	130
441	109	129
442	104	129
443	101	129
444	101	130
445	102	129
446	106	129
447	110	130
448	112	129
449	116	130
450	123	129
451	125	129
452	123	130
453	118	129
454	111	130
455	107	130
456	105	130
457	104	130
458	104	129
459	107	130
460	108	129
461	108	129
462	106	129
463	105	129
464	100	129
465	98	129
466	97	129
467	98	129
468	101	130
469	105	130
470	105	130
471	108	130
472	111	130
473	112	130
474	114	130
475	114	130
476	114	130
477	115	130
478	114	129
479	112	129
480	111	130
481	108	129
482	106	129
483	105	129
484	104	129
485	103	130
486	103	129
487	104	129
488	105	130
489	104	129
490	106	130
491	105	130
492	104	130
493	104	130
494	103	130
495	102	129
496	104	130
497	103	130
498	104	130
499	103	129
500	94	129
501	93	130
502	97	129
503	102	130
504	108	129
505	111	130
506	103	130
507	99	130
508	101	129
509	101	129
510	102	129
511	104	130
512	104	129
513	105	129
514	105	129
515	105	130
516	104	130
517	105	129
518	107	129
519	108	129
520	109	130
521	110	129
522	108	130
523	106	130
524	104	130
525	101	129
526	100	129
527	100	130
528	100	129
529	101	130
530	103	130
531	104	130
532	104	129
533	105	130
534	103	130
535	103	129
536	103	130
537	102	130
538	102	130
539	102	130
540	104	129
541	103	129
542	105	129
543	105	129
544	105	129
545	105	129
546	105	130
547	104	129
548	102	129
549	102	129
550	103	129
551	103	129
552	104	130
553	106	129
554	106	129
555	106	129
556	105	130
557	105	129
558	103	129
559	103	129
560	103	129
561	105	129
562	106	129
563	106	129
564	105	129
565	105	130
566	103	129
567	105	129
568	105	129
569	107	129
570	108	129
571	108	130
572	108	129
573	107	129
574	105	130
575	103	129
576	102	129
577	102	129
578	102	129
579	104	129
580	105	129
581	106	129
582	106	129
583	105	129
584	104	129
585	103	129
586	99	129
587	96	129
588	97	129
589	100	129
590	104	130
591	108	129
592	110	129
593	111	129
594	109	129
595	106	129
596	103	129
597	100	129
598	98	129
599	98	129
600	99	129
601	102	129
602	104	129
603	106	129
604	107	129
605	107	129
606	106	129
607	103	129
608	101	129
609	99	129
610	98	129
611	100	130
612	100	130
613	101	129
614	103	130
615	105	129
616	106	130
617	106	129
618	104	130
619	102	130
620	102	130
621	101	129
622	101	129
623	102	129
624	102	130
625	103	129
626	104	130
627	104	129
628	104	130
629	103	130
630	102	129
631	102	129
632	102	129
633	101	129
634	102	129
635	102	129
636	102	129
637	103	130
638	103	129
639	103	130
640	102	129
641	101	129
642	101	130
643	101	129
644	100	129
645	101	129
646	102	129
647	102	129
648	102	130
649	103	129
650	102	129
651	102	129
652	102	129
653	102	130
654	102	129
655	102	130
656	102	129
657	103	129
658	104	129
659	104	130
660	103	130
661	103	130
662	101	130
663	101	129
664	101	129
665	101	129
666	103	129
667	103	129
668	104	129
669	104	129
670	103	129
671	102	129
672	102	130
673	100	130
674	99	129
675	100	129
676	100	129
677	101	129
678	102	129
679	103	129
680	105	129
681	106	130
682	106	129
683	105	129
684	103	129
685	101	129
686	100	129
687	100	129
688	99	129
689	101	130
690	103	129
691	105	129
692	107	129
693	108	129
694	108	129
695	108	129
696	106	129
697	104	129
698	102	129
699	100	129
700	99	130
701	100	129
702	102	129
703	105	130
704	107	129
705	109	129
706	109	129
707	108	130
708	106	129
709	103	130
710	102	130
711	100	129
712	99	130
713	100	130
714	100	130
715	102	129
716	104	130
717	107	129
718	108	129
719	108	129
720	106	129
721	104	129
722	101	129
723	99	129
724	98	129
725	98	129
726	99	129
727	101	129
728	102	130
729	102	129
730	102	129
731	102	130
732	101	129
733	101	130
734	102	129
735	103	129
736	105	129
737	105	129
738	105	129
739	104	129
740	103	129
741	102	130
742	103	129
743	104	129
744	105	130
745	106	130
746	107	129
747	106	130
748	104	129
749	102	129
750	100	129
751	99	130
752	99	130
753	102	129
754	108	130
755	115	130
756	123	129
757	129	130
758	127	130
759	121	130
760	111	130
761	102	130
762	95	129
763	91	129
764	89	129
765	89	129
766	92	129
767	97	130
768	102	130
769	108	130
770	111	129
771	110	129
772	106	130
773	101	130
774	97	129
775	96	130
776	97	129
777	100	129
778	105	129
779	109	130
780	113	129
781	113	129
782	110	129
783	106	129
784	103	130
785	101	130
786	102	130
787	104	129
788	108	129
789	112	129
790	116	129
791	122	129
792	130	129
793	138	129
794	130	130
795	115	129
796	105	129
797	102	130
798	99	129
799	99	129
800	101	129
801	102	129
802	101	129
803	100	129
804	99	130
805	100	129
806	100	129
807	101	130
808	102	130
809	102	130
810	102	129
811	101	130
812	102	130
813	103	129
814	104	129
815	107	130
816	111	129
817	115	129
818	117	130
819	117	130
820	114	129
821	110	129
822	107	129
823	105	129
824	104	129
825	103	129
826	104	129
827	105	129
828	105	129
829	105	130
830	106	129
831	105	129
832	105	129
833	105	129
834	105	129
835	106	129
836	106	129
837	107	129
838	107	129
839	107	129
840	106	129
841	105	129
842	105	129
843	104	129
844	103	129
845	103	129
846	103	129
847	103	129
848	104	129
849	104	129
850	105	129
851	105	129
852	105	129
853	105	129
854	105	129
855	105	129
856	105	129
857	105	129
858	105	129
859	105	129
860	105	129
861	105	129
862	105	129
863	104	129
864	104	129
865	104	129
866	103	129
867	103	129
868	102	129
869	102	129
870	101	129
871	98	129
872	98	129
873	100	129
874	101	129
875	102	129
876	104	129
877	107	130
878	111	130
879	112	129
880	110	129
881	107	129
882	104	129
883	101	129
884	99	129
885	99	130
886	100	130
887	102	129
888	104	129
889	107	130
890	109	129
891	110	129
892	108	129
893	106	129
894	103	129
895	101	129
896	99	129
897	100	130
898	100	130
899	102	130
900	104	129
901	106	129
902	107	129
903	107	129
904	106	129
905	105	129
906	102	130
907	101	129
908	101	129
909	101	129
910	102	130
911	104	129
912	106	130
913	108	130
914	108	130
915	107	129
916	105	130
917	103	129
918	101	129
919	101	129
920	100	129
921	101	129
922	102	130
923	104	129
924	106	130
925	107	129
926	106	130
927	105	129
928	104	129
929	102	130
930	101	130
931	100	129
932	99	129
933	99	129
934	100	129
935	102	130
936	103	129
937	105	129
938	105	129
939	104	129
940	103	129
941	103	129
942	103	129
943	103	129
944	103	129
945	104	129
946	104	129
947	103	130
948	103	129
949	103	129
950	101	129
951	102	129
952	101	129
953	101	129
954	101	129
955	102	130
956	103	130
957	104	130
958	104	130
959	104	130
960	103	129
961	102	130
962	102	129
963	102	129
964	101	129
965	102	130
966	103	129
967	103	129
968	103	129
969	103	130
970	103	130
971	103	130
972	102	129
973	101	129
974	101	129
975	101	129
976	101	130
977	103	129
978	104	130
979	105	129
980	105	130
981	105	129
982	103	129
983	103	129
984	102	129
985	101	129
986	101	129
987	101	129
988	101	129
989	102	129
990	101	129
991	101	129
992	101	129
993	102	130
994	103	129
995	105	130
996	105	129
997	105	129
998	103	129
999	101	129
1000	99	129
1001	100	129
1002	100	129
1003	103	129
1004	105	129
1005	106	129
1006	106	130
1007	105	129
1008	103	130
1009	102	130
1010	101	130
1011	100	130
1012	102	129
1013	103	129
1014	104	130
1015	107	129
1016	107	130
1017	107	129
1018	105	129
1019	104	129
1020	103	130
1021	102	129
1022	101	129
1023	102	129
1024	103	130
1025	103	129
1026	104	129
1027	105	129
1028	104	130
1029	104	130
1030	104	129
1031	104	129
1032	103	130
1033	103	130
1034	102	130
1035	103	129
1036	104	129
1037	104	129
1038	104	129
1039	103	129
1040	102	129
1041	103	129
1042	103	129
1043	104	129
1044	105	129
1045	105	130
1046	105	129
1047	106	129
1048	104	129
1049	102	129
1050	100	129
1051	98	129
1052	98	129
1053	99	129
1054	99	129
1055	100	129
1056	103	129
1057	105	129
1058	105	130
1059	105	129
1060	104	129
1061	105	130
1062	106	130
1063	107	130
1064	105	129
1065	103	129
1066	100	129
1067	99	130
1068	99	129
1069	100	130
1070	102	130
1071	105	129
1072	107	129
1073	110	130
1074	113	130
1075	112	130
1076	114	129
1077	114	130
1078	114	129
1079	108	130
1080	94	130
1081	94	129
1082	97	130
1083	103	129
1084	107	129
1085	105	129
1086	103	129
1087	103	130
1088	102	129
1089	99	129
1090	100	129
1091	103	129
1092	104	130
1093	104	129
1094	103	130
1095	103	130
1096	102	130
1097	102	130
1098	103	130
1099	107	130
1100	111	130
1101	113	130
1102	113	129
1103	114	129
1104	115	129
1105	115	129
1106	113	130
1107	109	129
1108	107	130
1109	107	130
1110	109	129
1111	113	129
1112	121	129
1113	124	130
1114	122	129
1115	115	130
1116	108	129
1117	104	129
1118	101	129
1119	101	129
1120	101	129
1121	102	129
1122	102	129
1123	103	130
1124	101	130
1125	102	129
1126	103	129
1127	103	129
1128	103	129
1129	103	129
1130	105	130
1131	109	129
1132	112	129
1133	114	129
1134	115	129
1135	115	129
1136	114	129
1137	113	129
1138	112	129
1139	110	129
1140	107	129
1141	105	129
1142	104	129
1143	103	129
1144	104	129
1145	104	129
1146	105	129
1147	105	129
1148	105	129
1149	105	129
1150	105	130
1151	104	129
1152	103	129
1153	103	129
1154	104	130
1155	105	129
1156	105	129
1157	104	129
1158	103	129
1159	102	129
1160	101	129
1161	90	129
1162	89	129
1163	92	129
1164	97	129
1165	107	129
1166	115	129
1167	116	129
1168	108	129
1169	103	129
1170	100	129
1171	97	130
1172	95	129
1173	95	130
1174	96	129
1175	100	129
1176	105	129
1177	110	129
1178	112	129
1179	113	129
1180	112	129
1181	107	130
1182	104	129
1183	102	130
1184	102	129
1185	102	129
1186	103	129
1187	103	129
1188	105	129
1189	106	130
1190	107	129
1191	107	129
1192	106	129
1193	104	130
1194	102	129
1195	101	129
1196	101	129
1197	102	129
1198	103	129
1199	104	129
1200	103	129
1201	103	129
1202	103	129
1203	103	129
1204	102	129
1205	101	130
1206	101	130
1207	102	129
1208	103	129
1209	103	129
1210	104	129
1211	105	129
1212	106	129
1213	105	129
1214	105	129
1215	104	129
1216	104	129
1217	103	129
1218	103	129
1219	103	129
1220	104	130
1221	105	129
1222	106	129
1223	106	129
1224	107	129
1225	107	129
1226	107	129
1227	107	129
1228	107	129
1229	107	130
1230	106	129
1231	105	129
1232	104	129
1233	104	129
1234	103	130
1235	102	129
1236	102	130
1237	102	129
1238	102	129
1239	104	129
1240	105	129
1241	106	129
1242	105	129
1243	105	129
1244	105	129
1245	103	129
1246	102	129
1247	102	130
1248	102	129
1249	102	129
1250	103	130
1251	105	129
1252	105	129
1253	105	129
1254	104	129
1255	103	129
1256	101	130
1257	101	129
1258	101	130
1259	101	129
1260	101	130
1261	101	129
1262	102	129
1263	104	130
1264	103	129
1265	101	129
1266	102	129
1267	103	130
1268	105	130
1269	107	129
1270	106	129
1271	105	129
1272	104	129
1273	103	129
1274	101	129
1275	100	130
1276	99	129
1277	100	130
1278	101	130
1279	103	129
1280	103	129
1281	103	129
1282	105	129
1283	104	129
1284	103	130
1285	102	129
1286	101	129
1287	100	129
1288	99	130
1289	101	130
1290	100	129
1291	100	129
1292	102	129
1293	103	129
1294	105	130
1295	104	129
1296	103	129
1297	103	129
1298	102	129
1299	101	130
1300	101	129
1301	101	129
1302	100	129
1303	102	129
1304	103	129
1305	103	129
1306	104	129
1307	103	130
1308	103	130
1309	102	129
1310	100	129
1311	101	129
1312	102	129
1313	103	129
1314	105	129
1315	106	129
1316	105	130
1317	105	129
1318	103	129
1319	102	130
1320	100	129
1321	98	129
1322	99	130
1323	99	129
1324	99	129
1325	101	129
1326	102	130
1327	104	130
1328	105	130
1329	105	129
1330	103	130
1331	101	129
1332	99	129
1333	101	130
1334	101	129
1335	101	129
1336	103	130
1337	104	129
1338	105	129
1339	104	129
1340	104	130
1341	104	129
1342	102	129
1343	102	129
1344	103	130
1345	106	130
1346	106	129
1347	107	129
1348	107	129
1349	107	129
1350	105	129
1351	103	129
1352	103	130
1353	101	129
1354	101	129
1355	102	130
1356	103	130
1357	104	130
1358	105	129
1359	107	129
1360	106	129
1361	105	129
1362	105	130
1363	104	129
1364	103	129
1365	102	130
1366	103	130
1367	102	130
1368	103	129
1369	103	129
1370	105	130
1371	104	130
1372	105	130
1373	105	129
1374	103	129
1375	101	129
1376	99	129
1377	99	130
1378	98	130
1379	102	130
1380	105	130
1381	106	129
1382	106	129
1383	103	130
1384	102	129
1385	98	129
1386	97	129
1387	97	129
1388	98	129
1389	101	130
1390	104	129
1391	106	129
1392	107	129
1393	108	129
1394	106	130
1395	104	129
1396	103	129
1397	101	129
1398	101	129
1399	103	129
1400	104	129
1401	105	129
1402	106	129
1403	106	129
1404	109	129
1405	110	129
1406	112	129
1407	116	129
1408	119	129
1409	123	129
1410	119	130
1411	113	130
1412	105	129
1413	98	129
1414	93	129
1415	90	129
1416	90	129
1417	91	129
1418	95	129
1419	100	129
1420	105	129
1421	108	129
1422	108	129
1423	107	130
1424	105	129
1425	101	129
1426	100	129
1427	101	129
1428	102	129
1429	106	130
1430	107	129
1431	110	129
1432	111	129
1433	111	129
1434	109	129
1435	107	129
1436	105	129
1437	103	129
1438	103	130
1439	105	129
1440	110	129
1441	119	129
1442	130	129
1443	142	129
1444	132	129
1445	117	130
1446	108	129
1447	105	129
1448	101	130
1449	99	130
1450	100	129
1451	100	129
1452	100	130
1453	100	130
1454	101	129
1455	103	129
1456	102	130
1457	102	129
1458	102	130
1459	102	129
1460	101	130
1461	103	129
1462	105	129
1463	106	129
1464	107	129
1465	109	130
1466	109	129
1467	110	129
1468	109	130
1469	110	129
1470	109	130
1471	110	129
1472	109	130
1473	108	129
1474	105	130
1475	103	130
1476	103	130
1477	102	130
1478	102	129
1479	104	130
1480	106	129
1481	107	129
1482	109	129
1483	109	129
1484	107	129
1485	105	130
1486	104	129
1487	103	129
1488	102	129
1489	102	129
1490	103	129
1491	105	130
1492	107	129
1493	107	130
1494	108	129
1495	107	129
1496	105	129
1497	105	130
1498	103	129
1499	102	129
1500	103	129
1501	103	129
1502	104	130
1503	105	130
1504	105	129
1505	105	129
1506	106	129
1507	105	130
1508	105	130
1509	104	130
1510	103	129
1511	103	130
1512	104	130
1513	103	130
1514	105	129
1515	105	129
1516	106	129
1517	105	129
1518	106	130
1519	103	129
1520	102	129
1521	100	130
1522	100	129
1523	99	129
1524	100	130
1525	100	130
1526	102	130
1527	102	129
1528	103	129
1529	103	130
1530	103	129
1531	103	129
1532	104	130
1533	105	130
1534	106	129
1535	106	129
1536	107	129
1537	107	129
1538	106	129
1539	107	129
1540	107	129
1541	105	129
1542	103	129
1543	99	129
1544	97	129
1545	99	129
1546	103	129
1547	107	129
1548	111	129
1549	113	129
1550	113	129
1551	109	129
1552	104	129
1553	99	129
1554	97	129
1555	95	129
1556	96	129
1557	98	129
1558	102	129
1559	107	129
1560	111	129
1561	112	129
1562	111	130
1563	107	129
1564	103	129
1565	100	129
1566	97	129
1567	96	129
1568	97	129
1569	98	129
1570	101	130
1571	104	129
1572	107	129
1573	107	129
1574	107	129
1575	106	129
1576	105	129
1577	104	129
1578	101	129
1579	101	129
1580	101	129
1581	101	129
1582	101	129
1583	103	129
1584	103	129
1585	104	130
1586	104	129
1587	104	130
1588	103	129
1589	103	129
1590	103	129
1591	104	129
1592	103	129
1593	103	129
1594	102	129
1595	102	129
1596	101	129
1597	103	130
1598	103	129
1599	103	129
1600	103	129
1601	105	130
1602	103	129
1603	103	129
1604	102	129
1605	101	129
1606	101	129
1607	102	129
1608	102	129
1609	102	129
1610	102	130
1611	103	129
1612	104	129
1613	104	129
1614	104	129
1615	104	129
1616	104	129
1617	102	129
1618	102	130
1619	102	129
1620	101	129
1621	101	129
1622	102	129
1623	103	129
1624	103	130
1625	104	129
1626	104	129
1627	103	130
1628	103	129
1629	102	129
1630	101	129
1631	100	129
1632	99	129
1633	101	129
1634	102	129
1635	102	129
1636	103	130
1637	103	129
1638	103	130
1639	103	130
1640	103	130
1641	101	130
1642	101	130
1643	101	130
1644	102	130
1645	103	129
1646	103	130
1647	103	130
1648	104	130
1649	104	129
1650	104	130
1651	103	129
1652	102	130
1653	102	130
1654	104	130
1655	105	129
1656	105	130
1657	105	129
1658	105	129
1659	105	129
1660	104	129
1661	102	130
1662	102	129
1663	101	129
1664	102	129
1665	104	129
1666	105	130
1667	105	130
1668	106	129
1669	107	130
1670	106	129
1671	105	129
1672	105	129
1673	103	129
1674	102	130
1675	102	129
1676	103	129
1677	103	129
1678	103	129
1679	104	130
1680	105	129
1681	105	129
1682	104	130
1683	103	129
1684	102	129
1685	101	129
1686	102	129
1687	102	129
1688	103	129
1689	103	129
1690	102	129
1691	100	129
1692	101	129
1693	101	130
1694	104	129
1695	106	129
1696	108	130
1697	109	130
1698	106	129
1699	100	129
1700	97	129
1701	95	129
1702	97	129
1703	100	129
1704	103	129
1705	105	129
1706	107	129
1707	109	129
1708	111	129
1709	109	129
1710	104	129
1711	101	129
1712	100	129
1713	98	129
1714	98	129
1715	101	129
1716	103	130
1717	108	129
1718	111	129
1719	112	129
1720	112	130
1721	112	129
1722	114	130
1723	117	129
1724	116	130
1725	111	130
1726	95	130
1727	91	129
1728	92	129
1729	93	130
1730	94	129
1731	99	129
1732	106	129
1733	104	130
1734	105	129
1735	109	129
1736	108	129
1737	107	129
1738	105	130
1739	102	129
1740	100	129
1741	101	129
1742	102	130
1743	107	129
1744	113	130
1745	117	130
1746	119	130
1747	119	129
1748	114	129
1749	110	130
1750	105	130
1751	103	129
1752	103	130
1753	105	130
1754	109	129
1755	113	129
1756	118	129
1757	122	129
1758	123	129
1759	117	129
1760	111	129
1761	107	129
1762	104	129
1763	103	129
1764	104	129
1765	106	129
1766	107	129
1767	105	129
1768	99	129
1769	97	129
1770	99	130
1771	101	129
1772	103	130
1773	106	129
1774	105	129
1775	107	130
1776	110	129
1777	111	129
1778	111	129
1779	110	129
1780	108	129
1781	109	129
1782	111	130
1783	112	129
1784	113	129
1785	113	129
1786	111	129
1787	110	129
1788	106	129
1789	102	130
1790	101	129
1791	102	129
1792	102	129
1793	105	129
1794	106	130
1795	107	130
1796	107	129
1797	107	130
1798	105	130
1799	103	129
1800	101	129
1801	99	129
1802	100	129
1803	100	129
1804	101	129
1805	104	129
1806	104	129
1807	106	130
1808	108	130
1809	105	129
1810	102	129
1811	99	129
1812	94	129
1813	91	129
1814	92	130
1815	95	129
1816	100	129
1817	107	129
1818	113	130
1819	116	129
1820	115	129
1821	109	129
1822	104	129
1823	99	129
1824	97	130
1825	98	129
1826	99	129
1827	101	129
1828	107	129
1829	113	129
1830	114	129
1831	113	129
1832	108	129
1833	103	129
1834	100	129
1835	98	129
1836	98	129
1837	100	129
1838	101	129
1839	102	130
1840	104	129
1841	103	129
1842	103	129
1843	105	129
1844	105	130
1845	106	129
1846	107	129
1847	105	130
1848	102	129
1849	101	129
1850	101	129
1851	101	129
1852	103	130
1853	104	129
1854	105	129
1855	106	129
1856	106	129
1857	107	129
1858	106	129
1859	104	129
1860	103	130
1861	103	129
1862	102	130
1863	103	129
1864	105	130
1865	104	130
1866	105	130
1867	107	129
1868	108	129
1869	108	129
1870	108	129
1871	106	129
1872	107	129
1873	105	129
1874	104	129
1875	103	129
1876	103	129
1877	102	130
1878	105	130
1879	105	129
1880	105	130
1881	105	129
1882	105	130
1883	104	129
1884	104	129
1885	103	130
1886	103	129
1887	103	129
1888	103	129
1889	104	129
1890	105	129
1891	103	130
1892	103	130
1893	103	129
1894	102	129
1895	101	129
1896	99	129
1897	98	130
1898	101	129
1899	104	129
1900	108	130
1901	110	129
1902	109	129
1903	107	129
1904	105	129
1905	102	129
1906	99	129
1907	98	129
1908	97	129
1909	98	129
1910	103	129
1911	105	129
1912	107	129
1913	108	129
1914	108	129
1915	106	130
1916	104	129
1917	101	130
1918	99	129
1919	98	130
1920	98	130
1921	100	129
1922	102	129
1923	101	129
1924	103	129
1925	104	129
1926	104	129
1927	104	130
1928	103	130
1929	101	129
1930	101	129
1931	101	129
1932	101	130
1933	102	129
1934	101	130
1935	102	129
1936	104	130
1937	104	129
1938	104	129
1939	104	129
1940	102	129
1941	102	129
1942	103	129
1943	102	129
1944	102	129
1945	102	129
1946	102	129
1947	103	129
1948	103	129
1949	101	130
1950	101	129
1951	101	129
1952	100	130
1953	101	129
1954	101	129
1955	100	130
1956	101	129
1957	102	129
1958	104	129
1959	106	129
1960	104	130
1961	105	129
1962	105	129
1963	103	129
1964	102	129
1965	101	129
1966	99	130
1967	101	129
1968	103	129
1969	102	129
1970	102	130
1971	101	129
1972	99	129
1973	101	129
1974	100	129
1975	100	129
1976	101	129
1977	102	129
1978	103	129
1979	105	129
1980	103	130
1981	101	129
1982	102	130
1983	102	129
1984	103	129
1985	105	129
1986	104	129
1987	105	130
1988	106	129
1989	105	130
1990	106	130
1991	105	129
1992	103	129
1993	104	129
1994	104	129
1995	103	129
1996	103	130
1997	103	129
1998	102	130
1999	104	129
2000	105	129
2001	104	130
2002	104	130
2003	103	130
2004	103	129
2005	105	129
2006	103	129
2007	103	130
2008	104	129
2009	104	129
2010	105	129
2011	107	129
2012	105	129
2013	104	129
2014	104	129
2015	102	130
2016	101	130
2017	102	129
2018	101	129
2019	103	130
2020	105	129
2021	106	130
2022	106	129
2023	104	129
2024	100	129
2025	100	129
2026	99	129
2027	98	129
2028	98	129
2029	99	130
2030	99	130
2031	103	130
2032	104	129
2033	106	130
2034	107	129
2035	106	130
2036	104	129
2037	103	129
2038	100	129
2039	99	129
2040	99	129
2041	100	129
2042	103	130
2043	107	130
2044	107	129
2045	108	130
2046	107	129
2047	105	129
2048	104	129
2049	103	129
2050	102	130
2051	105	129
2052	109	129
2053	115	130
2054	122	129
2055	126	129
2056	123	129
2057	116	130
2058	101	129
2059	95	129
2060	94	130
2061	94	129
2062	95	130
2063	100	130
2064	103	129
2065	105	130
2066	106	130
2067	105	130
2068	103	130
2069	102	129
2070	99	129
2071	99	130
2072	101	129
2073	103	129
2074	105	129
2075	108	129
2076	106	130
2077	105	129
2078	105	129
2079	105	129
2080	106	129
2081	108	130
2082	109	130
2083	113	130
2084	114	129
2085	113	129
2086	111	130
2087	110	129
2088	111	130
2089	124	129
2090	135	129
2091	129	129
2092	115	129
2093	107	130
2094	103	129
2095	102	130
2096	98	129
2097	97	130
2098	100	129
2099	103	129
2100	105	129
2101	104	130
2102	99	130
2103	97	129
2104	99	130
2105	101	129
2106	102	129
2107	105	130
2108	105	129
2109	106	129
2110	107	130
2111	108	129
2112	110	129
2113	111	129
2114	110	129
2115	111	129
2116	110	130
2117	109	130
2118	108	130
2119	107	129
2120	104	129
2121	106	129
2122	107	130
2123	107	130
2124	107	130
2125	107	129
2126	105	129
2127	107	130
2128	106	130
2129	105	130
2130	104	130
2131	104	129
2132	103	129
2133	105	129
2134	104	130
2135	104	129
2136	105	130
2137	105	129
2138	105	129
2139	108	130
2140	105	130
2141	104	129
2142	104	130
2143	103	129
2144	102	129
2145	103	129
2146	102	129
2147	102	129
2148	102	130
2149	104	129
2150	106	129
2151	109	129
2152	107	130
2153	109	129
2154	107	129
2155	104	129
2156	102	129
2157	101	130
2158	99	129
2159	102	129
2160	103	129
2161	105	129
2162	105	129
2163	105	130
2164	100	129
2165	99	130
2166	99	130
2167	101	129
2168	105	129
2169	107	130
2170	107	130
2171	108	130
2172	104	129
2173	102	129
2174	100	129
2175	99	129
2176	99	130
2177	101	129
2178	102	129
2179	107	129
2180	109	129
2181	111	130
2182	111	130
2183	109	129
2184	105	129
2185	104	129
2186	101	129
2187	99	130
2188	100	129
2189	101	129
2190	102	129
2191	104	129
2192	103	129
2193	105	130
2194	106	130
2195	107	129
2196	109	129
2197	107	130
2198	104	129
2199	103	130
2200	101	129
2201	101	130
2202	101	130
2203	103	129
2204	103	129
2205	106	129
2206	107	130
2207	107	129
2208	106	129
2209	103	130
2210	102	129
2211	102	130
2212	100	129
2213	99	130
2214	100	129
2215	100	129
2216	103	129
2217	105	129
2218	106	129
2219	107	130
2220	106	129
2221	105	129
2222	104	129
2223	101	130
2224	99	129
2225	99	130
2226	100	130
2227	101	130
2228	104	129
2229	105	129
2230	105	130
2231	106	130
2232	106	129
2233	105	129
2234	104	130
2235	101	130
2236	101	130
2237	101	130
2238	100	129
2239	101	129
2240	102	129
2241	102	130
2242	105	129
2243	106	130
2244	105	129
2245	104	129
2246	103	129
2247	101	129
2248	102	129
2249	100	129
2250	101	129
2251	102	130
2252	102	130
2253	103	130
2254	105	130
2255	103	129
2256	102	130
2257	101	129
2258	101	129
2259	101	130
2260	102	130
2261	101	130
2262	103	130
2263	104	130
2264	104	129
2265	103	129
2266	103	129
2267	101	130
2268	103	129
2269	102	130
2270	101	130
2271	102	129
2272	102	129
2273	102	130
2274	103	129
2275	103	129
2276	103	129
2277	103	129
2278	103	129
2279	103	129
2280	103	129
2281	101	129
2282	102	129
2283	102	130
2284	101	129
2285	103	129
2286	104	129
2287	103	130
2288	104	129
2289	103	130
2290	103	129
2291	102	130
2292	101	130
2293	100	130
2294	101	129
2295	102	130
2296	103	130
2297	105	129
2298	105	129
2299	104	129
2300	106	129
2301	105	129
2302	104	129
2303	104	129
2304	103	129
2305	102	129
2306	103	129
2307	101	129
2308	101	129
2309	101	129
2310	101	130
2311	103	129
2312	105	130
2313	103	130
2314	105	129
2315	106	129
2316	106	129
2317	106	129
2318	105	129
2319	103	129
2320	103	129
2321	102	129
2322	101	130
2323	102	130
2324	102	129
2325	102	129
2326	105	130
2327	106	129
2328	105	130
2329	105	129
2330	103	130
2331	100	130
2332	99	129
2333	97	129
2334	99	129
2335	102	129
2336	104	130
2337	107	129
2338	109	130
2339	108	129
2340	108	129
2341	106	129
2342	103	129
2343	102	129
2344	102	129
2345	99	130
2346	101	129
2347	102	129
2348	104	130
2349	105	129
2350	104	130
2351	99	130
2352	98	129
2353	97	129
2354	99	130
2355	102	130
2356	107	129
2357	108	130
2358	109	129
2359	105	129
2360	103	129
2361	102	130
2362	103	129
2363	106	129
2364	115	129
2365	120	129
2366	122	130
2367	103	130
2368	99	129
2369	99	129
2370	103	129
2371	105	130
2372	108	129
2373	109	129
2374	108	130
2375	105	129
2376	101	130
2377	89	130
2378	87	129
2379	90	129
2380	95	129
2381	103	129
2382	112	130
2383	114	129
2384	113	130
2385	108	129
2386	102	129
2387	99	130
2388	100	129
2389	104	130
2390	114	130
2391	119	129
2392	120	129
2393	116	130
2394	111	129
2395	107	130
2396	105	129
2397	105	129
2398	108	130
2399	113	129
2400	117	130
2401	117	129
2402	119	130
2403	117	129
2404	114	130
2405	112	130
2406	109	130
2407	107	129
2408	109	129
2409	107	129
2410	105	130
2411	103	129
2412	101	129
2413	101	129
2414	103	129
2415	102	129
2416	104	129
2417	105	129
2418	104	129
2419	103	129
2420	103	130
2421	101	129
2422	105	129
2423	108	129
2424	112	130
2425	117	129
2426	120	129
2427	118	129
2428	119	129
2429	114	129
2430	108	130
2431	104	129
2432	100	129
2433	97	130
2434	99	129
2435	100	129
2436	103	129
2437	106	129
2438	108	129
2439	108	130
2440	109	130
2441	105	129
2442	102	130
2443	101	130
2444	100	130
2445	101	129
2446	103	129
2447	103	129
2448	104	130
2449	107	129
2450	107	130
2451	106	130
2452	107	129
2453	103	129
2454	102	130
2455	101	129
2456	100	129
2457	100	130
2458	100	130
2459	93	129
2460	91	129
2461	95	130
2462	100	129
2463	107	129
2464	113	129
2465	112	130
2466	112	129
2467	107	129
2468	101	130
2469	98	129
2470	97	130
2471	97	129
2472	102	129
2473	107	129
2474	110	129
2475	113	130
2476	111	129
2477	108	130
2478	107	129
2479	103	129
2480	102	130
2481	103	130
2482	103	130
2483	103	129
2484	105	130
2485	103	129
2486	104	129
2487	106	129
2488	104	129
2489	103	129
2490	103	129
2491	101	129
2492	102	129
2493	103	129
2494	103	129
2495	104	129
2496	105	130
2497	103	129
2498	103	129
2499	102	129
2500	101	130
2501	102	129
2502	102	129
2503	102	130
2504	103	130
2505	103	130
2506	101	130
2507	102	129
2508	103	129
2509	104	129
2510	106	130
2511	107	129
2512	106	129
2513	108	129
2514	108	129
2515	107	130
2516	108	130
2517	106	129
2518	104	129
2519	106	130
2520	106	129
2521	107	129
2522	107	130
2523	106	129
2524	105	129
2525	105	130
2526	104	129
2527	104	129
2528	104	129
2529	104	129
2530	104	129
2531	106	130
2532	105	130
2533	105	130
2534	105	129
2535	103	129
2536	103	130
2537	104	129
2538	103	130
2539	103	129
2540	103	129
2541	103	130
2542	103	129
2543	105	130
2544	103	129
2545	104	129
2546	103	129
2547	102	129
2548	99	129
2549	97	130
2550	96	129
2551	101	130
2552	105	130
2553	109	130
2554	111	129
2555	111	129
2556	106	129
2557	104	129
2558	101	129
2559	99	130
2560	99	129
2561	100	129
2562	100	129
2563	104	129
2564	105	129
2565	106	129
2566	106	129
2567	105	129
2568	102	129
2569	102	129
2570	100	129
2571	99	130
2572	99	129
2573	99	129
2574	99	129
2575	103	129
2576	104	129
2577	106	130
2578	107	129
2579	107	129
2580	105	130
2581	104	129
2582	100	130
2583	98	129
2584	99	129
2585	98	129
2586	100	129
2587	104	129
2588	103	130
2589	105	129
2590	105	129
2591	103	130
2592	102	130
2593	101	129
2594	97	130
2595	98	129
2596	100	129
2597	101	129
2598	103	129
2599	105	129
2600	103	129
2601	106	129
2602	105	129
2603	103	129
2604	102	129
2605	101	130
2606	98	130
2607	101	129
2608	102	130
2609	103	130
2610	104	129
2611	105	130
2612	104	130
2613	105	129
2614	104	130
2615	102	130
2616	101	129
2617	99	130
2618	98	129
2619	101	129
2620	101	129
2621	102	129
2622	105	129
2623	104	129
2624	104	129
2625	105	130
2626	103	129
2627	102	130
2628	103	129
2629	102	130
2630	102	129
2631	102	130
2632	101	129
2633	102	129
2634	104	130
2635	103	130
2636	104	129
2637	104	130
2638	102	129
2639	103	130
2640	104	130
2641	102	129
2642	103	129
2643	104	129
2644	103	130
2645	105	129
2646	106	129
2647	105	129
2648	105	130
2649	104	129
2650	102	130
2651	103	130
2652	102	130
2653	101	129
2654	103	130
2655	104	129
2656	105	130
2657	108	129
2658	107	129
2659	105	129
2660	105	130
2661	103	129
2662	103	129
2663	103	129
2664	102	130
2665	102	129
2666	104	129
2667	104	129
2668	104	130
2669	105	129
2670	102	129
2671	101	129
2672	101	129
2673	98	129
2674	98	129
2675	100	130
2676	100	129
2677	103	129
2678	107	129
2679	107	129
2680	107	129
2681	105	130
2682	102	129
2683	100	130
2684	100	129
2685	99	129
2686	101	129
2687	103	129
2688	105	130
2689	105	130
2690	104	129
2691	101	130
2692	101	129
2693	101	129
2694	102	129
2695	105	129
2696	107	129
2697	106	129
2698	107	129
2699	105	129
2700	104	129
2701	103	129
2702	103	129
2703	103	129
2704	108	129
2705	110	129
2706	113	129
2707	117	130
2708	120	129
2709	120	129
2710	120	129
2711	113	130
2712	106	129
2713	101	129
2714	96	129
2715	93	129
2716	94	129
2717	93	129
2718	95	129
2719	99	130
2720	101	129
2721	104	129
2722	108	129
2723	105	129
2724	104	129
2725	101	130
2726	99	129
2727	99	129
2728	102	129
2729	101	130
2730	106	130
2731	109	130
2732	111	130
2733	110	130
2734	110	129
2735	107	130
2736	108	130
2737	108	129
2738	109	129
2739	109	129
2740	109	130
2741	107	129
2742	114	129
2743	123	129
2744	132	129
2745	133	130
2746	126	129
2747	113	130
2748	106	130
2749	99	129
2750	98	130
2751	100	129
2752	101	129
2753	101	129
2754	102	129
2755	99	129
2756	99	129
2757	99	130
2758	99	129
2759	101	129
2760	105	130
2761	105	129
2762	107	130
2763	108	130
2764	108	129
2765	108	129
2766	111	129
2767	110	129
2768	114	129
2769	115	130
2770	114	129
2771	111	129
2772	108	129
2773	102	130
2774	101	130
2775	100	130
2776	100	129
2777	102	130
2778	105	130
2779	106	130
2780	111	129
2781	111	130
2782	110	129
2783	108	129
2784	105	130
2785	102	130
2786	103	130
2787	101	130
2788	102	129
2789	104	130
2790	105	129
2791	107	130
2792	110	129
2793	107	130
2794	106	129
2795	105	130
2796	100	129
2797	95	130
2798	98	129
2799	100	129
2800	107	130
2801	113	130
2802	116	130
2803	116	129
2804	111	129
2805	103	129
2806	100	130
2807	96	129
2808	94	129
2809	95	129
2810	98	129
2811	99	129
2812	107	129
2813	111	130
2814	112	129
2815	111	129
2816	107	129
2817	102	129
2818	100	129
2819	96	129
2820	95	129
2821	97	129
2822	99	130
2823	103	130
2824	110	129
2825	112	129
2826	113	129
2827	113	129
2828	109	129
2829	104	130
2830	103	129
2831	98	129
2832	98	129
2833	100	129
2834	102	129
2835	106	129
2836	110	129
2837	110	129
2838	111	129
2839	109	129
2840	105	130
2841	102	129
2842	99	129
2843	96	129
2844	98	129
2845	100	129
2846	101	130
2847	105	129
2848	108	129
2849	108	129
2850	110	129
2851	107	129
2852	104	129
2853	101	130
2854	99	129
2855	99	129
2856	101	130
2857	99	129
2858	101	129
2859	105	129
2860	107	130
2861	108	129
2862	110	129
2863	107	130
2864	105	130
2865	104	130
2866	102	130
2867	101	130
2868	101	129
2869	100	129
2870	104	129
2871	106	129
2872	107	129
2873	108	129
2874	108	130
2875	104	130
2876	105	130
2877	103	129
2878	100	129
2879	100	129
2880	99	129
2881	97	129
2882	97	129
2883	95	130
2884	99	129
2885	104	129
2886	107	129
2887	108	129
2888	109	129
2889	107	129
2890	105	129
2891	103	129
2892	100	129
2893	99	129
2894	100	129
2895	99	129
2896	101	130
2897	103	130
2898	104	130
2899	105	130
2900	107	129
2901	104	129
2902	105	129
2903	104	129
2904	101	130
2905	101	129
2906	101	129
2907	98	129
2908	102	129
2909	103	129
2910	103	130
2911	104	129
2912	104	130
2913	102	130
2914	103	129
2915	100	129
2916	99	130
2917	100	129
2918	100	130
2919	101	129
2920	104	130
2921	102	130
2922	102	130
2923	104	130
2924	103	129
2925	103	130
2926	105	129
2927	103	129
2928	103	130
2929	104	129
2930	104	129
2931	105	129
2932	105	130
2933	103	130
2934	104	129
2935	104	129
2936	102	130
2937	102	129
2938	101	129
2939	98	129
2940	100	129
2941	100	129
2942	100	129
2943	102	129
2944	103	129
2945	102	129
2946	105	130
2947	103	129
2948	102	129
2949	102	129
2950	101	129
2951	101	130
2952	103	129
2953	101	130
2954	101	129
2955	103	129
2956	103	129
2957	105	129
2958	107	129
2959	105	130
2960	105	130
2961	105	129
2962	103	129
2963	103	129
2964	103	130
2965	101	130
2966	104	129
2967	105	129
2968	104	129
2969	104	129
2970	103	129
2971	100	129
2972	103	129
2973	103	129
2974	104	129
2975	105	129
2976	106	129
2977	105	129
2978	106	129
2979	104	129
2980	103	130
2981	102	129
2982	101	129
2983	101	130
2984	104	129
2985	103	129
2986	103	129
2987	105	130
2988	105	130
2989	105	129
2990	107	129
2991	103	129
2992	102	130
2993	101	129
2994	99	129
2995	99	129
2996	99	129
2997	96	129
2998	100	130
2999	103	130
3000	107	130
3001	110	129
3002	111	129
3003	108	129
3004	107	129
3005	105	130
3006	101	129
3007	99	129
3008	98	129
3009	98	129
3010	101	129
3011	103	130
3012	103	129
3013	105	129
3014	106	129
3015	105	129
3016	106	129
3017	103	130
3018	101	129
3019	101	129
3020	102	129
3021	105	129
3022	113	129
3023	119	130
3024	124	130
3025	125	129
3026	118	130
3027	109	130
3028	101	129
3029	93	129
3030	91	129
3031	91	129
3032	89	129
3033	84	130
3034	87	129
3035	95	129
3036	109	129
3037	122	129
3038	115	130
3039	109	129
3040	106	129
3041	102	129
3042	102	129
3043	101	129
3044	103	129
3045	109	129
3046	114	129
3047	114	129
3048	114	129
3049	113	129
3050	111	129
3051	113	129
3052	110	129
3053	107	130
3054	110	129
3055	113	129
3056	118	129
3057	122	129
3058	121	129
3059	118	129
3060	113	129
3061	106	130
3062	103	129
3063	104	129
3064	103	130
3065	104	130
3066	105	129
3067	102	130
3068	102	129
3069	103	130
3070	103	129
3071	101	129
3072	101	130
3073	100	129
3074	103	129
3075	105	130
3076	107	129
3077	111	129
3078	115	130
3079	117	129
3080	119	130
3081	116	129
3082	111	130
3083	109	129
3084	107	129
3085	106	130
3086	108	129
3087	107	129
3088	107	129
3089	108	129
3090	107	129
3091	106	129
3092	105	129
3093	103	130
3094	102	129
3095	103	129
3096	102	130
3097	102	129
3098	103	129
3099	102	129
3100	103	129
3101	105	129
3102	104	129
3103	104	129
3104	104	129
3105	102	129
3106	102	129
3107	102	129
3108	101	129
3109	101	129
3110	101	129
3111	101	129
3112	103	129
3113	103	129
3114	103	129
3115	104	129
3116	103	129
3117	103	129
3118	103	129
3119	103	129
3120	101	129
3121	102	129
3122	103	129
3123	104	129
3124	106	129
3125	107	129
3126	107	129
3127	108	129
3128	108	129
3129	108	129
3130	108	129
3131	106	129
3132	105	129
3133	103	129
3134	100	129
3135	99	129
3136	99	130
3137	99	129
3138	101	129
3139	105	130
3140	106	129
3141	107	129
3142	106	129
3143	104	129
3144	103	129
3145	101	129
3146	100	129
3147	102	129
3148	103	129
3149	105	129
3150	105	129
3151	104	129
3152	101	129
3153	102	130
3154	102	129
3155	102	130
3156	103	130
3157	105	130
3158	105	130
3159	107	129
3160	106	129
3161	104	129
3162	102	129
3163	100	130
3164	99	130
3165	102	130
3166	103	129
3167	105	129
3168	108	129
3169	108	129
3170	107	130
3171	108	129
3172	106	129
3173	105	129
3174	104	129
3175	105	129
3176	105	130
3177	107	129
3178	106	129
3179	107	129
3180	106	130
3181	106	129
3182	105	130
3183	106	129
3184	103	129
3185	103	129
3186	102	129
3187	93	129
3188	91	130
3189	95	129
3190	99	129
3191	109	129
3192	116	129
3193	121	129
3194	118	129
3195	112	129
3196	102	130
3197	98	130
3198	93	129
3199	91	129
3200	92	129
3201	95	130
3202	99	129
3203	108	129
3204	111	129
3205	108	129
3206	108	130
3207	107	129
3208	104	129
3209	104	129
3210	100	130
3211	99	130
3212	99	129
3213	99	129
3214	101	129
3215	104	129
3216	104	129
3217	106	129
3218	106	129
3219	105	129
3220	104	129
3221	104	129
3222	100	129
3223	100	130
3224	100	130
3225	100	129
3226	102	129
3227	103	129
3228	102	129
3229	104	130
3230	103	129
3231	103	129
3232	101	130
3233	100	129
3234	98	129
3235	100	129
3236	100	129
3237	101	129
3238	102	129
3239	102	129
3240	101	129
3241	103	129
3242	102	130
3243	102	129
3244	101	129
3245	101	129
3246	102	129
3247	104	129
3248	103	129
3249	104	130
3250	104	129
3251	104	129
3252	104	129
3253	105	129
3254	103	129
3255	103	129
3256	103	129
3257	102	129
3258	102	129
3259	103	129
3260	101	130
3261	103	129
3262	103	129
3263	103	129
3264	103	129
3265	103	129
3266	102	129
3267	103	130
3268	102	130
3269	101	129
3270	101	129
3271	100	130
3272	99	129
3273	102	130
3274	102	129
3275	102	129
3276	103	130
3277	102	130
3278	102	129
3279	103	129
3280	101	129
3281	101	129
3282	102	129
3283	103	129
3284	103	129
3285	106	130
3286	104	129
3287	104	129
3288	104	130
3289	103	130
3290	104	130
3291	105	129
3292	104	130
3293	105	129
3294	105	129
3295	105	130
3296	105	129
3297	105	130
3298	103	130
3299	105	129
3300	105	129
3301	103	129
3302	103	130
3303	103	129
3304	101	129
3305	103	129
3306	103	130
3307	103	129
3308	104	129
3309	103	129
3310	103	130
3311	104	129
3312	103	129
3313	102	129
3314	103	129
3315	103	129
3316	105	129
3317	107	129
3318	105	129
3319	104	129
3320	102	129
3321	101	130
3322	101	129
3323	103	129
3324	103	129
3325	102	129
3326	101	129
3327	100	129
3328	102	129
3329	104	129
3330	105	129
3331	107	130
3332	108	130
3333	104	129
3334	100	130
3335	97	130
3336	93	130
3337	95	129
3338	98	129
3339	102	130
3340	107	129
3341	111	129
3342	112	129
3343	110	130
3344	105	129
3345	100	130
3346	98	129
3347	97	129
3348	98	129
3349	103	129
3350	107	129
3351	112	129
3352	117	129
3353	119	129
3354	118	129
3355	118	129
3356	115	129
3357	112	130
3358	111	129
3359	108	129
3360	105	129
3361	102	129
3362	98	129
3363	97	129
3364	95	129
3365	92	129
3366	89	129
3367	91	129
3368	95	130
3369	103	130
3370	111	129
3371	115	129
3372	115	129
3373	110	129
3374	103	129
3375	98	129
3376	96	129
3377	95	129
3378	98	129
3379	103	129
3380	108	129
3381	113	129
3382	115	129
3383	113	129
3384	111	129
3385	109	129
3386	109	129
3387	113	129
3388	119	129
3389	127	130
3390	136	129
3391	134	129
3392	120	129
3393	107	129
3394	101	129
3395	97	129
3396	98	130
3397	98	129
3398	100	130
3399	100	129
3400	101	130
3401	102	129
3402	102	129
3403	101	130
3404	102	129
3405	103	129
3406	103	129
3407	102	130
3408	103	129
3409	104	129
3410	106	129
3411	108	129
3412	110	130
3413	110	129
3414	110	129
3415	109	129
3416	107	129
3417	106	129
3418	105	129
3419	104	129
3420	103	130
3421	101	129
3422	104	129
3423	107	129
3424	109	129
3425	111	129
3426	112	130
3427	109	129
3428	107	129
3429	105	129
3430	103	129
3431	102	129
3432	102	129
3433	102	129
3434	104	129
3435	105	129
3436	107	129
3437	107	129
3438	107	129
3439	106	129
3440	106	130
3441	105	129
3442	103	129
3443	103	130
3444	102	129
3445	102	129
3446	104	129
3447	105	129
3448	106	130
3449	107	129
3450	107	129
3451	106	130
3452	106	129
3453	103	130
3454	101	130
3455	101	129
3456	101	130
3457	101	130
3458	103	130
3459	103	129
3460	104	130
3461	105	130
3462	105	129
3463	104	130
3464	103	129
3465	100	130
3466	101	129
3467	102	129
3468	104	129
3469	107	130
3470	109	129
3471	107	130
3472	107	129
3473	105	129
3474	103	129
3475	101	130
3476	100	129
3477	99	129
3478	102	129
3479	103	130
3480	105	130
3481	107	129
3482	108	129
3483	107	129
3484	107	129
3485	104	130
3486	102	130
3487	102	129
3488	101	129
3489	102	129
3490	104	130
3491	104	129
3492	104	129
3493	106	129
3494	106	129
3495	102	129
3496	100	129
3497	99	129
3498	103	130
3499	106	129
3500	108	129
3501	109	129
3502	109	129
3503	106	129
3504	104	129
3505	102	129
3506	100	129
3507	99	129
3508	99	129
3509	99	129
3510	102	129
3511	105	129
3512	106	129
3513	107	129
3514	106	129
3515	105	129
3516	103	129
3517	101	129
3518	100	129
3519	99	129
3520	99	129
3521	100	129
3522	102	129
3523	103	130
3524	104	129
3525	105	130
3526	106	129
3527	105	129
3528	105	129
3529	103	129
3530	101	130
3531	100	129
3532	100	129
3533	101	129
3534	102	129
3535	103	129
3536	104	130
3537	106	129
3538	105	129
3539	105	130
3540	104	129
3541	103	129
3542	102	130
3543	101	129
3544	101	129
3545	101	129
3546	101	129
3547	101	129
3548	103	130
3549	104	130
3550	105	130
3551	105	129
3552	105	130
3553	103	129
3554	102	129
3555	101	129
3556	100	129
3557	101	129
3558	101	129
3559	103	130
3560	105	129
3561	105	129
3562	104	129
3563	104	129
3564	103	129
3565	101	129
3566	100	129
3567	100	129
3568	99	129
3569	101	129
3570	103	129
3571	104	130
3572	105	129
3573	104	129
3574	102	129
3575	102	129
3576	100	129
3577	99	129
3578	100	130
3579	100	130
3580	101	129
3581	104	129
3582	105	129
3583	104	129
3584	104	129
3585	103	129
3586	102	129
3587	102	129
3588	101	129
3589	102	129
3590	102	129
3591	102	129
3592	102	129
3593	103	130
3594	102	129
3595	102	130
3596	102	129
3597	103	129
3598	105	129
3599	107	130
3600	106	129
3601	105	129
3602	105	129
3603	105	129
3604	104	129
3605	103	129
3606	102	129
3607	103	129
3608	104	129
3609	105	130
3610	105	129
3611	105	129
3612	104	129
3613	104	129
3614	103	129
3615	102	129
3616	101	129
3617	101	129
3618	101	129
3619	103	129
3620	104	129
3621	105	129
3622	105	129
3623	105	129
3624	104	129
3625	104	130
3626	102	130
3627	102	129
3628	101	129
3629	102	129
3630	103	129
3631	105	129
3632	104	129
3633	105	129
3634	105	129
3635	105	129
3636	104	129
3637	104	129
3638	101	129
3639	101	129
3640	102	129
3641	103	130
3642	105	129
3643	102	130
3644	97	129
3645	98	129
3646	100	129
3647	103	129
3648	107	130
3649	109	129
3650	108	129
3651	107	129
3652	105	129
3653	102	129
3654	100	129
3655	99	130
3656	98	129
3657	101	129
3658	102	129
3659	105	129
3660	106	129
3661	106	129
3662	103	129
3663	102	129
3664	99	129
3665	100	129
3666	104	129
3667	109	129
3668	116	129
3669	123	130
3670	125	129
3671	121	129
3672	111	129
3673	100	129
3674	96	129
3675	95	129
3676	95	129
3677	99	129
3678	103	129
3679	105	129
3680	106	129
3681	104	129
3682	101	129
3683	99	129
3684	98	129
3685	97	129
3686	97	129
3687	98	129
3688	100	129
3689	104	130
3690	107	129
3691	111	129
3692	114	129
3693	115	130
3694	113	129
3695	112	129
3696	110	129
3697	109	130
3698	110	129
3699	109	129
3700	110	129
3701	110	129
3702	109	129
3703	108	129
3704	110	129
3705	113	129
3706	117	129
3707	121	129
3708	122	129
3709	120	129
3710	117	130
3711	112	129
3712	107	130
3713	105	129
3714	103	129
3715	102	130
3716	104	130
3717	104	129
3718	103	129
3719	101	129
3720	100	129
3721	101	129
3722	102	129
3723	101	129
3724	100	130
3725	101	130
3726	101	129
3727	104	129
3728	108	129
3729	111	130
3730	114	129
3731	116	129
3732	117	129
3733	119	130
3734	118	130
3735	115	129
3736	112	129
3737	109	130
3738	106	129
3739	104	129
3740	104	129
3741	102	129
3742	103	129
3743	103	129
3744	104	129
3745	104	129
3746	104	129
3747	104	129
3748	105	129
3749	105	130
3750	105	130
3751	105	130
3752	104	129
3753	103	129
3754	105	129
3755	104	130
3756	104	129
3757	103	129
3758	103	129
3759	102	130
3760	103	129
3761	103	129
3762	103	129
3763	103	129
3764	103	130
3765	102	130
3766	102	130
3767	100	130
3768	98	130
3769	98	129
3770	97	129
3771	98	129
3772	102	130
3773	104	129
3774	109	129
3775	114	129
3776	116	129
3777	116	130
3778	113	129
3779	105	130
3780	101	129
3781	97	129
3782	95	129
3783	95	129
3784	98	129
3785	100	129
3786	105	130
3787	108	130
3788	110	130
3789	111	129
3790	109	130
3791	104	130
3792	102	130
3793	101	130
3794	101	129
3795	102	129
3796	103	129
3797	104	129
3798	105	129
3799	105	129
3800	105	129
3801	105	129
3802	104	129
3803	102	129
3804	102	130
3805	101	129
3806	101	129
3807	101	130
3808	103	129
3809	104	129
3810	107	129
3811	108	129
3812	108	129
3813	107	129
3814	105	129
3815	104	130
3816	103	130
3817	103	130
3818	104	129
3819	105	130
3820	107	129
3821	108	130
3822	108	130
3823	107	129
3824	106	129
3825	106	129
3826	104	130
3827	103	130
3828	104	129
3829	103	129
3830	105	130
3831	106	130
3832	107	129
3833	107	129
3834	107	129
3835	105	130
3836	104	129
3837	103	129
3838	102	129
3839	101	129
3840	101	130
3841	102	129
3842	103	129
3843	103	130
3844	92	129
3845	91	130
3846	96	129
3847	104	129
3848	113	129
3849	120	129
3850	121	129
3851	116	129
3852	109	129
3853	101	130
3854	96	129
3855	92	130
3856	91	130
3857	94	130
3858	98	129
3859	103	129
3860	109	129
3861	114	130
3862	114	129
3863	112	129
3864	107	129
3865	101	130
3866	97	129
3867	95	129
3868	94	129
3869	96	129
3870	98	129
3871	103	130
3872	107	129
3873	110	129
3874	111	129
3875	109	129
3876	105	129
3877	101	129
3878	98	129
3879	96	129
3880	97	129
3881	99	129
3882	101	130
3883	104	129
3884	107	129
3885	108	129
3886	108	129
3887	106	129
3888	102	129
3889	100	130
3890	98	130
3891	97	129
3892	97	129
3893	99	129
3894	101	129
3895	104	129
3896	106	129
3897	107	130
3898	106	129
3899	104	129
3900	101	129
3901	100	129
3902	99	129
3903	99	129
3904	99	130
3905	101	129
3906	103	130
3907	105	129
3908	106	130
3909	105	129
3910	105	129
3911	103	129
3912	101	129
3913	101	129
3914	100	129
3915	99	129
3916	100	129
3917	101	129
3918	103	130
3919	105	129
3920	105	130
3921	105	130
3922	103	129
3923	102	130
3924	101	130
3925	101	130
3926	101	129
3927	102	129
3928	103	129
3929	104	129
3930	104	130
3931	103	129
3932	101	129
3933	102	129
3934	102	129
3935	102	129
3936	102	129
3937	102	129
3938	101	130
3939	101	129
3940	101	130
3941	102	129
3942	103	130
3943	105	129
3944	105	129
3945	106	129
3946	105	129
3947	103	129
3948	103	130
3949	103	129
3950	103	129
3951	104	129
3952	105	129
3953	104	130
3954	104	129
3955	104	129
3956	104	129
3957	105	129
3958	105	129
3959	104	129
3960	105	129
3961	104	130
3962	104	129
3963	103	129
3964	103	129
3965	103	130
3966	104	129
3967	105	129
3968	105	129
3969	105	129
3970	105	129
3971	105	129
3972	106	129
3973	105	129
3974	105	130
3975	105	129
3976	105	130
3977	104	129
3978	102	129
3979	99	129
3980	99	129
3981	100	129
3982	101	129
3983	103	129
3984	104	129
3985	104	130
3986	105	129
3987	104	129
3988	104	129
3989	104	129
3990	104	129
3991	103	129
3992	102	129
3993	101	129
3994	100	129
3995	100	129
3996	99	129
3997	99	130
3998	101	129
3999	102	129
4000	103	129
4001	103	129
4002	103	129
4003	103	129
4004	105	129
4005	107	129
4006	108	129
4007	111	129
4008	113	130
4009	116	130
4010	121	130
4011	123	129
4012	123	129
4013	117	129
4014	109	130
4015	99	129
4016	91	129
4017	87	129
4018	87	129
4019	89	129
4020	95	129
4021	104	129
4022	114	130
4023	119	129
4024	117	129
4025	111	129
4026	103	130
4027	96	129
4028	93	130
4029	90	129
4030	91	129
4031	95	129
4032	100	129
4033	107	129
4034	114	129
4035	117	129
4036	117	129
4037	114	129
4038	108	130
4039	102	129
4040	98	129
4041	98	130
4042	105	129
4043	118	130
4044	136	130
4045	148	129
4046	143	129
4047	123	129
4048	109	130
4049	100	129
4050	95	129
4051	95	129
4052	96	129
4053	97	130
4054	100	129
4055	103	129
4056	103	129
4057	105	129
4058	105	129
4059	102	129
4060	101	129
4061	99	129
4062	100	130
4063	103	129
4064	106	129
4065	108	129
4066	109	129
4067	107	130
4068	107	129
4069	107	129
4070	108	129
4071	108	129
4072	109	129
4073	107	129
4074	107	129
4075	107	129
4076	106	129
4077	106	129
4078	106	129
4079	105	129
4080	105	129
4081	106	130
4082	106	129
4083	106	129
4084	106	129
4085	106	129
4086	106	129
4087	107	129
4088	106	129
4089	105	129
4090	105	129
4091	104	130
4092	104	130
4093	104	129
4094	103	129
4095	101	129
