
TIME STEP:
125 = 0.2ms

VOLTAGE STEP:
CH1:  32 = 0.15V
CH2:  32 = 5V
GND	54	128
N	CH1	CH2

0	89	130
1	89	130
2	91	130
3	90	129
4	91	129
5	93	130
6	93	130
7	93	130
8	93	130
9	94	130
10	92	130
11	91	130
12	90	130
13	89	130
14	89	130
15	89	130
16	90	130
17	91	130
18	91	130
19	93	130
20	94	130
21	95	130
22	93	130
23	94	130
24	93	130
25	91	130
26	91	129
27	91	130
28	90	130
29	90	130
30	92	130
31	93	130
32	93	130
33	94	130
34	94	130
35	94	130
36	92	130
37	91	130
38	91	130
39	91	130
40	90	130
41	91	130
42	91	130
43	91	130
44	91	130
45	91	130
46	92	130
47	91	130
48	93	129
49	92	130
50	93	130
51	92	130
52	92	130
53	93	130
54	91	130
55	92	130
56	91	129
57	91	129
58	91	130
59	92	130
60	91	130
61	92	129
62	92	130
63	90	129
64	89	130
65	89	129
66	89	129
67	90	129
68	91	130
69	92	130
70	93	130
71	93	130
72	93	130
73	94	130
74	92	130
75	91	130
76	91	130
77	89	130
78	89	130
79	90	130
80	92	130
81	92	130
82	93	130
83	95	129
84	95	130
85	94	130
86	94	130
87	94	129
88	93	129
89	92	130
90	92	130
91	91	130
92	91	130
93	91	130
94	90	130
95	90	129
96	90	130
97	91	130
98	93	130
99	93	129
100	95	130
101	95	129
102	96	130
103	95	130
104	95	129
105	91	130
106	89	130
107	88	130
108	87	130
109	89	130
110	91	130
111	93	130
112	97	130
113	97	130
114	98	129
115	95	130
116	93	129
117	90	130
118	91	130
119	90	129
120	89	129
121	91	130
122	92	130
123	94	130
124	96	130
125	96	130
126	96	130
127	95	130
128	94	129
129	93	130
130	92	130
131	89	130
132	90	129
133	91	130
134	92	130
135	93	130
136	94	130
137	95	130
138	96	130
139	96	130
140	96	129
141	95	130
142	93	130
143	93	129
144	93	129
145	92	130
146	92	130
147	92	130
148	93	130
149	95	130
150	94	130
151	95	130
152	95	129
153	94	129
154	94	130
155	89	130
156	87	130
157	87	130
158	89	130
159	92	130
160	96	130
161	99	130
162	99	129
163	100	130
164	98	130
165	94	130
166	92	130
167	90	130
168	88	130
169	88	130
170	87	130
171	90	130
172	92	130
173	94	129
174	97	130
175	99	130
176	96	130
177	94	130
178	94	130
179	94	130
180	95	130
181	96	130
182	96	130
183	96	130
184	95	130
185	94	130
186	90	129
187	87	130
188	87	130
189	90	130
190	95	129
191	100	129
192	104	130
193	106	129
194	103	130
195	100	129
196	100	130
197	101	130
198	101	130
199	101	129
200	99	130
201	97	130
202	94	130
203	91	130
204	89	130
205	89	129
206	89	130
207	90	130
208	91	130
209	89	130
210	88	130
211	87	130
212	86	130
213	85	130
214	87	130
215	88	129
216	89	130
217	92	129
218	92	130
219	91	129
220	89	129
221	88	130
222	89	130
223	90	130
224	91	130
225	93	130
226	93	129
227	93	130
228	95	130
229	95	130
230	95	130
231	96	129
232	98	130
233	101	130
234	104	130
235	106	129
236	106	130
237	104	130
238	101	130
239	98	130
240	95	130
241	91	129
242	88	130
243	87	129
244	86	130
245	87	130
246	89	130
247	92	130
248	93	130
249	94	130
250	94	130
251	93	130
252	91	130
253	89	129
254	88	130
255	87	130
256	87	130
257	87	130
258	88	130
259	88	130
260	89	130
261	90	130
262	91	130
263	91	130
264	92	130
265	91	129
266	94	130
267	103	130
268	109	130
269	92	130
270	97	130
271	102	130
272	99	130
273	93	130
274	89	130
275	88	130
276	89	130
277	89	130
278	91	130
279	95	130
280	96	130
281	95	130
282	91	130
283	87	130
284	87	130
285	87	130
286	88	130
287	88	130
288	88	129
289	89	130
290	91	129
291	92	130
292	92	130
293	93	129
294	93	130
295	93	129
296	94	130
297	92	130
298	89	130
299	89	130
300	89	130
301	88	130
302	86	129
303	81	129
304	75	130
305	69	130
306	65	130
307	62	130
308	61	129
309	59	129
310	59	130
311	60	130
312	60	130
313	60	129
314	59	130
315	59	129
316	59	130
317	58	129
318	58	130
319	58	130
320	58	130
321	58	130
322	59	129
323	59	130
324	62	130
325	255	130
326	151	129
327	104	130
328	84	130
329	77	130
330	74	130
331	75	130
332	80	130
333	90	130
334	105	129
335	119	130
336	126	130
337	119	129
338	104	130
339	91	129
340	82	130
341	75	130
342	73	130
343	73	130
344	74	129
345	77	129
346	83	130
347	91	130
348	102	130
349	109	130
350	110	130
351	103	130
352	93	129
353	87	130
354	85	129
355	82	130
356	80	130
357	83	129
358	86	130
359	91	130
360	98	130
361	102	130
362	103	130
363	101	130
364	95	130
365	91	130
366	87	130
367	83	130
368	83	130
369	85	130
370	86	129
371	89	130
372	92	130
373	95	130
374	98	130
375	99	129
376	98	130
377	96	130
378	92	130
379	90	130
380	89	130
381	87	130
382	86	130
383	88	130
384	89	130
385	92	130
386	96	129
387	96	130
388	95	130
389	95	130
390	92	130
391	90	130
392	88	130
393	87	130
394	87	130
395	88	130
396	89	130
397	91	130
398	94	130
399	94	130
400	97	130
401	99	130
402	95	130
403	93	129
404	91	130
405	87	130
406	87	129
407	86	130
408	87	130
409	89	130
410	91	130
411	94	130
412	97	130
413	97	130
414	97	129
415	97	130
416	95	130
417	93	130
418	92	130
419	90	130
420	89	130
421	89	130
422	90	130
423	91	129
424	93	130
425	94	129
426	95	130
427	95	130
428	94	130
429	92	130
430	91	130
431	88	130
432	89	130
433	90	130
434	90	130
435	91	130
436	92	129
437	92	130
438	93	130
439	93	130
440	93	130
441	92	130
442	91	130
443	90	130
444	90	130
445	89	130
446	88	130
447	89	130
448	90	129
449	90	129
450	92	130
451	91	130
452	90	130
453	91	129
454	92	130
455	92	130
456	93	130
457	93	130
458	93	130
459	94	129
460	93	130
461	93	130
462	93	130
463	92	129
464	93	129
465	94	129
466	93	130
467	92	129
468	92	129
469	89	130
470	89	129
471	90	130
472	90	129
473	91	130
474	92	129
475	92	130
476	93	130
477	93	130
478	93	129
479	92	130
480	92	130
481	91	130
482	93	130
483	92	130
484	91	130
485	93	130
486	93	129
487	93	130
488	94	130
489	93	130
490	92	129
491	93	129
492	92	130
493	92	130
494	92	130
495	92	130
496	93	130
497	95	130
498	94	130
499	94	130
500	93	130
501	89	130
502	89	130
503	89	130
504	90	130
505	91	130
506	94	130
507	95	130
508	97	130
509	97	130
510	97	129
511	96	130
512	94	130
513	92	129
514	92	130
515	91	129
516	89	130
517	91	130
518	92	130
519	93	130
520	96	130
521	97	130
522	97	130
523	97	130
524	96	130
525	94	130
526	93	130
527	89	130
528	87	129
529	88	130
530	87	130
531	89	130
532	93	129
533	94	130
534	97	129
535	98	130
536	97	130
537	96	130
538	95	130
539	93	130
540	92	130
541	91	130
542	91	130
543	92	130
544	93	130
545	95	130
546	98	130
547	97	130
548	96	130
549	96	129
550	95	130
551	94	130
552	94	130
553	92	130
554	91	130
555	92	130
556	92	130
557	93	129
558	93	130
559	90	130
560	89	130
561	89	130
562	89	130
563	91	129
564	91	130
565	91	130
566	95	129
567	99	129
568	101	129
569	103	130
570	103	130
571	99	130
572	97	130
573	92	130
574	89	129
575	90	130
576	91	130
577	94	130
578	101	130
579	105	130
580	108	129
581	109	130
582	106	130
583	100	130
584	94	130
585	88	130
586	86	130
587	84	130
588	84	130
589	85	130
590	88	130
591	89	129
592	95	129
593	99	130
594	100	130
595	102	130
596	102	130
597	102	130
598	109	130
599	116	130
600	114	130
601	106	130
602	96	130
603	89	130
604	88	130
605	86	129
606	87	130
607	87	130
608	88	130
609	89	130
610	90	130
611	90	130
612	91	129
613	92	130
614	91	130
615	92	130
616	95	129
617	95	130
618	96	129
619	95	130
620	92	129
621	91	130
622	91	130
623	90	130
624	94	130
625	95	130
626	96	129
627	98	130
628	98	129
629	99	130
630	101	130
631	102	130
632	105	130
633	107	130
634	105	130
635	103	130
636	99	130
637	93	129
638	90	130
639	87	130
640	86	130
641	87	130
642	88	130
643	90	130
644	93	130
645	95	130
646	96	130
647	96	130
648	93	129
649	90	130
650	89	130
651	86	130
652	84	130
653	84	129
654	83	130
655	84	130
656	87	130
657	88	130
658	91	129
659	93	130
660	93	130
661	93	129
662	92	130
663	89	130
664	90	130
665	91	130
666	96	130
667	105	129
668	115	130
669	115	130
670	103	130
671	94	130
672	88	130
673	84	130
674	82	130
675	81	130
676	84	130
677	87	130
678	90	130
679	93	130
680	94	130
681	93	130
682	93	130
683	90	129
684	90	129
685	91	130
686	90	130
687	88	130
688	89	130
689	89	130
690	89	130
691	89	130
692	90	130
693	93	130
694	95	130
695	94	130
696	93	130
697	92	130
698	92	130
699	92	130
700	91	130
701	89	130
702	89	130
703	91	130
704	93	130
705	96	130
706	96	130
707	93	130
708	93	129
709	94	130
710	95	130
711	97	130
712	99	129
713	100	130
714	103	130
715	102	130
716	100	130
717	98	130
718	95	129
719	91	129
720	90	130
721	89	130
722	88	130
723	89	130
724	89	130
725	91	130
726	93	129
727	93	130
728	94	129
729	95	130
730	94	130
731	94	129
732	93	129
733	89	130
734	89	130
735	88	129
736	88	130
737	89	130
738	91	130
739	92	130
740	94	130
741	94	129
742	93	129
743	92	130
744	90	130
745	89	130
746	91	130
747	91	130
748	91	130
749	92	130
750	92	129
751	91	130
752	94	130
753	94	130
754	94	130
755	94	130
756	94	130
757	93	130
758	94	130
759	92	129
760	93	130
761	92	130
762	92	130
763	92	129
764	93	130
765	90	130
766	89	129
767	90	130
768	91	130
769	93	130
770	97	130
771	95	130
772	96	130
773	95	129
774	93	130
775	92	129
776	91	129
777	88	130
778	89	130
779	89	130
780	89	130
781	90	130
782	91	129
783	90	129
784	93	130
785	93	130
786	93	130
787	93	130
788	92	130
789	91	130
790	92	130
791	91	130
792	88	130
793	83	130
794	76	129
795	69	130
796	66	130
797	61	130
798	60	130
799	60	130
800	60	130
801	59	130
802	61	130
803	59	130
804	60	130
805	59	130
806	59	129
807	58	130
808	58	130
809	57	130
810	59	130
811	58	130
812	58	129
813	58	129
814	58	130
815	56	130
816	59	130
817	78	130
818	253	129
819	157	130
820	91	130
821	76	129
822	69	129
823	65	129
824	64	130
825	65	130
826	67	130
827	75	130
828	89	130
829	107	130
830	127	130
831	129	130
832	113	129
833	95	130
834	84	130
835	75	129
836	72	130
837	71	130
838	71	129
839	73	129
840	79	129
841	88	129
842	104	130
843	118	130
844	122	130
845	110	130
846	95	130
847	84	130
848	79	130
849	76	130
850	75	130
851	77	129
852	81	130
853	88	130
854	98	130
855	107	130
856	113	130
857	110	130
858	102	130
859	94	130
860	87	130
861	81	130
862	79	130
863	79	130
864	80	129
865	84	130
866	90	130
867	97	130
868	105	130
869	107	130
870	104	129
871	99	129
872	91	130
873	86	130
874	85	130
875	82	130
876	83	130
877	85	130
878	88	130
879	93	129
880	97	130
881	98	130
882	98	130
883	96	130
884	93	130
885	92	130
886	89	129
887	87	129
888	88	129
889	90	130
890	92	130
891	96	130
892	97	130
893	98	130
894	98	130
895	96	130
896	94	130
897	92	130
898	89	130
899	89	130
900	90	130
901	90	130
902	91	129
903	92	130
904	92	130
905	95	130
906	95	129
907	95	130
908	94	130
909	93	130
910	92	130
911	93	130
912	91	130
913	91	129
914	92	130
915	93	130
916	93	130
917	96	130
918	94	129
919	94	130
920	93	130
921	92	129
922	92	130
923	92	129
924	90	130
925	91	130
926	91	130
927	91	129
928	93	129
929	94	130
930	94	130
931	97	129
932	97	130
933	96	129
934	95	130
935	93	130
936	91	130
937	91	130
938	89	130
939	89	130
940	91	130
941	92	130
942	94	130
943	97	130
944	95	129
945	96	130
946	96	130
947	95	130
948	93	129
949	93	130
950	90	130
951	90	130
952	89	130
953	90	129
954	91	130
955	93	130
956	94	130
957	97	129
958	97	129
959	96	130
960	93	130
961	91	130
962	89	130
963	91	130
964	91	130
965	92	130
966	94	130
967	94	130
968	93	130
969	94	130
970	93	130
971	94	130
972	95	129
973	94	130
974	95	130
975	96	130
976	95	130
977	96	130
978	96	130
979	95	130
980	95	130
981	94	130
982	93	130
983	93	130
984	91	130
985	92	130
986	96	130
987	102	130
988	107	130
989	114	130
990	111	130
991	105	130
992	98	130
993	91	130
994	87	130
995	86	129
996	87	129
997	89	130
998	92	129
999	95	130
1000	96	130
1001	94	130
1002	90	130
1003	90	130
1004	88	130
1005	86	129
1006	86	130
1007	88	130
1008	89	130
1009	91	130
1010	91	130
1011	89	130
1012	89	130
1013	90	130
1014	90	129
1015	92	130
1016	93	130
1017	94	130
1018	95	130
1019	94	130
1020	93	130
1021	95	130
1022	94	130
1023	96	130
1024	99	129
1025	101	130
1026	101	130
1027	105	130
1028	104	129
1029	103	130
1030	100	130
1031	97	130
1032	94	130
1033	93	130
1034	90	130
1035	90	130
1036	91	130
1037	92	130
1038	94	130
1039	95	129
1040	93	129
1041	93	129
1042	91	130
1043	90	130
1044	88	130
1045	88	130
1046	86	130
1047	87	130
1048	86	130
1049	87	130
1050	87	130
1051	88	130
1052	87	130
1053	90	130
1054	90	130
1055	91	130
1056	94	130
1057	98	130
1058	100	130
1059	106	130
1060	104	130
1061	101	130
1062	98	130
1063	94	130
1064	90	130
1065	90	130
1066	87	130
1067	88	130
1068	89	130
1069	88	129
1070	89	130
1071	93	130
1072	91	130
1073	91	130
1074	90	130
1075	89	129
1076	88	130
1077	90	130
1078	89	130
1079	90	129
1080	91	130
1081	90	129
1082	91	130
1083	93	130
1084	92	130
1085	94	130
1086	94	129
1087	93	130
1088	92	130
1089	89	130
1090	86	130
1091	89	130
1092	90	130
1093	92	130
1094	94	130
1095	93	130
1096	90	130
1097	92	130
1098	90	130
1099	91	130
1100	93	130
1101	95	130
1102	97	130
1103	101	130
1104	102	130
1105	105	130
1106	107	130
1107	103	130
1108	99	130
1109	95	130
1110	88	130
1111	85	130
1112	84	130
1113	83	130
1114	85	130
1115	89	130
1116	91	130
1117	97	129
1118	100	130
1119	101	130
1120	100	130
1121	97	130
1122	90	130
1123	89	129
1124	87	130
1125	85	130
1126	85	129
1127	86	130
1128	86	130
1129	91	130
1130	93	130
1131	95	130
1132	97	130
1133	96	130
1134	93	130
1135	93	130
1136	89	130
1137	88	130
1138	89	130
1139	89	130
1140	91	130
1141	95	130
1142	95	130
1143	96	130
1144	97	130
1145	96	130
1146	95	130
1147	95	130
1148	92	130
1149	91	130
1150	91	130
1151	90	130
1152	91	130
1153	91	130
1154	91	130
1155	94	129
1156	95	129
1157	94	130
1158	95	130
1159	94	130
1160	91	129
1161	91	129
1162	91	129
1163	89	130
1164	89	129
1165	89	130
1166	88	130
1167	90	129
1168	91	130
1169	91	130
1170	93	130
1171	93	129
1172	93	129
1173	95	130
1174	93	129
1175	91	129
1176	91	130
1177	90	130
1178	89	129
1179	90	130
1180	89	130
1181	88	130
1182	89	129
1183	89	130
1184	90	129
1185	92	129
1186	94	129
1187	96	130
1188	99	130
1189	97	129
1190	96	130
1191	94	130
1192	91	129
1193	89	130
1194	89	130
1195	88	130
1196	89	130
1197	90	130
1198	91	130
1199	92	130
1200	96	130
1201	94	129
1202	94	129
1203	92	130
1204	90	130
1205	89	130
1206	89	130
1207	88	130
1208	89	130
1209	90	129
1210	92	130
1211	94	129
1212	96	129
1213	94	130
1214	95	130
1215	93	130
1216	91	130
1217	90	130
1218	90	130
1219	88	130
1220	89	130
1221	89	130
1222	89	130
1223	92	130
1224	93	130
1225	93	129
1226	97	130
1227	95	129
1228	94	129
1229	93	130
1230	91	130
1231	89	130
1232	91	130
1233	90	130
1234	91	129
1235	93	130
1236	94	130
1237	94	130
1238	96	130
1239	94	130
1240	93	130
1241	92	130
1242	90	129
1243	89	130
1244	91	130
1245	88	130
1246	90	130
1247	92	130
1248	93	130
1249	94	130
1250	96	130
1251	93	130
1252	93	130
1253	93	130
1254	92	130
1255	93	129
1256	93	130
1257	92	130
1258	94	129
1259	93	129
1260	90	129
1261	90	129
1262	91	129
1263	90	130
1264	95	130
1265	96	130
1266	95	130
1267	95	130
1268	94	129
1269	91	130
1270	92	130
1271	90	130
1272	90	129
1273	90	130
1274	91	130
1275	92	129
1276	95	129
1277	94	129
1278	94	130
1279	95	130
1280	94	130
1281	94	130
1282	94	130
1283	86	130
1284	79	129
1285	73	130
1286	66	130
1287	63	129
1288	62	129
1289	59	130
1290	61	130
1291	60	130
1292	59	130
1293	61	130
1294	60	130
1295	57	130
1296	60	129
1297	59	130
1298	58	130
1299	58	130
1300	58	130
1301	56	129
1302	59	130
1303	58	130
1304	57	130
1305	58	130
1306	58	130
1307	59	130
1308	83	130
1309	255	130
1310	133	130
1311	86	129
1312	69	130
1313	65	130
1314	65	130
1315	62	130
1316	61	130
1317	62	130
1318	62	130
1319	65	130
1320	89	130
1321	129	130
1322	166	130
1323	165	129
1324	126	130
1325	94	129
1326	78	130
1327	69	130
1328	66	130
1329	66	129
1330	64	130
1331	64	130
1332	67	130
1333	75	129
1334	91	130
1335	120	130
1336	146	130
1337	149	130
1338	127	130
1339	100	130
1340	84	130
1341	75	129
1342	69	130
1343	68	130
1344	67	130
1345	69	130
1346	74	129
1347	82	129
1348	95	130
1349	118	130
1350	123	130
1351	114	130
1352	111	130
1353	103	129
1354	95	129
1355	91	130
1356	87	130
1357	86	130
1358	86	130
1359	88	130
1360	89	130
1361	93	130
1362	95	130
1363	97	130
1364	97	130
1365	95	130
1366	93	130
1367	96	130
1368	97	130
1369	102	130
1370	111	130
1371	112	130
1372	103	130
1373	100	130
1374	94	130
1375	91	130
1376	91	130
1377	89	130
1378	89	130
1379	90	129
1380	87	130
1381	88	129
1382	87	130
1383	88	130
1384	89	130
1385	90	130
1386	88	130
1387	90	130
1388	91	130
1389	93	129
1390	93	130
1391	95	129
1392	93	130
1393	95	130
1394	95	130
1395	95	130
1396	96	130
1397	97	130
1398	95	130
1399	99	130
1400	99	130
1401	101	130
1402	104	130
1403	105	130
1404	103	130
1405	104	130
1406	100	130
1407	96	129
1408	93	130
1409	89	130
1410	87	130
1411	88	130
1412	86	130
1413	88	130
1414	90	130
1415	91	129
1416	93	129
1417	95	130
1418	92	130
1419	91	130
1420	90	130
1421	88	130
1422	87	130
1423	88	130
1424	85	130
1425	86	130
1426	86	130
1427	87	130
1428	89	130
1429	92	130
1430	93	130
1431	97	130
1432	97	130
1433	95	130
1434	92	130
1435	93	130
1436	95	130
1437	103	130
1438	105	129
1439	101	130
1440	96	130
1441	90	130
1442	85	129
1443	86	130
1444	84	130
1445	86	129
1446	89	130
1447	92	130
1448	93	130
1449	94	130
1450	89	130
1451	89	130
1452	89	129
1453	90	130
1454	92	130
1455	95	129
1456	93	130
1457	95	130
1458	94	130
1459	92	130
1460	91	130
1461	91	130
1462	90	129
1463	92	130
1464	92	130
1465	91	129
1466	91	130
1467	91	130
1468	88	130
1469	92	130
1470	93	130
1471	92	130
1472	94	130
1473	94	130
1474	94	130
1475	99	130
1476	100	130
1477	101	130
1478	102	130
1479	100	130
1480	97	130
1481	96	130
1482	91	130
1483	89	130
1484	89	130
1485	87	130
1486	89	130
1487	92	129
1488	91	130
1489	94	130
1490	96	130
1491	97	130
1492	96	130
1493	96	130
1494	91	130
1495	91	130
1496	90	130
1497	88	130
1498	89	130
1499	90	130
1500	89	130
1501	92	130
1502	93	130
1503	92	130
1504	93	129
1505	92	130
1506	89	130
1507	91	129
1508	90	130
1509	90	130
1510	92	130
1511	93	130
1512	93	130
1513	97	130
1514	95	130
1515	96	130
1516	96	130
1517	94	130
1518	93	130
1519	93	129
1520	89	129
1521	89	130
1522	90	130
1523	90	130
1524	91	130
1525	94	130
1526	93	129
1527	95	130
1528	95	130
1529	93	130
1530	92	130
1531	92	130
1532	89	130
1533	91	130
1534	91	130
1535	90	130
1536	92	130
1537	93	130
1538	92	130
1539	95	130
1540	95	130
1541	94	130
1542	93	130
1543	92	129
1544	90	129
1545	91	130
1546	89	130
1547	89	130
1548	91	130
1549	91	130
1550	92	130
1551	95	130
1552	93	129
1553	92	130
1554	93	130
1555	91	130
1556	91	130
1557	91	130
1558	89	130
1559	90	130
1560	90	130
1561	90	129
1562	91	130
1563	91	130
1564	89	130
1565	92	130
1566	94	130
1567	94	130
1568	95	130
1569	95	130
1570	93	130
1571	95	130
1572	93	130
1573	91	130
1574	91	130
1575	91	129
1576	90	130
1577	92	130
1578	92	130
1579	92	130
1580	94	130
1581	93	130
1582	93	130
1583	94	129
1584	91	130
1585	90	129
1586	91	130
1587	89	130
1588	90	130
1589	92	130
1590	91	129
1591	92	129
1592	93	130
1593	92	130
1594	93	130
1595	92	130
1596	90	129
1597	91	130
1598	91	130
1599	90	130
1600	91	130
1601	91	130
1602	90	130
1603	93	130
1604	94	130
1605	93	130
1606	93	130
1607	93	130
1608	91	129
1609	92	130
1610	89	130
1611	89	130
1612	90	130
1613	90	130
1614	91	130
1615	93	130
1616	92	130
1617	92	130
1618	94	129
1619	94	129
1620	94	130
1621	95	130
1622	93	130
1623	93	130
1624	93	130
1625	92	130
1626	93	130
1627	92	129
1628	90	130
1629	91	130
1630	92	130
1631	90	130
1632	91	130
1633	91	130
1634	90	130
1635	93	130
1636	95	130
1637	95	130
1638	97	130
1639	98	130
1640	96	130
1641	95	130
1642	93	130
1643	90	130
1644	90	130
1645	89	130
1646	89	130
1647	92	130
1648	92	129
1649	92	129
1650	95	130
1651	94	130
1652	94	130
1653	94	130
1654	92	129
1655	91	130
1656	91	130
1657	90	129
1658	91	130
1659	92	130
1660	92	130
1661	94	130
1662	95	129
1663	94	130
1664	94	130
1665	93	129
1666	91	130
1667	93	130
1668	93	130
1669	92	130
1670	93	130
1671	92	130
1672	91	130
1673	91	130
1674	91	130
1675	91	130
1676	95	130
1677	96	130
1678	97	130
1679	99	130
1680	97	130
1681	95	130
1682	95	130
1683	92	130
1684	91	130
1685	92	130
1686	91	130
1687	91	130
1688	93	130
1689	93	130
1690	95	130
1691	96	129
1692	95	130
1693	95	130
1694	95	130
1695	93	129
1696	92	130
1697	89	130
1698	86	129
1699	87	130
1700	91	129
1701	92	130
1702	95	130
1703	96	130
1704	94	130
1705	91	129
1706	90	130
1707	89	130
1708	93	130
1709	95	130
1710	97	130
1711	100	130
1712	100	129
1713	98	130
1714	97	129
1715	94	130
1716	92	130
1717	91	129
1718	90	130
1719	89	130
1720	91	130
1721	92	129
1722	94	130
1723	95	130
1724	89	130
1725	89	129
1726	93	129
1727	95	129
1728	99	129
1729	100	130
1730	98	130
1731	97	129
1732	96	129
1733	93	130
1734	94	129
1735	94	130
1736	95	130
1737	97	130
1738	102	129
1739	104	129
1740	106	130
1741	104	130
1742	100	130
1743	95	129
1744	91	130
1745	87	129
1746	88	130
1747	88	130
1748	93	130
1749	102	130
1750	113	129
1751	113	129
1752	109	129
1753	97	130
1754	90	129
1755	87	130
1756	85	130
1757	85	130
1758	87	130
1759	88	130
1760	90	130
1761	90	130
1762	88	129
1763	88	130
1764	91	130
1765	90	130
1766	92	129
1767	92	130
1768	92	129
1769	91	130
1770	92	130
1771	90	130
1772	93	130
1773	90	130
1774	86	130
1775	80	130
1776	74	130
1777	66	130
1778	65	130
1779	62	130
1780	61	130
1781	61	130
1782	61	130
1783	59	129
1784	61	130
1785	59	129
1786	60	130
1787	59	129
1788	58	130
1789	58	129
1790	59	130
1791	58	130
1792	58	130
1793	60	130
1794	255	130
1795	219	130
1796	123	130
1797	80	129
1798	69	130
1799	65	129
1800	63	130
1801	61	130
1802	61	130
1803	60	130
1804	62	130
1805	63	129
1806	91	130
1807	115	130
1808	158	129
1809	154	129
1810	119	130
1811	90	130
1812	76	129
1813	70	130
1814	68	130
1815	64	130
1816	65	130
1817	65	130
1818	67	130
1819	76	130
1820	91	130
1821	110	130
1822	129	130
1823	127	130
1824	111	130
1825	95	129
1826	85	130
1827	79	130
1828	82	130
1829	83	130
1830	68	130
1831	70	130
1832	80	130
1833	99	130
1834	127	129
1835	129	129
1836	111	129
1837	96	130
1838	87	129
1839	82	130
1840	83	130
1841	81	130
1842	85	130
1843	89	130
1844	92	130
1845	93	130
1846	93	130
1847	89	130
1848	89	130
1849	88	130
1850	88	129
1851	88	130
1852	90	130
1853	89	129
1854	92	130
1855	92	130
1856	92	129
1857	94	129
1858	95	129
1859	92	130
1860	94	130
1861	92	130
1862	90	129
1863	90	130
1864	90	130
1865	89	129
1866	93	130
1867	91	129
1868	91	129
1869	92	130
1870	94	130
1871	94	130
1872	98	130
1873	97	130
1874	100	130
1875	101	130
1876	103	130
1877	103	130
1878	103	130
1879	97	129
1880	94	130
1881	91	130
1882	88	130
1883	86	130
1884	87	129
1885	85	130
1886	87	130
1887	89	130
1888	91	130
1889	95	129
1890	98	130
1891	97	129
1892	98	129
1893	95	130
1894	92	130
1895	90	130
1896	88	130
1897	85	130
1898	88	130
1899	88	129
1900	89	130
1901	91	130
1902	92	130
1903	91	130
1904	93	130
1905	91	130
1906	91	130
1907	91	130
1908	91	130
1909	91	130
1910	94	130
1911	92	130
1912	93	129
1913	94	130
1914	93	130
1915	94	130
1916	95	129
1917	92	130
1918	93	129
1919	93	130
1920	92	130
1921	92	130
1922	93	130
1923	92	130
1924	93	130
1925	93	130
1926	92	130
1927	93	130
1928	92	130
1929	90	130
1930	92	129
1931	92	130
1932	91	130
1933	92	130
1934	92	130
1935	91	130
1936	93	130
1937	93	130
1938	92	129
1939	93	129
1940	92	129
1941	91	130
1942	91	130
1943	89	130
1944	89	130
1945	90	130
1946	90	130
1947	91	129
1948	93	130
1949	91	130
1950	92	130
1951	93	130
1952	93	130
1953	93	130
1954	94	130
1955	92	130
1956	92	130
1957	92	130
1958	91	130
1959	91	130
1960	91	129
1961	90	130
1962	93	129
1963	93	130
1964	92	130
1965	93	129
1966	93	130
1967	92	130
1968	93	130
1969	93	130
1970	92	129
1971	92	130
1972	92	130
1973	91	130
1974	92	130
1975	92	130
1976	91	130
1977	93	130
1978	92	130
1979	92	130
1980	93	130
1981	91	129
1982	91	130
1983	92	130
1984	91	130
1985	92	129
1986	93	130
1987	92	130
1988	92	129
1989	93	129
1990	92	130
1991	92	130
1992	92	130
1993	91	129
1994	91	130
1995	91	130
1996	89	129
1997	89	129
1998	89	130
1999	89	129
2000	91	129
2001	93	130
2002	93	130
2003	93	130
2004	93	130
2005	92	130
2006	91	130
2007	91	130
2008	90	130
2009	90	130
2010	90	130
2011	90	129
2012	91	130
2013	91	130
2014	90	130
2015	93	130
2016	93	130
2017	93	129
2018	94	130
2019	95	129
2020	93	130
2021	94	130
2022	93	130
2023	93	130
2024	93	129
2025	93	129
2026	92	130
2027	93	130
2028	91	130
2029	91	130
2030	91	129
2031	90	130
2032	89	130
2033	91	130
2034	89	130
2035	90	129
2036	92	129
2037	93	130
2038	93	130
2039	96	130
2040	95	130
2041	96	130
2042	95	130
2043	93	130
2044	92	130
2045	92	130
2046	90	130
2047	91	130
2048	92	130
2049	93	130
2050	93	130
2051	94	130
2052	92	130
2053	92	130
2054	92	130
2055	91	130
2056	91	129
2057	93	130
2058	91	130
2059	93	129
2060	94	130
2061	93	130
2062	94	130
2063	93	130
2064	92	130
2065	93	130
2066	92	130
2067	92	130
2068	92	129
2069	92	129
2070	91	130
2071	94	129
2072	94	130
2073	94	130
2074	94	129
2075	94	130
2076	93	129
2077	95	130
2078	93	130
2079	94	130
2080	94	129
2081	93	130
2082	93	130
2083	95	129
2084	92	129
2085	92	130
2086	93	130
2087	93	130
2088	93	130
2089	95	130
2090	93	130
2091	93	130
2092	94	130
2093	93	130
2094	93	130
2095	94	129
2096	92	130
2097	93	129
2098	93	130
2099	92	130
2100	92	130
2101	92	130
2102	90	130
2103	92	130
2104	93	130
2105	93	130
2106	95	129
2107	96	130
2108	95	130
2109	97	130
2110	95	130
2111	92	130
2112	91	130
2113	89	130
2114	88	130
2115	91	130
2116	91	130
2117	94	130
2118	98	130
2119	98	130
2120	95	130
2121	95	130
2122	91	130
2123	89	130
2124	91	130
2125	93	130
2126	95	129
2127	98	129
2128	98	129
2129	98	130
2130	97	130
2131	93	129
2132	91	130
2133	90	129
2134	89	130
2135	93	130
2136	97	129
2137	100	130
2138	104	130
2139	107	130
2140	106	130
2141	105	130
2142	101	130
2143	95	130
2144	91	130
2145	88	130
2146	86	130
2147	87	130
2148	88	130
2149	91	130
2150	97	130
2151	105	130
2152	112	130
2153	113	130
2154	106	130
2155	98	130
2156	92	129
2157	88	130
2158	86	130
2159	86	130
2160	86	129
2161	86	130
2162	88	129
2163	90	129
2164	89	129
2165	88	129
2166	90	130
2167	91	130
2168	91	130
2169	91	130
2170	93	130
2171	93	129
2172	93	130
2173	93	130
2174	94	130
2175	93	130
2176	93	130
2177	94	130
2178	93	130
2179	93	130
2180	94	130
2181	95	130
2182	97	130
2183	99	130
2184	101	130
2185	103	129
2186	105	130
2187	104	130
2188	104	130
2189	101	129
2190	97	130
2191	93	130
2192	90	129
2193	87	130
2194	87	130
2195	87	130
2196	88	129
2197	90	130
2198	93	130
2199	94	130
2200	95	130
2201	94	130
2202	93	129
2203	91	130
2204	87	130
2205	85	130
2206	85	130
2207	84	130
2208	84	129
2209	85	130
2210	88	130
2211	92	129
2212	99	130
2213	93	130
2214	83	130
2215	87	130
2216	93	130
2217	104	129
2218	114	130
2219	105	130
2220	93	130
2221	89	130
2222	87	130
2223	87	129
2224	89	129
2225	89	130
2226	91	130
2227	92	130
2228	93	130
2229	93	130
2230	94	130
2231	91	130
2232	90	130
2233	89	130
2234	89	130
2235	88	130
2236	88	129
2237	87	130
2238	91	130
2239	93	130
2240	94	130
2241	96	130
2242	96	130
2243	92	130
2244	93	130
2245	92	130
2246	91	130
2247	91	130
2248	92	130
2249	92	130
2250	94	130
2251	93	129
2252	95	130
2253	96	130
2254	97	130
2255	98	130
2256	101	130
2257	98	130
2258	96	130
2259	95	130
2260	93	129
2261	91	130
2262	92	129
2263	89	130
2264	85	130
2265	81	129
2266	73	129
2267	68	130
2268	63	130
2269	60	130
2270	61	130
2271	60	130
2272	59	129
2273	60	130
2274	60	129
2275	58	129
2276	60	129
2277	59	130
2278	59	130
2279	59	130
2280	58	130
2281	57	130
2282	59	130
2283	57	130
2284	57	130
2285	58	130
2286	58	130
2287	59	129
2288	155	130
2289	235	130
2290	111	130
2291	87	130
2292	74	130
2293	69	130
2294	69	129
2295	67	130
2296	71	130
2297	80	130
2298	95	130
2299	116	130
2300	134	130
2301	131	130
2302	114	130
2303	97	130
2304	85	130
2305	77	130
2306	74	130
2307	71	130
2308	73	130
2309	75	130
2310	79	129
2311	87	130
2312	98	130
2313	107	130
2314	113	130
2315	105	130
2316	97	130
2317	92	130
2318	87	130
2319	84	130
2320	84	130
2321	84	130
2322	86	130
2323	90	130
2324	94	129
2325	98	130
2326	101	130
2327	99	130
2328	95	130
2329	93	130
2330	89	130
2331	85	130
2332	85	130
2333	84	130
2334	84	130
2335	87	130
2336	90	130
2337	94	129
2338	98	130
2339	100	130
2340	99	130
2341	98	130
2342	94	129
2343	91	129
2344	88	130
2345	85	130
2346	84	130
2347	86	130
2348	87	130
2349	89	130
2350	93	130
2351	95	130
2352	97	130
2353	99	130
2354	98	129
2355	95	130
2356	93	129
2357	90	130
2358	88	130
2359	87	130
2360	86	130
2361	88	130
2362	90	130
2363	93	130
2364	96	130
2365	98	129
2366	97	130
2367	96	130
2368	95	130
2369	92	130
2370	90	130
2371	89	130
2372	87	130
2373	87	130
2374	88	130
2375	89	130
2376	92	130
2377	94	130
2378	95	130
2379	97	130
2380	96	130
2381	94	130
2382	92	129
2383	90	130
2384	87	130
2385	89	130
2386	89	130
2387	90	130
2388	92	130
2389	93	130
2390	92	130
2391	92	130
2392	91	130
2393	91	130
2394	92	130
2395	92	130
2396	92	130
2397	94	130
2398	91	130
2399	91	130
2400	91	130
2401	91	130
2402	91	130
2403	92	129
2404	91	130
2405	92	130
2406	92	130
2407	93	130
2408	93	130
2409	93	130
2410	91	130
2411	91	130
2412	90	129
2413	88	130
2414	88	130
2415	88	130
2416	88	130
2417	91	130
2418	92	130
2419	93	130
2420	95	129
2421	96	130
2422	94	130
2423	95	130
2424	94	130
2425	93	130
2426	92	130
2427	91	130
2428	91	130
2429	93	129
2430	91	130
2431	90	130
2432	90	129
2433	90	130
2434	90	130
2435	92	130
2436	91	130
2437	92	129
2438	93	130
2439	93	130
2440	93	130
2441	94	130
2442	94	129
2443	94	130
2444	94	130
2445	94	130
2446	93	130
2447	93	130
2448	91	130
2449	92	130
2450	92	130
2451	91	130
2452	91	130
2453	91	130
2454	91	130
2455	92	130
2456	93	129
2457	93	130
2458	94	130
2459	94	130
2460	93	130
2461	94	130
2462	94	130
2463	93	130
2464	93	130
2465	93	130
2466	93	130
2467	93	130
2468	92	130
2469	91	130
2470	92	130
2471	92	130
2472	93	130
2473	95	130
2474	96	129
2475	95	130
2476	95	130
2477	95	130
2478	94	130
2479	93	130
2480	93	130
2481	91	130
2482	91	130
2483	91	129
2484	91	130
2485	93	130
2486	92	130
2487	92	130
2488	93	130
2489	92	130
2490	93	130
2491	94	130
2492	95	130
2493	95	130
2494	96	130
2495	96	130
2496	95	129
2497	93	130
2498	92	130
2499	91	130
2500	91	130
2501	91	130
2502	91	130
2503	93	130
2504	94	130
2505	96	130
2506	97	130
2507	96	130
2508	95	130
2509	95	130
2510	94	130
2511	93	130
2512	93	130
2513	90	130
2514	90	130
2515	90	129
2516	89	130
2517	87	130
2518	88	130
2519	90	130
2520	96	130
2521	102	130
2522	105	130
2523	103	130
2524	96	130
2525	91	130
2526	89	130
2527	89	130
2528	91	130
2529	93	130
2530	98	130
2531	103	129
2532	110	129
2533	113	129
2534	112	130
2535	105	130
2536	98	130
2537	91	130
2538	88	130
2539	86	130
2540	87	130
2541	92	130
2542	99	130
2543	105	130
2544	104	130
2545	99	130
2546	93	130
2547	89	130
2548	87	130
2549	86	130
2550	87	130
2551	87	130
2552	89	130
2553	90	130
2554	91	130
2555	91	130
2556	92	130
2557	89	130
2558	89	130
2559	90	130
2560	91	130
2561	91	130
2562	92	130
2563	92	130
2564	94	130
2565	95	130
2566	96	130
2567	96	130
2568	95	130
2569	95	130
2570	95	130
2571	94	130
2572	95	130
2573	97	130
2574	100	129
2575	103	130
2576	106	130
2577	106	130
2578	104	130
2579	101	130
2580	96	130
2581	92	130
2582	90	130
2583	88	130
2584	87	130
2585	87	130
2586	87	130
2587	89	130
2588	91	130
2589	92	130
2590	93	130
2591	94	130
2592	92	130
2593	91	130
2594	89	130
2595	87	130
2596	86	130
2597	87	130
2598	87	130
2599	87	130
2600	87	130
2601	88	130
2602	88	130
2603	90	130
2604	93	130
2605	98	130
2606	105	129
2607	86	130
2608	77	130
2609	79	129
2610	87	130
2611	101	130
2612	114	130
2613	116	130
2614	109	130
2615	98	130
2616	89	130
2617	84	130
2618	82	130
2619	81	130
2620	84	130
2621	88	130
2622	89	130
2623	89	130
2624	91	130
2625	92	130
2626	93	130
2627	93	129
2628	92	130
2629	93	130
2630	92	130
2631	91	130
2632	91	130
2633	91	130
2634	90	130
2635	91	129
2636	91	130
2637	90	130
2638	91	130
2639	93	130
2640	95	130
2641	96	130
2642	95	130
2643	94	130
2644	94	130
2645	94	130
2646	95	130
2647	97	130
2648	98	130
2649	99	129
2650	100	130
2651	99	129
2652	97	129
2653	95	130
2654	92	130
2655	89	130
2656	88	130
2657	88	130
2658	89	130
2659	91	130
2660	92	130
2661	94	130
2662	95	130
2663	95	130
2664	94	130
2665	93	130
2666	91	130
2667	90	130
2668	90	130
2669	89	129
2670	89	130
2671	90	130
2672	89	130
2673	91	129
2674	92	130
2675	93	130
2676	93	130
2677	94	130
2678	93	130
2679	93	130
2680	92	129
2681	92	129
2682	91	130
2683	91	130
2684	92	130
2685	93	129
2686	93	130
2687	93	130
2688	94	129
2689	94	130
2690	93	130
2691	93	129
2692	92	130
2693	91	130
2694	91	130
2695	91	130
2696	92	130
2697	93	130
2698	93	130
2699	93	130
2700	94	130
2701	94	130
2702	93	129
2703	93	130
2704	91	130
2705	90	130
2706	91	130
2707	90	130
2708	90	130
2709	90	129
2710	90	130
2711	90	130
2712	91	130
2713	92	130
2714	92	130
2715	92	130
2716	92	130
2717	92	130
2718	92	130
2719	91	130
2720	91	130
2721	91	130
2722	91	130
2723	92	130
2724	92	130
2725	91	130
2726	91	130
2727	92	130
2728	92	130
2729	92	130
2730	93	130
2731	92	130
2732	93	130
2733	92	130
2734	93	129
2735	93	130
2736	93	130
2737	92	130
2738	93	130
2739	93	130
2740	93	129
2741	93	130
2742	91	130
2743	90	129
2744	91	130
2745	91	130
2746	91	130
2747	91	130
2748	91	130
2749	91	130
2750	92	130
2751	92	130
2752	92	129
2753	92	130
2754	89	130
2755	84	130
2756	78	130
2757	70	130
2758	65	130
2759	62	129
2760	61	130
2761	60	130
2762	61	130
2763	59	130
2764	60	130
2765	60	130
2766	60	130
2767	59	130
2768	59	130
2769	58	130
2770	58	130
2771	58	130
2772	58	130
2773	58	130
2774	58	130
2775	57	129
2776	58	130
2777	59	130
2778	61	130
2779	133	130
2780	69	130
2781	65	130
2782	67	130
2783	72	130
2784	85	130
2785	107	130
2786	133	130
2787	138	130
2788	118	130
2789	97	130
2790	83	130
2791	75	130
2792	72	130
2793	70	130
2794	71	130
2795	73	130
2796	77	130
2797	87	130
2798	99	130
2799	113	130
2800	119	130
2801	113	130
2802	100	130
2803	89	130
2804	82	130
2805	78	130
2806	76	130
2807	76	130
2808	78	130
2809	83	130
2810	91	130
2811	101	130
2812	109	130
2813	111	130
2814	106	130
2815	99	130
2816	91	129
2817	84	130
2818	81	130
2819	79	130
2820	79	129
2821	83	130
2822	88	129
2823	95	129
2824	101	130
2825	104	130
2826	102	130
2827	98	129
2828	92	129
2829	88	129
2830	85	129
2831	85	130
2832	86	130
2833	89	130
2834	92	130
2835	97	130
2836	100	130
2837	102	130
2838	100	130
2839	98	130
2840	93	130
2841	89	130
2842	87	130
2843	87	130
2844	87	129
2845	89	130
2846	91	130
2847	95	129
2848	98	130
2849	100	130
2850	99	130
2851	95	130
2852	90	130
2853	88	129
2854	87	130
2855	87	129
2856	88	130
2857	90	130
2858	92	130
2859	96	130
2860	97	130
2861	97	130
2862	96	130
2863	94	130
2864	92	130
2865	90	130
2866	88	130
2867	88	130
2868	88	129
2869	90	130
2870	93	130
2871	96	130
2872	97	129
2873	98	129
2874	98	130
2875	96	130
2876	94	130
2877	93	130
2878	91	129
2879	90	130
2880	90	130
2881	90	130
2882	91	130
2883	93	130
2884	94	130
2885	96	130
2886	97	130
2887	96	130
2888	96	129
2889	95	130
2890	91	129
2891	91	130
2892	91	130
2893	91	130
2894	92	130
2895	93	130
2896	93	130
2897	95	129
2898	95	129
2899	95	130
2900	94	130
2901	93	130
2902	92	130
2903	91	130
2904	90	130
2905	86	129
2906	85	130
2907	86	130
2908	90	130
2909	97	129
2910	104	130
2911	108	130
2912	109	130
2913	109	130
2914	108	130
2915	106	130
2916	104	130
2917	99	130
2918	96	130
2919	93	130
2920	92	130
2921	92	130
2922	92	129
2923	93	130
2924	96	129
2925	94	130
2926	91	130
2927	89	130
2928	88	130
2929	88	130
2930	90	129
2931	90	130
2932	89	130
2933	88	129
2934	87	130
2935	87	130
2936	88	130
2937	89	129
2938	90	129
2939	89	130
2940	89	129
2941	90	129
2942	93	129
2943	95	130
2944	97	129
2945	97	130
2946	97	129
2947	97	130
2948	99	130
2949	98	130
2950	97	129
2951	97	130
2952	98	130
2953	99	129
2954	102	129
2955	101	130
2956	102	129
2957	101	129
2958	97	129
2959	94	130
2960	91	129
2961	88	130
2962	87	130
2963	88	130
2964	88	130
2965	89	130
2966	90	129
2967	90	130
2968	91	130
2969	91	129
2970	91	130
2971	90	130
2972	89	130
2973	89	130
2974	89	129
2975	89	130
2976	88	130
2977	89	130
2978	89	130
2979	89	130
2980	90	130
2981	91	130
2982	96	130
2983	106	130
2984	82	130
2985	86	130
2986	98	130
2987	110	129
2988	115	130
2989	109	129
2990	99	129
2991	89	130
2992	83	130
2993	79	130
2994	79	130
2995	81	130
2996	85	130
2997	89	130
2998	93	129
2999	95	130
3000	96	129
3001	95	130
3002	91	129
3003	88	130
3004	87	130
3005	87	129
3006	89	130
3007	93	129
3008	94	130
3009	94	130
3010	92	130
3011	90	130
3012	89	129
3013	89	130
3014	90	130
3015	93	130
3016	94	130
3017	93	130
3018	91	130
3019	90	130
3020	89	130
3021	90	130
3022	91	130
3023	91	130
3024	92	130
3025	94	130
3026	94	130
3027	95	130
3028	97	129
3029	97	130
3030	98	130
3031	99	130
3032	100	130
3033	102	129
3034	101	130
3035	100	129
3036	97	130
3037	94	130
3038	90	130
3039	89	130
3040	88	129
3041	87	130
3042	88	130
3043	89	130
3044	90	130
3045	93	130
3046	95	130
3047	96	130
3048	95	130
3049	95	130
3050	92	130
3051	92	130
3052	89	130
3053	89	130
3054	89	130
3055	89	130
3056	90	130
3057	93	130
3058	93	130
3059	93	130
3060	93	129
3061	92	130
3062	91	130
3063	92	130
3064	91	130
3065	91	130
3066	91	130
3067	92	130
3068	93	129
3069	93	130
3070	93	130
3071	94	130
3072	94	130
3073	94	130
3074	93	130
3075	93	129
3076	92	130
3077	92	129
3078	93	130
3079	93	130
3080	93	130
3081	93	130
3082	93	130
3083	93	130
3084	93	130
3085	92	130
3086	92	130
3087	91	130
3088	91	129
3089	91	130
3090	91	130
3091	90	130
3092	90	129
3093	91	130
3094	91	130
3095	91	130
3096	92	129
3097	91	129
3098	91	130
3099	90	130
3100	91	130
3101	91	130
3102	91	129
3103	91	130
3104	91	130
3105	91	130
3106	91	130
3107	91	129
3108	91	130
3109	91	130
3110	92	130
3111	92	130
3112	92	130
3113	91	130
3114	91	130
3115	91	130
3116	92	130
3117	93	130
3118	93	130
3119	93	130
3120	93	129
3121	93	129
3122	93	129
3123	93	129
3124	93	130
3125	93	130
3126	93	130
3127	94	130
3128	95	130
3129	93	130
3130	93	130
3131	93	130
3132	92	130
3133	91	130
3134	91	130
3135	89	130
3136	89	130
3137	89	130
3138	90	129
3139	91	129
3140	93	130
3141	93	129
3142	95	130
3143	95	130
3144	93	130
3145	92	130
3146	91	130
3147	88	130
3148	89	130
3149	90	129
3150	90	130
3151	91	130
3152	93	130
3153	93	130
3154	95	130
3155	95	129
3156	94	130
3157	93	130
3158	91	130
3159	90	130
3160	90	130
3161	89	130
3162	89	130
3163	91	130
3164	92	130
3165	94	130
3166	96	130
3167	96	130
3168	95	130
3169	95	130
3170	93	130
3171	91	130
3172	91	129
3173	89	129
3174	89	129
3175	89	130
3176	90	129
3177	91	130
3178	92	130
3179	92	130
3180	93	130
3181	94	130
3182	94	130
3183	94	130
3184	94	130
3185	93	130
3186	94	130
3187	94	130
3188	93	130
3189	89	130
3190	88	129
3191	87	130
3192	88	130
3193	91	130
3194	94	130
3195	97	129
3196	97	130
3197	97	130
3198	95	130
3199	94	130
3200	91	130
3201	90	130
3202	90	130
3203	90	130
3204	92	129
3205	93	130
3206	93	130
3207	94	130
3208	95	130
3209	94	130
3210	93	130
3211	93	130
3212	92	130
3213	91	130
3214	91	130
3215	91	130
3216	92	130
3217	93	130
3218	92	130
3219	93	130
3220	93	130
3221	94	130
3222	94	130
3223	95	129
3224	94	130
3225	95	130
3226	95	129
3227	94	130
3228	93	130
3229	91	130
3230	90	130
3231	91	130
3232	92	130
3233	92	130
3234	91	129
3235	92	130
3236	93	130
3237	95	130
3238	96	129
3239	96	130
3240	97	129
3241	96	130
3242	95	129
3243	95	130
3244	92	130
3245	87	130
3246	81	130
3247	73	129
3248	67	130
3249	64	130
3250	61	130
3251	61	130
3252	60	130
3253	59	129
3254	60	130
3255	60	129
3256	58	130
3257	59	130
3258	60	130
3259	59	129
3260	58	130
3261	58	130
3262	57	130
3263	58	130
3264	58	130
3265	58	130
3266	58	130
3267	58	130
3268	58	130
3269	59	130
3270	70	129
3271	195	130
3272	170	130
3273	127	130
3274	94	130
3275	81	130
3276	74	130
3277	71	130
3278	70	130
3279	73	130
3280	78	130
3281	89	130
3282	104	130
3283	119	130
3284	121	130
3285	111	129
3286	97	130
3287	89	130
3288	83	130
3289	80	130
3290	80	129
3291	81	130
3292	85	130
3293	89	130
3294	91	130
3295	93	130
3296	93	130
3297	91	130
3298	89	129
3299	89	130
3300	90	130
3301	89	130
3302	91	130
3303	92	130
3304	92	130
3305	91	130
3306	91	130
3307	91	130
3308	93	129
3309	93	130
3310	94	129
3311	95	130
3312	97	129
3313	99	129
3314	102	129
3315	102	130
3316	102	129
3317	101	130
3318	100	129
3319	98	130
3320	97	130
3321	93	130
3322	91	129
3323	90	129
3324	89	130
3325	89	130
3326	89	129
3327	89	130
3328	91	130
3329	92	130
3330	92	130
3331	92	130
3332	91	130
3333	89	130
3334	89	129
3335	88	130
3336	88	130
3337	88	130
3338	88	130
3339	89	130
3340	95	130
3341	103	130
3342	111	130
3343	113	130
3344	107	129
3345	97	130
3346	90	130
3347	84	130
3348	81	130
3349	81	130
3350	83	130
3351	85	130
3352	89	130
3353	90	130
3354	89	130
3355	90	130
3356	91	130
3357	90	130
3358	90	130
3359	88	130
3360	87	130
3361	88	130
3362	91	130
3363	94	130
3364	94	130
3365	94	130
3366	93	129
3367	93	130
3368	91	130
3369	90	129
3370	90	130
3371	89	130
3372	89	130
3373	90	129
3374	89	130
3375	89	129
3376	91	129
3377	93	129
3378	95	129
3379	99	130
3380	101	130
3381	102	130
3382	102	130
3383	100	129
3384	98	130
3385	96	130
3386	93	129
3387	91	130
3388	90	129
3389	89	129
3390	89	130
3391	90	129
3392	90	130
3393	91	130
3394	93	130
3395	94	130
3396	95	130
3397	95	130
3398	94	130
3399	94	130
3400	93	130
3401	92	130
3402	90	130
3403	90	129
3404	89	130
3405	89	130
3406	89	130
3407	89	130
3408	91	130
3409	91	130
3410	91	130
3411	94	130
3412	95	130
3413	95	130
3414	94	130
3415	93	130
3416	91	130
3417	91	130
3418	90	130
3419	90	130
3420	90	130
3421	91	129
3422	92	130
3423	94	130
3424	93	130
3425	94	130
3426	94	130
3427	93	130
3428	93	130
3429	93	130
3430	91	130
3431	90	129
3432	90	130
3433	90	130
3434	91	130
3435	92	130
3436	91	130
3437	92	130
3438	93	130
3439	92	130
3440	92	130
3441	92	130
3442	91	130
3443	92	130
3444	92	130
3445	92	130
3446	91	130
3447	91	129
3448	90	129
3449	90	130
3450	91	130
3451	91	130
3452	92	130
3453	93	129
3454	94	130
3455	95	130
3456	95	130
3457	94	130
3458	93	130
3459	92	130
3460	91	130
3461	91	130
3462	90	130
3463	89	130
3464	90	129
3465	91	129
3466	91	130
3467	93	130
3468	93	130
3469	93	130
3470	93	130
3471	92	130
3472	92	130
3473	91	130
3474	90	130
3475	90	130
3476	90	130
3477	90	130
3478	90	130
3479	91	130
3480	91	129
3481	92	130
3482	93	130
3483	94	130
3484	93	130
3485	93	130
3486	92	130
3487	90	130
3488	90	130
3489	90	130
3490	91	130
3491	91	130
3492	92	130
3493	92	130
3494	93	130
3495	93	130
3496	93	130
3497	92	129
3498	91	130
3499	91	130
3500	91	129
3501	90	130
3502	90	129
3503	91	130
3504	92	130
3505	93	130
3506	95	130
3507	94	130
3508	95	130
3509	95	130
3510	94	130
3511	94	130
3512	93	130
3513	91	130
3514	90	130
3515	89	129
3516	89	130
3517	90	129
3518	90	130
3519	90	130
3520	91	130
3521	93	130
3522	94	130
3523	94	129
3524	95	130
3525	95	130
3526	95	130
3527	94	130
3528	92	130
3529	89	130
3530	88	130
3531	88	130
3532	90	129
3533	91	130
3534	94	130
3535	95	130
3536	96	130
3537	96	130
3538	95	130
3539	93	130
3540	91	129
3541	90	130
3542	89	130
3543	90	130
3544	92	129
3545	93	129
3546	94	130
3547	95	130
3548	97	130
3549	97	130
3550	97	130
3551	95	130
3552	94	130
3553	93	130
3554	92	130
3555	91	129
3556	91	130
3557	91	129
3558	92	130
3559	94	130
3560	95	130
3561	95	130
3562	96	130
3563	95	129
3564	94	129
3565	94	129
3566	92	129
3567	91	130
3568	89	130
3569	88	129
3570	89	129
3571	90	130
3572	91	130
3573	94	129
3574	96	129
3575	97	130
3576	98	130
3577	99	130
3578	96	130
3579	94	130
3580	91	130
3581	90	130
3582	90	130
3583	91	130
3584	91	130
3585	92	130
3586	93	130
3587	93	130
3588	93	130
3589	93	130
3590	93	129
3591	95	129
3592	96	129
3593	97	130
3594	97	130
3595	96	130
3596	93	130
3597	92	130
3598	90	130
3599	89	130
3600	89	129
3601	91	129
3602	93	130
3603	96	130
3604	98	130
3605	99	130
3606	97	130
3607	94	130
3608	92	129
3609	93	130
3610	92	129
3611	91	129
3612	91	129
3613	91	129
3614	89	129
3615	91	130
3616	93	130
3617	96	130
3618	101	130
3619	104	130
3620	104	130
3621	104	130
3622	102	130
3623	100	130
3624	99	130
3625	98	130
3626	96	130
3627	94	129
3628	91	130
3629	90	130
3630	89	130
3631	88	130
3632	88	130
3633	89	130
3634	88	130
3635	91	130
3636	95	129
3637	100	130
3638	107	130
3639	117	130
3640	123	130
3641	115	130
3642	101	130
3643	90	130
3644	85	130
3645	84	129
3646	85	129
3647	87	129
3648	89	129
3649	89	129
3650	90	129
3651	92	130
3652	93	129
3653	93	129
3654	92	130
3655	91	130
3656	92	130
3657	93	130
3658	94	129
3659	94	130
3660	93	129
3661	93	130
3662	93	130
3663	93	130
3664	93	130
3665	93	130
3666	93	130
3667	93	130
3668	96	130
3669	99	130
3670	101	129
3671	104	130
3672	105	130
3673	104	130
3674	104	130
3675	102	130
3676	99	130
3677	96	130
3678	93	130
3679	91	129
3680	89	130
3681	88	130
3682	89	130
3683	89	130
3684	90	130
3685	91	130
3686	93	130
3687	92	129
3688	92	130
3689	91	130
3690	90	130
3691	88	130
3692	88	130
3693	85	129
3694	85	129
3695	85	130
3696	87	130
3697	90	129
3698	93	130
3699	90	130
3700	84	130
3701	88	130
3702	91	130
3703	97	130
3704	104	130
3705	108	130
3706	110	130
3707	105	130
3708	96	130
3709	89	129
3710	83	130
3711	79	129
3712	79	129
3713	81	129
3714	83	129
3715	88	129
3716	93	129
3717	93	130
3718	92	130
3719	91	130
3720	92	130
3721	95	130
3722	95	130
3723	93	130
3724	91	130
3725	88	130
3726	88	130
3727	92	130
3728	96	130
3729	97	130
3730	97	130
3731	95	130
3732	92	130
3733	93	130
3734	93	130
3735	92	130
3736	88	130
3737	82	129
3738	75	130
3739	69	130
3740	64	129
3741	62	130
3742	61	130
3743	59	129
3744	59	130
3745	60	130
3746	60	130
3747	59	130
3748	60	130
3749	59	130
3750	59	130
3751	58	130
3752	57	130
3753	58	130
3754	58	130
3755	58	130
3756	59	130
3757	59	130
3758	58	130
3759	77	130
3760	254	130
3761	158	130
3762	95	129
3763	78	130
3764	68	130
3765	65	130
3766	64	130
3767	63	130
3768	64	130
3769	69	129
3770	81	130
3771	103	130
3772	132	130
3773	147	130
3774	131	130
3775	106	130
3776	86	129
3777	77	130
3778	71	130
3779	69	130
3780	68	130
3781	69	130
3782	72	130
3783	82	130
3784	95	130
3785	110	129
3786	119	130
3787	115	130
3788	102	129
3789	92	130
3790	84	130
3791	79	130
3792	78	129
3793	78	130
3794	81	129
3795	87	130
3796	93	130
3797	100	130
3798	105	130
3799	104	129
3800	100	129
3801	96	130
3802	90	130
3803	86	130
3804	85	130
3805	85	130
3806	86	130
3807	90	130
3808	93	129
3809	97	129
3810	100	130
3811	100	130
3812	99	130
3813	95	130
3814	91	130
3815	89	130
3816	87	130
3817	85	130
3818	86	129
3819	87	129
3820	89	130
3821	93	130
3822	97	129
3823	98	130
3824	98	130
3825	96	130
3826	93	130
3827	90	130
3828	88	130
3829	86	130
3830	86	130
3831	87	130
3832	88	130
3833	91	130
3834	93	130
3835	94	130
3836	95	130
3837	93	130
3838	92	130
3839	91	130
3840	91	130
3841	89	130
3842	90	130
3843	91	130
3844	91	130
3845	93	130
3846	95	130
3847	94	130
3848	95	130
3849	94	130
3850	92	130
3851	90	130
3852	89	130
3853	86	130
3854	88	130
3855	89	130
3856	91	130
3857	94	130
3858	96	130
3859	96	130
3860	99	130
3861	97	129
3862	95	130
3863	92	130
3864	90	130
3865	87	130
3866	88	130
3867	87	130
3868	89	130
3869	91	130
3870	93	130
3871	94	130
3872	97	130
3873	95	130
3874	93	129
3875	93	130
3876	91	130
3877	90	129
3878	90	130
3879	88	129
3880	88	130
3881	90	130
3882	91	130
3883	93	130
3884	95	130
3885	95	130
3886	95	130
3887	95	130
3888	93	129
3889	92	130
3890	91	130
3891	88	130
3892	89	129
3893	90	130
3894	90	130
3895	91	130
3896	92	130
3897	91	130
3898	93	130
3899	94	129
3900	93	130
3901	92	129
3902	91	130
3903	89	130
3904	89	130
3905	89	130
3906	89	130
3907	89	130
3908	91	130
3909	92	130
3910	94	130
3911	95	130
3912	94	130
3913	95	130
3914	94	130
3915	93	130
3916	93	130
3917	92	130
3918	89	129
3919	89	130
3920	89	129
3921	90	130
3922	92	130
3923	94	130
3924	96	130
3925	98	130
3926	97	129
3927	95	130
3928	93	130
3929	90	130
3930	87	130
3931	88	129
3932	87	130
3933	89	130
3934	92	130
3935	95	130
3936	95	130
3937	98	130
3938	96	129
3939	94	130
3940	91	130
3941	90	130
3942	88	130
3943	89	130
3944	89	130
3945	91	130
3946	93	130
3947	94	130
3948	95	130
3949	97	130
3950	95	129
3951	93	130
3952	93	130
3953	91	130
3954	91	129
3955	92	129
3956	91	129
3957	93	129
3958	95	130
3959	96	130
3960	97	130
3961	98	130
3962	95	130
3963	95	130
3964	93	130
3965	91	130
3966	90	130
3967	90	130
3968	87	130
3969	88	130
3970	89	130
3971	90	130
3972	94	130
3973	98	130
3974	99	130
3975	101	130
3976	100	130
3977	96	130
3978	93	130
3979	89	130
3980	86	130
3981	86	130
3982	87	130
3983	89	129
3984	93	130
3985	96	130
3986	98	130
3987	100	130
3988	98	130
3989	95	130
3990	95	130
3991	93	130
3992	91	130
3993	92	130
3994	91	130
3995	91	130
3996	92	130
3997	93	130
3998	94	130
3999	95	130
4000	93	130
4001	89	130
4002	89	130
4003	89	130
4004	93	129
4005	95	130
4006	95	130
4007	93	129
4008	96	130
4009	96	130
4010	97	129
4011	96	130
4012	95	130
4013	92	130
4014	93	130
4015	92	130
4016	93	130
4017	95	130
4018	97	130
4019	99	130
4020	103	130
4021	103	130
4022	105	130
4023	104	130
4024	101	130
4025	97	130
4026	95	130
4027	91	130
4028	91	130
4029	92	129
4030	93	130
4031	94	129
4032	96	130
4033	93	130
4034	93	130
4035	91	130
4036	89	130
4037	87	130
4038	87	129
4039	84	130
4040	87	130
4041	89	130
4042	91	130
4043	91	130
4044	90	129
4045	89	130
4046	89	130
4047	89	130
4048	89	130
4049	91	130
4050	91	130
4051	91	129
4052	93	130
4053	94	130
4054	94	129
4055	95	130
4056	95	129
4057	95	130
4058	98	130
4059	98	130
4060	99	129
4061	101	129
4062	103	130
4063	103	130
4064	104	130
4065	101	130
4066	97	129
4067	95	130
4068	92	130
4069	90	130
4070	91	130
4071	90	130
4072	90	130
4073	93	129
4074	93	130
4075	94	130
4076	95	130
4077	94	129
4078	92	130
4079	91	130
4080	88	129
4081	87	129
4082	86	130
4083	85	130
4084	85	130
4085	88	130
4086	88	130
4087	89	129
4088	91	130
4089	95	130
4090	99	129
4091	89	130
4092	78	130
4093	83	130
4094	93	130
4095	106	130
