
TIME STEP:
125 = 20us

VOLTAGE STEP:
CH1:  32 = 0.15V
CH2:  32 = 5V
GND	58	128
N	CH1	CH2

0	119	129
1	118	129
2	117	129
3	115	129
4	113	129
5	113	129
6	112	129
7	110	129
8	109	129
9	108	129
10	108	129
11	106	129
12	105	129
13	104	129
14	104	129
15	103	129
16	101	129
17	101	129
18	100	129
19	99	129
20	98	129
21	98	129
22	97	129
23	96	129
24	96	129
25	95	129
26	95	129
27	95	129
28	94	129
29	93	129
30	93	129
31	93	129
32	93	129
33	93	129
34	92	129
35	91	129
36	91	129
37	92	129
38	92	129
39	91	129
40	90	129
41	90	129
42	91	129
43	92	130
44	91	129
45	91	129
46	90	129
47	91	129
48	92	129
49	92	129
50	91	129
51	91	129
52	92	129
53	93	129
54	93	129
55	92	129
56	92	129
57	93	129
58	94	129
59	94	129
60	94	129
61	94	129
62	94	129
63	95	129
64	95	129
65	96	129
66	96	129
67	96	129
68	97	129
69	98	129
70	98	129
71	98	129
72	99	129
73	99	129
74	100	129
75	100	129
76	100	129
77	101	129
78	102	129
79	102	129
80	102	129
81	103	129
82	103	129
83	104	129
84	105	129
85	105	129
86	105	129
87	106	129
88	106	129
89	106	129
90	107	129
91	107	129
92	108	129
93	108	129
94	108	129
95	108	129
96	109	129
97	109	129
98	109	129
99	108	129
100	109	129
101	110	129
102	110	129
103	109	129
104	108	129
105	109	129
106	109	129
107	109	129
108	109	129
109	107	129
110	107	129
111	107	129
112	108	129
113	107	129
114	105	129
115	103	129
116	103	129
117	102	129
118	101	129
119	99	129
120	98	129
121	97	129
122	96	129
123	95	129
124	94	129
125	94	129
126	93	129
127	93	129
128	92	129
129	92	129
130	92	129
131	91	129
132	91	129
133	91	129
134	91	129
135	90	129
136	90	129
137	91	129
138	91	129
139	91	129
140	90	129
141	91	129
142	91	129
143	91	129
144	91	129
145	91	129
146	91	129
147	92	129
148	92	129
149	92	129
150	93	129
151	93	129
152	93	129
153	93	129
154	94	129
155	94	129
156	95	129
157	95	129
158	95	129
159	96	129
160	96	129
161	97	129
162	97	129
163	97	129
164	97	129
165	100	129
166	100	129
167	99	129
168	99	129
169	100	129
170	101	129
171	102	129
172	102	129
173	101	129
174	102	129
175	103	129
176	105	129
177	105	129
178	104	129
179	104	129
180	106	129
181	107	129
182	106	130
183	106	129
184	107	129
185	107	129
186	108	129
187	108	129
188	108	129
189	108	129
190	108	129
191	108	130
192	109	130
193	109	130
194	109	129
195	108	129
196	108	129
197	108	129
198	109	129
199	108	129
200	107	129
201	108	129
202	107	129
203	107	129
204	106	129
205	106	129
206	106	130
207	106	129
208	105	129
209	105	129
210	104	129
211	103	129
212	103	129
213	102	129
214	102	129
215	101	129
216	101	129
217	101	129
218	100	129
219	100	129
220	99	129
221	99	129
222	99	130
223	98	130
224	98	129
225	98	129
226	97	130
227	96	129
228	96	129
229	97	129
230	97	129
231	95	129
232	95	129
233	95	129
234	96	129
235	96	130
236	95	130
237	94	129
238	94	129
239	95	129
240	95	129
241	94	129
242	93	129
243	94	130
244	94	129
245	95	129
246	94	130
247	93	129
248	94	129
249	94	129
250	94	130
251	94	129
252	93	129
253	93	129
254	93	129
255	93	129
256	93	129
257	93	129
258	93	129
259	92	129
260	92	129
261	92	129
262	91	129
263	91	129
264	90	129
265	91	129
266	91	129
267	90	129
268	90	129
269	90	129
270	91	129
271	91	129
272	91	129
273	91	129
274	91	129
275	92	129
276	92	129
277	93	129
278	93	129
279	94	129
280	94	129
281	95	129
282	95	129
283	96	129
284	97	129
285	97	129
286	98	129
287	99	129
288	100	129
289	101	129
290	101	129
291	101	129
292	103	129
293	105	129
294	105	129
295	104	129
296	104	129
297	106	129
298	108	129
299	109	129
300	109	129
301	108	129
302	109	129
303	111	129
304	112	129
305	112	129
306	111	130
307	112	129
308	113	129
309	114	129
310	114	129
311	114	129
312	114	129
313	115	129
314	115	129
315	115	129
316	115	129
317	115	129
318	115	129
319	115	129
320	115	129
321	115	129
322	114	129
323	114	129
324	113	130
325	114	130
326	113	130
327	112	130
328	111	129
329	112	130
330	111	129
331	111	129
332	110	129
333	109	129
334	109	129
335	109	129
336	108	129
337	107	129
338	107	129
339	106	129
340	105	129
341	105	130
342	104	129
343	103	129
344	103	129
345	102	129
346	102	130
347	101	130
348	100	129
349	100	129
350	99	129
351	99	129
352	99	129
353	98	129
354	97	129
355	96	130
356	97	129
357	97	129
358	96	129
359	95	129
360	94	129
361	95	129
362	95	129
363	94	129
364	93	129
365	93	130
366	93	129
367	94	129
368	94	129
369	92	129
370	92	129
371	93	129
372	93	129
373	93	129
374	92	129
375	92	129
376	92	129
377	92	130
378	92	129
379	92	129
380	92	129
381	92	129
382	92	130
383	93	129
384	93	129
385	93	129
386	93	129
387	93	129
388	93	129
389	94	129
390	94	129
391	93	129
392	94	129
393	95	129
394	95	129
395	95	129
396	95	129
397	96	129
398	96	129
399	96	129
400	96	129
401	97	129
402	97	129
403	98	129
404	98	129
405	99	129
406	99	129
407	99	129
408	100	129
409	100	129
410	100	129
411	101	129
412	101	129
413	101	129
414	102	129
415	102	129
416	103	129
417	103	129
418	103	129
419	102	129
420	104	130
421	105	129
422	105	129
423	104	129
424	103	129
425	105	129
426	106	129
427	106	129
428	105	129
429	104	129
430	105	129
431	106	129
432	107	129
433	105	129
434	105	130
435	105	129
436	106	129
437	106	129
438	105	129
439	105	129
440	105	129
441	105	129
442	105	129
443	104	129
444	104	129
445	103	129
446	103	129
447	102	129
448	103	129
449	102	129
450	102	129
451	101	129
452	100	129
453	100	129
454	99	129
455	98	129
456	97	129
457	97	130
458	96	129
459	94	129
460	92	129
461	91	129
462	91	130
463	89	129
464	88	129
465	88	129
466	88	129
467	87	129
468	87	129
469	87	129
470	87	129
471	87	130
472	87	129
473	87	129
474	87	130
475	87	129
476	87	129
477	87	129
478	87	129
479	87	129
480	88	130
481	88	129
482	87	130
483	87	130
484	89	129
485	90	129
486	89	130
487	88	129
488	89	130
489	91	129
490	91	129
491	91	130
492	91	129
493	91	129
494	92	129
495	94	129
496	94	129
497	93	129
498	93	129
499	95	129
500	96	129
501	96	129
502	96	130
503	97	130
504	97	129
505	98	129
506	99	129
507	100	129
508	100	130
509	101	129
510	101	129
511	102	129
512	103	129
513	103	129
514	103	129
515	104	129
516	104	130
517	105	129
518	106	130
519	105	129
520	106	129
521	107	130
522	107	130
523	107	130
524	107	129
525	108	129
526	109	129
527	109	129
528	109	130
529	109	129
530	109	129
531	109	129
532	109	129
533	109	129
534	109	130
535	109	129
536	109	129
537	109	129
538	109	129
539	109	129
540	109	129
541	109	129
542	109	129
543	109	130
544	109	129
545	109	129
546	108	129
547	107	129
548	109	129
549	109	130
550	108	129
551	107	129
552	107	129
553	108	129
554	109	129
555	109	129
556	107	129
557	107	129
558	108	129
559	109	129
560	110	130
561	109	129
562	109	129
563	110	129
564	111	129
565	111	129
566	111	130
567	112	129
568	113	129
569	114	129
570	115	129
571	116	129
572	117	129
573	118	129
574	119	129
575	121	129
576	123	129
577	124	129
578	125	129
579	125	129
580	126	129
581	125	129
582	122	129
583	117	129
584	113	129
585	112	129
586	111	129
587	112	129
588	113	129
589	112	129
590	112	129
591	111	129
592	110	129
593	110	129
594	110	129
595	111	129
596	110	129
597	110	129
598	110	129
599	110	129
600	110	129
601	110	129
602	111	129
603	111	129
604	111	129
605	111	129
606	111	129
607	111	129
608	112	130
609	111	129
610	110	129
611	109	129
612	110	129
613	111	129
614	110	129
615	108	129
616	108	129
617	109	129
618	109	129
619	108	129
620	107	129
621	106	129
622	107	129
623	107	130
624	107	129
625	105	129
626	105	129
627	106	129
628	106	129
629	105	129
630	104	129
631	104	129
632	104	129
633	104	129
634	103	129
635	103	129
636	103	129
637	102	129
638	102	129
639	102	129
640	102	129
641	102	129
642	101	129
643	101	129
644	101	129
645	101	129
646	100	129
647	99	129
648	99	129
649	99	129
650	99	129
651	98	129
652	97	129
653	97	129
654	97	129
655	97	129
656	96	129
657	96	129
658	96	129
659	95	129
660	95	129
661	95	129
662	95	129
663	95	129
664	95	129
665	95	129
666	94	129
667	94	129
668	95	129
669	94	129
670	94	129
671	94	130
672	95	130
673	95	129
674	94	129
675	94	129
676	95	129
677	96	129
678	95	129
679	94	129
680	94	129
681	96	129
682	97	129
683	96	129
684	95	129
685	95	129
686	96	129
687	97	129
688	97	129
689	96	129
690	96	129
691	97	129
692	97	130
693	97	129
694	97	129
695	97	129
696	97	129
697	97	129
698	97	129
699	98	129
700	98	129
701	98	129
702	98	130
703	98	129
704	99	129
705	98	129
706	98	129
707	98	129
708	98	129
709	98	129
710	98	129
711	97	129
712	97	129
713	97	129
714	97	129
715	95	129
716	95	129
717	94	130
718	94	129
719	94	129
720	93	129
721	93	129
722	93	129
723	93	129
724	92	129
725	92	129
726	93	129
727	93	129
728	93	129
729	93	129
730	93	129
731	93	129
732	94	129
733	94	129
734	94	130
735	95	129
736	96	130
737	96	129
738	95	129
739	95	129
740	98	129
741	99	129
742	98	129
743	97	129
744	98	129
745	100	129
746	101	129
747	101	129
748	100	129
749	100	129
750	102	130
751	103	129
752	103	129
753	102	129
754	103	129
755	104	129
756	105	130
757	105	129
758	105	129
759	105	129
760	105	130
761	106	129
762	106	129
763	106	130
764	107	129
765	106	129
766	107	130
767	107	129
768	107	130
769	107	129
770	107	130
771	107	129
772	107	129
773	107	129
774	107	129
775	107	130
776	106	129
777	106	129
778	106	129
779	106	130
780	105	129
781	105	129
782	104	129
783	104	129
784	103	129
785	102	129
786	102	129
787	101	129
788	101	129
789	100	129
790	99	130
791	98	130
792	97	129
793	97	129
794	97	129
795	96	129
796	95	129
797	94	129
798	94	129
799	93	130
800	93	129
801	93	130
802	91	129
803	91	130
804	92	129
805	92	129
806	91	129
807	90	129
808	90	129
809	91	129
810	92	129
811	91	129
812	89	129
813	89	129
814	91	129
815	91	129
816	90	129
817	89	129
818	90	130
819	91	129
820	91	129
821	90	129
822	90	129
823	91	129
824	91	129
825	91	129
826	91	129
827	91	129
828	92	129
829	92	129
830	92	129
831	93	129
832	93	129
833	93	129
834	93	129
835	94	129
836	94	129
837	95	129
838	95	129
839	95	129
840	95	129
841	96	130
842	97	130
843	97	130
844	97	129
845	97	129
846	98	129
847	99	130
848	99	129
849	100	129
850	100	129
851	101	129
852	101	129
853	101	129
854	101	129
855	102	129
856	102	129
857	103	129
858	103	129
859	104	129
860	104	129
861	104	129
862	105	130
863	105	129
864	106	129
865	106	129
866	105	129
867	105	129
868	107	129
869	107	130
870	107	130
871	105	129
872	105	129
873	107	129
874	108	129
875	107	129
876	106	130
877	106	130
878	107	129
879	108	129
880	107	129
881	105	129
882	106	129
883	107	129
884	107	130
885	106	130
886	105	129
887	105	129
888	105	130
889	105	129
890	105	129
891	105	129
892	105	130
893	104	129
894	104	130
895	104	130
896	104	129
897	103	129
898	103	129
899	102	129
900	102	129
901	102	129
902	102	129
903	101	129
904	101	129
905	101	129
906	101	129
907	101	129
908	100	129
909	99	129
910	99	129
911	99	129
912	99	129
913	99	129
914	99	129
915	99	129
916	98	130
917	98	130
918	98	129
919	98	129
920	97	130
921	97	129
922	97	130
923	97	129
924	97	129
925	97	129
926	97	129
927	97	129
928	97	129
929	97	129
930	96	130
931	95	129
932	97	129
933	97	129
934	96	129
935	95	129
936	95	129
937	97	129
938	97	129
939	96	129
940	95	129
941	95	129
942	97	129
943	97	130
944	96	129
945	95	129
946	95	129
947	96	130
948	96	129
949	96	129
950	96	129
951	96	130
952	96	130
953	96	129
954	96	129
955	96	129
956	96	129
957	95	129
958	96	130
959	96	129
960	96	129
961	96	129
962	95	129
963	96	129
964	96	130
965	96	129
966	96	129
967	96	129
968	96	129
969	96	129
970	96	129
971	96	129
972	96	129
973	96	130
974	96	129
975	96	129
976	96	129
977	96	130
978	96	129
979	96	129
980	96	129
981	96	129
982	96	129
983	96	130
984	96	129
985	96	129
986	97	129
987	96	129
988	96	129
989	96	129
990	96	129
991	97	129
992	97	129
993	97	129
994	96	130
995	96	130
996	98	129
997	98	129
998	97	130
999	96	130
1000	97	130
1001	98	129
1002	99	129
1003	98	129
1004	97	129
1005	97	129
1006	99	130
1007	100	129
1008	99	130
1009	99	130
1010	100	129
1011	101	130
1012	101	130
1013	101	129
1014	101	129
1015	102	129
1016	102	129
1017	103	129
1018	103	129
1019	104	129
1020	104	130
1021	104	129
1022	105	129
1023	105	129
1024	106	129
1025	106	129
1026	106	129
1027	107	130
1028	108	129
1029	108	129
1030	109	129
1031	109	129
1032	109	129
1033	109	129
1034	109	129
1035	110	130
1036	110	129
1037	110	129
1038	111	129
1039	111	129
1040	111	129
1041	111	129
1042	111	129
1043	112	129
1044	112	129
1045	112	129
1046	112	129
1047	112	129
1048	112	129
1049	113	129
1050	113	129
1051	112	129
1052	112	129
1053	112	129
1054	112	129
1055	112	129
1056	113	129
1057	113	129
1058	111	129
1059	111	129
1060	113	129
1061	113	129
1062	113	130
1063	111	129
1064	111	130
1065	113	129
1066	113	129
1067	112	130
1068	110	129
1069	111	129
1070	112	129
1071	113	129
1072	111	129
1073	110	129
1074	111	129
1075	111	130
1076	111	129
1077	110	130
1078	110	129
1079	110	129
1080	109	129
1081	109	129
1082	110	129
1083	109	129
1084	109	130
1085	108	129
1086	108	130
1087	108	129
1088	108	130
1089	107	129
1090	107	129
1091	107	130
1092	107	129
1093	106	129
1094	106	130
1095	106	130
1096	105	129
1097	105	130
1098	105	130
1099	105	129
1100	104	129
1101	103	129
1102	103	129
1103	103	129
1104	103	130
1105	102	129
1106	102	130
1107	102	129
1108	102	129
1109	102	130
1110	101	129
1111	101	130
1112	101	129
1113	101	129
1114	101	129
1115	100	130
1116	100	129
1117	100	129
1118	99	129
1119	99	130
1120	99	130
1121	99	129
1122	98	130
1123	97	129
1124	99	129
1125	99	130
1126	98	130
1127	97	129
1128	97	129
1129	99	129
1130	99	129
1131	98	129
1132	96	129
1133	97	129
1134	98	130
1135	98	129
1136	97	129
1137	96	129
1138	97	129
1139	98	129
1140	97	130
1141	97	129
1142	97	129
1143	97	129
1144	97	129
1145	97	129
1146	98	129
1147	97	130
1148	97	129
1149	97	129
1150	97	129
1151	98	129
1152	98	129
1153	98	129
1154	97	129
1155	98	129
1156	98	130
1157	98	129
1158	98	130
1159	98	129
1160	98	129
1161	98	129
1162	99	129
1163	99	130
1164	99	130
1165	99	129
1166	99	129
1167	99	129
1168	99	129
1169	99	129
1170	99	130
1171	99	129
1172	100	130
1173	100	129
1174	100	129
1175	100	129
1176	100	129
1177	100	129
1178	100	130
1179	100	129
1180	100	129
1181	101	129
1182	100	129
1183	100	129
1184	101	129
1185	101	129
1186	99	129
1187	100	129
1188	102	129
1189	102	129
1190	100	130
1191	99	129
1192	100	129
1193	102	129
1194	102	129
1195	100	129
1196	99	129
1197	100	129
1198	102	129
1199	102	129
1200	100	130
1201	100	129
1202	101	129
1203	101	129
1204	101	129
1205	100	129
1206	100	129
1207	100	129
1208	100	129
1209	100	129
1210	100	129
1211	100	129
1212	100	129
1213	99	129
1214	100	129
1215	100	129
1216	100	129
1217	100	129
1218	100	129
1219	100	129
1220	100	129
1221	99	129
1222	99	129
1223	99	129
1224	99	129
1225	99	129
1226	100	129
1227	99	129
1228	99	129
1229	99	129
1230	99	129
1231	99	129
1232	99	129
1233	99	129
1234	99	129
1235	99	129
1236	99	129
1237	99	129
1238	99	129
1239	99	129
1240	99	129
1241	99	129
1242	99	129
1243	99	129
1244	99	129
1245	99	129
1246	98	129
1247	99	129
1248	99	129
1249	99	129
1250	97	129
1251	98	129
1252	100	129
1253	100	129
1254	99	129
1255	97	129
1256	98	129
1257	100	129
1258	100	129
1259	99	129
1260	98	129
1261	99	130
1262	100	129
1263	100	129
1264	99	129
1265	99	129
1266	100	129
1267	100	129
1268	100	129
1269	100	129
1270	100	129
1271	100	129
1272	100	129
1273	100	129
1274	101	130
1275	101	129
1276	100	129
1277	100	129
1278	100	129
1279	101	129
1280	101	129
1281	101	129
1282	101	129
1283	101	129
1284	101	129
1285	101	129
1286	101	129
1287	101	129
1288	101	130
1289	101	129
1290	101	130
1291	102	129
1292	102	129
1293	101	129
1294	102	129
1295	102	129
1296	102	129
1297	102	130
1298	102	129
1299	102	129
1300	102	129
1301	103	129
1302	102	129
1303	103	129
1304	103	130
1305	103	129
1306	103	129
1307	103	129
1308	103	129
1309	103	129
1310	103	129
1311	103	129
1312	103	129
1313	103	129
1314	101	129
1315	102	130
1316	104	130
1317	103	130
1318	102	129
1319	101	130
1320	102	130
1321	103	130
1322	103	129
1323	101	129
1324	100	129
1325	102	129
1326	103	129
1327	102	129
1328	101	129
1329	100	130
1330	101	130
1331	101	129
1332	101	129
1333	100	129
1334	100	129
1335	101	129
1336	100	129
1337	100	129
1338	100	129
1339	100	130
1340	100	129
1341	99	129
1342	100	130
1343	100	130
1344	100	129
1345	99	130
1346	99	129
1347	100	129
1348	100	129
1349	99	129
1350	99	130
1351	99	129
1352	99	129
1353	99	129
1354	99	129
1355	99	129
1356	99	129
1357	99	129
1358	99	129
1359	100	129
1360	100	129
1361	99	129
1362	99	129
1363	99	129
1364	99	130
1365	99	129
1366	100	129
1367	99	129
1368	99	129
1369	100	129
1370	100	129
1371	100	129
1372	100	129
1373	99	129
1374	100	129
1375	100	130
1376	101	129
1377	100	129
1378	99	129
1379	100	129
1380	101	129
1381	101	129
1382	99	129
1383	99	130
1384	100	129
1385	102	130
1386	101	129
1387	99	129
1388	99	129
1389	101	129
1390	102	129
1391	101	129
1392	100	129
1393	100	129
1394	101	129
1395	101	130
1396	101	129
1397	101	129
1398	101	129
1399	101	129
1400	101	129
1401	101	129
1402	102	129
1403	102	129
1404	102	129
1405	101	129
1406	102	129
1407	103	130
1408	102	129
1409	102	129
1410	102	129
1411	102	129
1412	102	129
1413	102	129
1414	103	129
1415	103	129
1416	103	129
1417	102	129
1418	103	129
1419	103	129
1420	103	129
1421	103	130
1422	103	129
1423	103	129
1424	103	129
1425	103	129
1426	103	129
1427	103	129
1428	103	129
1429	103	129
1430	103	129
1431	103	129
1432	103	129
1433	103	129
1434	103	129
1435	103	129
1436	103	129
1437	103	129
1438	103	129
1439	103	129
1440	104	129
1441	103	129
1442	102	129
1443	103	129
1444	104	129
1445	104	129
1446	102	129
1447	101	129
1448	103	129
1449	104	129
1450	103	129
1451	101	129
1452	101	129
1453	103	129
1454	104	129
1455	103	129
1456	101	129
1457	101	129
1458	102	129
1459	102	129
1460	101	129
1461	101	129
1462	101	129
1463	101	129
1464	101	129
1465	101	129
1466	101	129
1467	101	129
1468	101	129
1469	100	129
1470	101	129
1471	101	129
1472	101	129
1473	100	129
1474	100	129
1475	100	129
1476	100	129
1477	100	129
1478	100	129
1479	100	129
1480	100	129
1481	99	129
1482	100	129
1483	100	129
1484	100	129
1485	99	129
1486	99	130
1487	100	129
1488	99	129
1489	99	129
1490	99	129
1491	99	129
1492	99	129
1493	99	129
1494	99	129
1495	99	129
1496	99	129
1497	99	129
1498	99	129
1499	99	129
1500	99	129
1501	99	129
1502	99	129
1503	99	129
1504	100	129
1505	99	129
1506	98	129
1507	99	129
1508	101	129
1509	100	129
1510	98	129
1511	98	129
1512	100	129
1513	101	129
1514	100	129
1515	98	129
1516	99	129
1517	100	129
1518	101	129
1519	100	129
1520	99	129
1521	99	129
1522	100	129
1523	101	129
1524	100	129
1525	100	129
1526	100	129
1527	100	129
1528	100	129
1529	101	129
1530	101	129
1531	101	129
1532	100	129
1533	100	129
1534	101	129
1535	101	129
1536	101	129
1537	100	129
1538	100	129
1539	101	129
1540	101	130
1541	100	129
1542	101	129
1543	101	129
1544	100	129
1545	100	129
1546	100	129
1547	101	129
1548	101	129
1549	100	129
1550	100	129
1551	100	130
1552	100	129
1553	100	129
1554	100	129
1555	100	130
1556	100	129
1557	100	129
1558	100	129
1559	99	129
1560	100	129
1561	99	129
1562	99	129
1563	99	129
1564	99	129
1565	99	129
1566	99	129
1567	99	129
1568	99	129
1569	99	129
1570	98	129
1571	99	129
1572	100	129
1573	99	129
1574	97	129
1575	97	129
1576	99	129
1577	100	129
1578	99	129
1579	97	130
1580	98	129
1581	99	129
1582	100	129
1583	99	129
1584	98	129
1585	98	129
1586	99	129
1587	99	129
1588	99	129
1589	98	129
1590	99	129
1591	99	129
1592	99	129
1593	99	130
1594	99	129
1595	99	129
1596	99	129
1597	99	129
1598	99	129
1599	99	129
1600	99	129
1601	99	129
1602	99	129
1603	100	129
1604	99	129
1605	99	129
1606	99	129
1607	100	129
1608	100	129
1609	99	129
1610	100	129
1611	100	129
1612	100	129
1613	100	129
1614	100	129
1615	101	129
1616	101	129
1617	100	129
1618	100	129
1619	101	129
1620	101	129
1621	101	129
1622	101	129
1623	101	129
1624	101	129
1625	101	129
1626	101	129
1627	101	129
1628	101	129
1629	101	129
1630	101	129
1631	102	129
1632	102	129
1633	101	129
1634	101	129
1635	102	129
1636	103	129
1637	102	129
1638	100	129
1639	100	129
1640	102	130
1641	103	129
1642	101	129
1643	99	129
1644	100	129
1645	102	129
1646	102	129
1647	101	129
1648	100	129
1649	101	130
1650	102	129
1651	101	129
1652	101	129
1653	101	130
1654	101	129
1655	100	129
1656	100	129
1657	101	129
1658	101	129
1659	101	129
1660	100	129
1661	100	129
1662	101	129
1663	101	129
1664	100	129
1665	100	129
1666	100	129
1667	100	129
1668	100	129
1669	100	129
1670	100	129
1671	100	129
1672	100	129
1673	99	129
1674	100	129
1675	100	129
1676	100	129
1677	99	129
1678	99	129
1679	100	129
1680	99	129
1681	99	129
1682	99	129
1683	99	129
1684	99	129
1685	99	129
1686	99	129
1687	99	129
1688	99	129
1689	99	129
1690	99	129
1691	99	129
1692	99	129
1693	99	129
1694	99	129
1695	99	129
1696	100	129
1697	98	129
1698	98	129
1699	99	129
1700	100	129
1701	99	129
1702	97	129
1703	98	130
1704	100	129
1705	101	129
1706	99	129
1707	97	129
1708	98	129
1709	100	129
1710	100	129
1711	99	129
1712	97	129
1713	99	129
1714	99	129
1715	99	129
1716	99	129
1717	99	129
1718	99	129
1719	99	129
1720	99	129
1721	99	129
1722	99	129
1723	99	129
1724	98	129
1725	99	129
1726	99	129
1727	99	129
1728	99	129
1729	99	129
1730	99	130
1731	99	129
1732	99	129
1733	99	129
1734	99	129
1735	100	129
1736	99	129
1737	99	129
1738	99	129
1739	100	129
1740	100	129
1741	100	129
1742	100	129
1743	100	129
1744	100	129
1745	100	129
1746	100	129
1747	101	129
1748	101	129
1749	100	129
1750	100	129
1751	101	129
1752	101	129
1753	101	129
1754	101	129
1755	101	129
1756	101	129
1757	101	129
1758	101	129
1759	101	129
1760	102	129
1761	101	129
1762	101	129
1763	102	129
1764	103	129
1765	102	129
1766	100	129
1767	101	129
1768	103	129
1769	103	129
1770	102	130
1771	100	129
1772	101	129
1773	103	129
1774	103	129
1775	102	129
1776	101	129
1777	102	130
1778	103	130
1779	102	129
1780	102	129
1781	102	129
1782	102	130
1783	102	130
1784	101	129
1785	102	129
1786	102	129
1787	102	129
1788	101	129
1789	102	129
1790	102	129
1791	102	130
1792	101	129
1793	101	129
1794	101	129
1795	102	129
1796	101	130
1797	101	129
1798	101	129
1799	101	129
1800	101	129
1801	101	129
1802	101	129
1803	101	129
1804	101	129
1805	100	129
1806	100	129
1807	101	129
1808	101	129
1809	100	130
1810	100	129
1811	100	129
1812	100	129
1813	100	130
1814	100	130
1815	100	129
1816	100	129
1817	99	129
1818	99	129
1819	99	129
1820	99	129
1821	99	129
1822	99	129
1823	100	129
1824	100	129
1825	99	129
1826	98	129
1827	100	129
1828	100	129
1829	99	129
1830	97	129
1831	98	129
1832	100	129
1833	100	129
1834	98	129
1835	97	129
1836	98	129
1837	100	129
1838	99	129
1839	98	130
1840	98	129
1841	99	129
1842	99	129
1843	99	129
1844	98	129
1845	99	129
1846	99	129
1847	98	129
1848	98	129
1849	98	129
1850	99	129
1851	98	129
1852	98	129
1853	98	129
1854	99	129
1855	99	129
1856	98	129
1857	98	130
1858	98	129
1859	99	130
1860	98	129
1861	98	129
1862	99	130
1863	99	129
1864	98	130
1865	98	129
1866	98	129
1867	99	129
1868	99	129
1869	98	129
1870	98	129
1871	99	129
1872	99	129
1873	98	129
1874	99	129
1875	99	129
1876	99	130
1877	99	129
1878	99	129
1879	99	129
1880	99	129
1881	99	129
1882	99	129
1883	99	129
1884	99	129
1885	99	129
1886	99	129
1887	99	129
1888	100	129
1889	99	129
1890	99	130
1891	100	129
1892	101	129
1893	100	130
1894	98	129
1895	99	129
1896	101	129
1897	101	129
1898	100	129
1899	98	129
1900	100	129
1901	101	129
1902	101	129
1903	100	129
1904	99	129
1905	100	129
1906	101	129
1907	100	129
1908	100	129
1909	100	129
1910	100	129
1911	100	130
1912	100	129
1913	101	129
1914	101	130
1915	100	129
1916	100	129
1917	100	129
1918	101	129
1919	101	129
1920	100	129
1921	100	129
1922	100	129
1923	101	129
1924	100	129
1925	100	129
1926	100	130
1927	101	129
1928	100	129
1929	100	129
1930	100	129
1931	100	129
1932	100	129
1933	100	129
1934	100	129
1935	100	129
1936	100	129
1937	99	129
1938	100	130
1939	100	129
1940	100	129
1941	100	129
1942	99	130
1943	99	129
1944	99	129
1945	99	130
1946	100	129
1947	100	129
1948	100	129
1949	99	129
1950	99	129
1951	100	129
1952	100	129
1953	99	129
1954	98	130
1955	100	130
1956	101	129
1957	99	129
1958	97	129
1959	98	129
1960	101	129
1961	101	130
1962	99	130
1963	97	129
1964	99	129
1965	100	129
1966	100	129
1967	99	129
1968	98	129
1969	99	130
1970	100	130
1971	99	129
1972	99	129
1973	99	130
1974	99	129
1975	99	130
1976	99	129
1977	100	129
1978	100	129
1979	99	129
1980	99	129
1981	99	129
1982	100	129
1983	100	129
1984	99	130
1985	99	130
1986	100	129
1987	100	129
1988	100	129
1989	99	129
1990	100	129
1991	100	129
1992	100	129
1993	99	129
1994	100	129
1995	100	129
1996	100	129
1997	100	129
1998	99	129
1999	100	129
2000	100	129
2001	100	129
2002	100	129
2003	100	129
2004	100	129
2005	100	130
2006	100	129
2007	100	129
2008	100	129
2009	100	129
2010	100	130
2011	100	129
2012	100	129
2013	100	129
2014	100	129
2015	100	129
2016	101	129
2017	99	129
2018	99	129
2019	101	130
2020	101	130
2021	100	129
2022	98	129
2023	99	129
2024	101	129
2025	101	130
2026	100	129
2027	98	130
2028	100	129
2029	101	129
2030	101	129
2031	99	129
2032	99	129
2033	100	129
2034	100	129
2035	100	129
2036	99	129
2037	99	129
2038	99	129
2039	99	129
2040	99	129
2041	99	129
2042	99	129
2043	99	129
2044	98	129
2045	99	129
2046	99	129
2047	99	129
2048	98	129
2049	98	130
2050	98	130
2051	98	129
2052	98	129
2053	97	129
2054	98	129
2055	98	129
2056	98	129
2057	97	129
2058	97	130
2059	98	129
2060	98	129
2061	97	129
2062	97	129
2063	98	129
2064	97	129
2065	97	130
2066	97	129
2067	97	129
2068	97	129
2069	97	129
2070	97	129
2071	97	130
2072	97	129
2073	97	129
2074	97	129
2075	96	129
2076	97	129
2077	97	129
2078	97	129
2079	97	129
2080	97	129
2081	96	129
2082	95	129
2083	97	129
2084	98	130
2085	97	129
2086	95	129
2087	95	129
2088	98	129
2089	98	129
2090	96	130
2091	95	130
2092	96	129
2093	98	129
2094	98	129
2095	96	129
2096	96	129
2097	97	130
2098	98	129
2099	97	129
2100	97	129
2101	97	129
2102	98	129
2103	97	129
2104	97	129
2105	98	129
2106	99	129
2107	98	129
2108	97	129
2109	98	129
2110	99	129
2111	99	129
2112	98	129
2113	98	130
2114	99	129
2115	99	129
2116	99	129
2117	99	130
2118	99	129
2119	100	129
2120	99	130
2121	99	129
2122	99	130
2123	100	129
2124	100	129
2125	99	129
2126	100	129
2127	100	129
2128	100	129
2129	100	129
2130	100	129
2131	100	129
2132	100	129
2133	100	129
2134	100	130
2135	100	129
2136	100	129
2137	100	129
2138	100	129
2139	100	129
2140	100	129
2141	100	130
2142	100	130
2143	100	129
2144	100	129
2145	99	129
2146	99	129
2147	100	129
2148	101	129
2149	100	129
2150	98	129
2151	98	129
2152	101	129
2153	101	129
2154	99	129
2155	97	129
2156	99	129
2157	101	130
2158	101	129
2159	99	130
2160	98	129
2161	100	129
2162	100	130
2163	100	129
2164	99	129
2165	99	129
2166	100	129
2167	99	129
2168	99	129
2169	100	129
2170	100	129
2171	100	129
2172	99	129
2173	100	130
2174	100	129
2175	100	129
2176	99	129
2177	99	129
2178	100	129
2179	100	129
2180	100	129
2181	99	129
2182	99	129
2183	100	129
2184	100	129
2185	99	129
2186	99	129
2187	100	129
2188	100	129
2189	99	129
2190	99	129
2191	99	130
2192	99	129
2193	99	129
2194	98	129
2195	99	129
2196	99	129
2197	98	129
2198	98	129
2199	98	130
2200	98	129
2201	98	129
2202	97	129
2203	97	130
2204	98	129
2205	97	129
2206	97	129
2207	97	129
2208	97	129
2209	96	129
2210	96	129
2211	97	129
2212	98	129
2213	97	129
2214	95	129
2215	95	129
2216	97	129
2217	98	129
2218	96	129
2219	94	129
2220	96	129
2221	97	129
2222	97	129
2223	95	129
2224	95	129
2225	96	129
2226	97	129
2227	96	129
2228	96	129
2229	96	129
2230	97	130
2231	96	129
2232	96	129
2233	97	130
2234	97	129
2235	97	129
2236	96	129
2237	97	129
2238	97	129
2239	97	129
2240	97	129
2241	97	130
2242	97	129
2243	98	129
2244	97	129
2245	97	129
2246	98	130
2247	98	129
2248	99	129
2249	98	129
2250	99	129
2251	99	129
2252	99	130
2253	99	129
2254	99	129
2255	99	129
2256	100	130
2257	100	129
2258	100	129
2259	100	129
2260	100	129
2261	100	129
2262	100	129
2263	101	129
2264	101	129
2265	101	129
2266	101	129
2267	101	129
2268	101	129
2269	101	129
2270	101	129
2271	102	129
2272	102	129
2273	101	129
2274	100	129
2275	102	130
2276	103	129
2277	102	129
2278	100	129
2279	101	129
2280	103	129
2281	103	129
2282	101	129
2283	100	129
2284	101	129
2285	103	129
2286	102	129
2287	101	129
2288	100	129
2289	101	130
2290	102	130
2291	101	129
2292	100	129
2293	101	130
2294	101	130
2295	100	129
2296	100	129
2297	100	129
2298	101	129
2299	100	129
2300	99	129
2301	99	129
2302	100	129
2303	100	129
2304	99	129
2305	99	130
2306	99	129
2307	99	129
2308	99	129
2309	99	129
2310	99	129
2311	99	129
2312	99	129
2313	98	129
2314	98	129
2315	98	129
2316	99	129
2317	98	129
2318	98	129
2319	98	129
2320	98	129
2321	98	129
2322	98	129
2323	98	129
2324	98	129
2325	98	129
2326	97	129
2327	98	130
2328	98	129
2329	98	129
2330	98	129
2331	98	129
2332	98	129
2333	98	129
2334	98	129
2335	99	129
2336	99	129
2337	98	129
2338	97	129
2339	99	129
2340	100	130
2341	99	129
2342	97	129
2343	97	130
2344	100	129
2345	101	129
2346	99	129
2347	97	129
2348	99	129
2349	101	129
2350	101	129
2351	99	129
2352	99	129
2353	100	129
2354	101	129
2355	100	129
2356	100	129
2357	100	129
2358	101	129
2359	101	129
2360	100	129
2361	101	129
2362	101	129
2363	101	129
2364	100	129
2365	100	129
2366	101	129
2367	101	129
2368	101	129
2369	101	130
2370	101	129
2371	102	129
2372	102	129
2373	101	129
2374	101	129
2375	102	129
2376	102	129
2377	101	129
2378	101	130
2379	102	130
2380	102	129
2381	101	129
2382	101	129
2383	101	129
2384	102	129
2385	102	129
2386	101	129
2387	101	129
2388	102	129
2389	101	129
2390	101	129
2391	101	129
2392	101	129
2393	101	129
2394	101	129
2395	101	129
2396	101	129
2397	100	129
2398	100	130
2399	101	129
2400	101	129
2401	100	129
2402	99	129
2403	100	129
2404	102	129
2405	101	130
2406	99	129
2407	98	129
2408	100	129
2409	101	129
2410	100	129
2411	98	129
2412	99	130
2413	101	130
2414	101	129
2415	99	129
2416	98	129
2417	99	129
2418	100	129
2419	99	129
2420	99	129
2421	99	129
2422	100	129
2423	99	129
2424	99	129
2425	99	130
2426	100	130
2427	99	129
2428	99	129
2429	99	130
2430	99	129
2431	99	129
2432	99	129
2433	99	129
2434	99	129
2435	100	129
2436	100	129
2437	99	129
2438	100	129
2439	100	129
2440	100	129
2441	100	130
2442	100	129
2443	100	129
2444	100	129
2445	100	129
2446	100	129
2447	100	129
2448	101	129
2449	101	129
2450	100	129
2451	101	129
2452	101	130
2453	101	129
2454	101	129
2455	101	129
2456	101	129
2457	101	129
2458	101	129
2459	101	129
2460	102	129
2461	102	129
2462	102	130
2463	102	129
2464	102	129
2465	102	130
2466	101	129
2467	102	129
2468	103	129
2469	103	130
2470	101	129
2471	100	129
2472	102	129
2473	104	129
2474	102	130
2475	100	129
2476	101	130
2477	103	129
2478	103	129
2479	101	129
2480	100	129
2481	101	129
2482	101	129
2483	101	129
2484	100	129
2485	100	130
2486	100	129
2487	99	129
2488	99	129
2489	99	130
2490	99	130
2491	99	130
2492	98	129
2493	98	129
2494	98	129
2495	98	129
2496	98	129
2497	97	129
2498	98	129
2499	98	129
2500	98	129
2501	97	129
2502	97	129
2503	97	129
2504	97	129
2505	97	129
2506	97	130
2507	97	130
2508	97	130
2509	97	130
2510	97	129
2511	97	130
2512	97	130
2513	98	130
2514	97	129
2515	97	130
2516	98	129
2517	98	129
2518	98	130
2519	98	130
2520	99	130
2521	99	129
2522	99	129
2523	99	130
2524	99	129
2525	100	129
2526	100	129
2527	101	129
2528	101	130
2529	101	129
2530	100	129
2531	101	129
2532	103	130
2533	103	129
2534	101	129
2535	101	129
2536	103	129
2537	105	129
2538	105	129
2539	103	129
2540	103	129
2541	105	129
2542	106	130
2543	105	129
2544	104	129
2545	105	129
2546	107	130
2547	107	129
2548	107	129
2549	107	129
2550	107	129
2551	107	129
2552	107	129
2553	108	129
2554	109	129
2555	109	130
2556	108	130
2557	108	129
2558	109	129
2559	110	130
2560	109	129
2561	109	129
2562	109	129
2563	109	129
2564	109	129
2565	109	129
2566	109	129
2567	109	129
2568	109	129
2569	109	129
2570	109	129
2571	108	129
2572	109	129
2573	109	129
2574	108	129
2575	107	129
2576	108	129
2577	107	129
2578	107	129
2579	107	129
2580	107	129
2581	106	129
2582	106	129
2583	105	129
2584	105	129
2585	105	129
2586	105	129
2587	104	129
2588	104	129
2589	103	129
2590	103	130
2591	103	129
2592	103	129
2593	102	130
2594	101	130
2595	101	129
2596	103	129
2597	102	129
2598	100	129
2599	99	129
2600	100	129
2601	102	129
2602	101	129
2603	98	129
2604	98	129
2605	99	129
2606	100	129
2607	98	129
2608	97	129
2609	97	129
2610	98	129
2611	98	129
2612	97	129
2613	97	129
2614	97	129
2615	97	129
2616	96	129
2617	96	129
2618	97	129
2619	97	129
2620	96	129
2621	96	129
2622	96	129
2623	97	129
2624	96	129
2625	95	129
2626	96	129
2627	96	129
2628	96	129
2629	96	130
2630	95	129
2631	96	129
2632	96	129
2633	96	129
2634	96	129
2635	96	129
2636	96	130
2637	97	129
2638	96	129
2639	96	129
2640	97	129
2641	97	129
2642	97	129
2643	97	129
2644	97	129
2645	97	129
2646	97	129
2647	97	129
2648	97	129
2649	98	129
2650	98	129
2651	97	130
2652	98	130
2653	98	129
2654	98	129
2655	98	129
2656	99	130
2657	98	129
2658	98	129
2659	98	130
2660	100	130
2661	100	129
2662	99	129
2663	97	129
2664	99	129
2665	101	129
2666	101	129
2667	98	129
2668	98	129
2669	101	129
2670	102	129
2671	101	129
2672	99	129
2673	100	129
2674	101	129
2675	101	129
2676	100	129
2677	101	129
2678	101	129
2679	101	129
2680	100	129
2681	101	129
2682	101	129
2683	101	129
2684	101	129
2685	100	129
2686	101	129
2687	102	129
2688	101	129
2689	100	129
2690	101	129
2691	101	129
2692	101	130
2693	100	129
2694	100	129
2695	100	129
2696	100	129
2697	100	129
2698	99	129
2699	99	129
2700	100	129
2701	99	129
2702	99	129
2703	99	129
2704	99	129
2705	99	130
2706	98	129
2707	98	129
2708	98	130
2709	98	129
2710	98	129
2711	97	129
2712	98	129
2713	98	129
2714	98	129
2715	97	129
2716	97	129
2717	97	129
2718	97	129
2719	98	129
2720	98	129
2721	98	129
2722	97	129
2723	97	129
2724	99	129
2725	99	129
2726	98	129
2727	97	129
2728	98	129
2729	100	129
2730	100	129
2731	98	130
2732	97	129
2733	99	129
2734	101	129
2735	100	129
2736	99	129
2737	99	129
2738	101	129
2739	101	129
2740	100	129
2741	100	129
2742	101	129
2743	101	129
2744	101	130
2745	101	129
2746	101	129
2747	101	129
2748	101	129
2749	100	129
2750	101	129
2751	101	129
2752	100	129
2753	99	129
2754	100	129
2755	100	129
2756	99	129
2757	99	129
2758	99	129
2759	99	129
2760	99	129
2761	98	129
2762	98	129
2763	98	129
2764	98	129
2765	98	129
2766	97	129
2767	97	129
2768	97	129
2769	97	129
2770	97	130
2771	97	129
2772	97	129
2773	97	129
2774	97	129
2775	97	129
2776	97	129
2777	97	129
2778	97	129
2779	97	129
2780	97	129
2781	97	129
2782	97	129
2783	97	129
2784	98	129
2785	97	129
2786	97	130
2787	96	129
2788	98	129
2789	98	130
2790	97	129
2791	95	129
2792	96	129
2793	98	129
2794	98	129
2795	96	129
2796	95	129
2797	97	129
2798	98	129
2799	97	129
2800	95	130
2801	96	129
2802	97	129
2803	97	129
2804	96	129
2805	96	129
2806	97	129
2807	97	129
2808	96	129
2809	97	129
2810	97	129
2811	97	129
2812	97	129
2813	96	129
2814	97	129
2815	98	129
2816	97	129
2817	97	129
2818	97	129
2819	97	129
2820	97	129
2821	97	129
2822	97	129
2823	97	130
2824	97	129
2825	97	129
2826	97	129
2827	97	129
2828	97	129
2829	97	129
2830	97	129
2831	97	129
2832	97	129
2833	97	129
2834	97	129
2835	97	129
2836	97	129
2837	97	129
2838	97	129
2839	97	129
2840	97	129
2841	97	129
2842	98	129
2843	98	129
2844	98	130
2845	98	129
2846	98	129
2847	98	129
2848	99	129
2849	99	129
2850	98	129
2851	98	129
2852	100	129
2853	101	129
2854	100	129
2855	98	129
2856	100	129
2857	102	129
2858	102	129
2859	101	129
2860	100	129
2861	102	129
2862	103	129
2863	103	129
2864	102	129
2865	102	129
2866	104	129
2867	104	129
2868	104	129
2869	104	129
2870	104	129
2871	105	129
2872	105	129
2873	105	129
2874	106	129
2875	106	129
2876	105	129
2877	106	129
2878	106	130
2879	107	129
2880	107	129
2881	107	129
2882	107	129
2883	107	129
2884	108	129
2885	108	129
2886	108	129
2887	108	129
2888	108	129
2889	108	129
2890	108	129
2891	109	129
2892	109	129
2893	109	129
2894	109	129
2895	108	129
2896	109	129
2897	109	129
2898	109	129
2899	109	129
2900	109	129
2901	109	129
2902	109	129
2903	109	129
2904	109	129
2905	110	129
2906	110	129
2907	110	129
2908	110	129
2909	110	129
2910	110	129
2911	110	130
2912	110	129
2913	111	129
2914	109	129
2915	109	129
2916	111	129
2917	112	129
2918	111	129
2919	109	129
2920	109	129
2921	111	129
2922	112	129
2923	110	129
2924	108	129
2925	110	129
2926	111	129
2927	111	129
2928	109	129
2929	109	129
2930	110	129
2931	110	129
2932	109	129
2933	109	129
2934	109	129
2935	109	129
2936	108	129
2937	108	130
2938	109	129
2939	108	129
2940	107	129
2941	107	129
2942	107	129
2943	107	129
2944	107	129
2945	106	129
2946	106	129
2947	106	129
2948	106	129
2949	105	129
2950	105	130
2951	105	129
2952	105	130
2953	104	129
2954	104	129
2955	103	129
2956	103	129
2957	103	129
2958	103	129
2959	102	129
2960	102	129
2961	102	129
2962	102	129
2963	102	129
2964	101	129
2965	101	129
2966	101	129
2967	101	129
2968	101	129
2969	100	129
2970	100	129
2971	100	129
2972	99	129
2973	99	129
2974	99	129
2975	99	129
2976	99	129
2977	99	129
2978	98	129
2979	97	129
2980	98	129
2981	99	129
2982	98	129
2983	96	129
2984	96	129
2985	98	130
2986	99	129
2987	96	129
2988	95	129
2989	97	129
2990	98	129
2991	97	129
2992	96	129
2993	95	129
2994	96	130
2995	97	129
2996	96	129
2997	95	129
2998	96	129
2999	96	129
3000	95	129
3001	95	129
3002	96	129
3003	97	129
3004	96	129
3005	95	129
3006	96	130
3007	96	129
3008	96	129
3009	96	129
3010	96	129
3011	96	129
3012	97	129
3013	96	129
3014	96	129
3015	96	129
3016	97	129
3017	97	129
3018	97	130
3019	97	129
3020	97	129
3021	97	129
3022	97	129
3023	97	130
3024	97	129
3025	98	130
3026	98	129
3027	98	129
3028	98	129
3029	98	129
3030	98	129
3031	98	129
3032	99	129
3033	99	129
3034	99	129
3035	99	129
3036	99	129
3037	99	129
3038	100	129
3039	100	130
3040	101	130
3041	101	129
3042	100	130
3043	100	130
3044	101	129
3045	103	129
3046	102	129
3047	100	129
3048	101	129
3049	104	129
3050	105	129
3051	103	129
3052	102	129
3053	103	129
3054	106	129
3055	106	129
3056	105	129
3057	105	129
3058	107	129
3059	107	129
3060	108	129
3061	108	129
3062	109	129
3063	110	129
3064	110	130
3065	110	129
3066	111	129
3067	113	129
3068	113	130
3069	113	129
3070	114	129
3071	116	129
3072	117	129
3073	117	129
3074	117	129
3075	119	129
3076	120	129
3077	121	129
3078	122	129
3079	122	129
3080	123	129
3081	124	129
3082	124	129
3083	125	129
3084	125	129
3085	126	129
3086	126	129
3087	126	129
3088	126	129
3089	125	129
3090	125	129
3091	125	129
3092	124	129
3093	123	129
3094	122	129
3095	121	130
3096	121	129
3097	120	130
3098	119	129
3099	117	129
3100	116	129
3101	116	129
3102	115	129
3103	114	129
3104	113	129
3105	112	129
3106	111	129
3107	109	129
3108	109	129
3109	110	129
3110	108	129
3111	105	129
3112	104	129
3113	106	129
3114	106	129
3115	104	129
3116	101	129
3117	102	129
3118	103	129
3119	102	129
3120	100	129
3121	99	129
3122	100	129
3123	100	129
3124	99	129
3125	98	129
3126	98	129
3127	98	130
3128	97	129
3129	97	129
3130	97	129
3131	97	129
3132	97	129
3133	95	129
3134	96	129
3135	97	129
3136	96	129
3137	95	129
3138	95	129
3139	95	129
3140	96	129
3141	95	129
3142	95	129
3143	95	129
3144	95	129
3145	95	129
3146	95	129
3147	95	129
3148	95	129
3149	96	129
3150	96	129
3151	96	129
3152	96	129
3153	97	129
3154	97	129
3155	97	129
3156	97	130
3157	97	129
3158	97	129
3159	98	129
3160	98	129
3161	99	129
3162	99	129
3163	99	129
3164	99	129
3165	99	129
3166	100	129
3167	100	129
3168	101	129
3169	101	129
3170	101	129
3171	100	129
3172	102	129
3173	103	129
3174	103	129
3175	101	129
3176	102	129
3177	104	129
3178	105	129
3179	104	129
3180	103	129
3181	104	129
3182	106	129
3183	106	129
3184	105	130
3185	105	129
3186	107	130
3187	107	129
3188	107	129
3189	107	129
3190	108	129
3191	109	129
3192	108	129
3193	108	129
3194	109	129
3195	110	130
3196	110	129
3197	109	129
3198	110	129
3199	111	129
3200	111	129
3201	111	129
3202	111	129
3203	111	129
3204	112	129
3205	112	129
3206	112	129
3207	112	129
3208	112	129
3209	113	129
3210	113	129
3211	113	129
3212	113	129
3213	113	129
3214	113	129
3215	113	129
3216	113	129
3217	113	129
3218	113	130
3219	113	129
3220	113	129
3221	114	129
3222	113	129
3223	113	129
3224	114	129
3225	113	129
3226	113	129
3227	113	129
3228	113	129
3229	113	129
3230	113	129
3231	112	129
3232	112	129
3233	112	129
3234	111	129
3235	110	129
3236	111	129
3237	112	129
3238	111	129
3239	108	129
3240	108	129
3241	110	130
3242	111	129
3243	109	129
3244	106	129
3245	107	129
3246	109	129
3247	108	129
3248	106	129
3249	105	129
3250	106	129
3251	106	129
3252	105	129
3253	104	129
3254	105	129
3255	105	129
3256	103	129
3257	103	129
3258	103	129
3259	103	129
3260	103	129
3261	101	129
3262	101	130
3263	102	129
3264	102	129
3265	101	129
3266	100	129
3267	101	129
3268	101	129
3269	100	129
3270	100	129
3271	100	129
3272	100	129
3273	99	129
3274	99	129
3275	99	129
3276	99	129
3277	99	129
3278	99	129
3279	99	129
3280	99	129
3281	99	129
3282	99	129
3283	99	129
3284	99	129
3285	99	129
3286	99	129
3287	99	129
3288	99	129
3289	99	129
3290	99	130
3291	99	129
3292	99	129
3293	99	129
3294	99	129
3295	99	129
3296	99	129
3297	99	129
3298	99	129
3299	98	129
3300	99	129
3301	101	130
3302	100	129
3303	98	129
3304	98	129
3305	101	129
3306	102	129
3307	100	129
3308	98	129
3309	99	129
3310	101	130
3311	101	129
3312	100	129
3313	99	130
3314	101	130
3315	101	129
3316	101	129
3317	101	129
3318	101	129
3319	102	129
3320	101	129
3321	101	129
3322	102	129
3323	102	129
3324	102	129
3325	101	129
3326	102	129
3327	102	129
3328	103	129
3329	101	129
3330	102	129
3331	102	129
3332	102	130
3333	102	129
3334	102	129
3335	102	129
3336	102	129
3337	102	129
3338	102	129
3339	102	129
3340	102	129
3341	102	129
3342	102	129
3343	102	129
3344	102	129
3345	102	129
3346	102	129
3347	102	129
3348	102	129
3349	102	129
3350	102	129
3351	101	130
3352	101	129
3353	101	129
3354	101	130
3355	101	129
3356	101	129
3357	101	129
3358	101	129
3359	100	129
3360	101	129
3361	101	129
3362	100	129
3363	99	129
3364	100	129
3365	101	129
3366	101	129
3367	98	129
3368	98	129
3369	100	129
3370	101	129
3371	99	129
3372	97	129
3373	98	129
3374	100	129
3375	100	129
3376	98	129
3377	97	129
3378	99	129
3379	99	129
3380	98	129
3381	98	129
3382	98	129
3383	99	129
3384	97	129
3385	97	129
3386	98	129
3387	98	129
3388	98	129
3389	97	129
3390	97	129
3391	98	129
3392	98	129
3393	97	129
3394	97	129
3395	97	129
3396	98	129
3397	97	129
3398	97	129
3399	97	129
3400	97	129
3401	97	129
3402	97	129
3403	97	129
3404	97	129
3405	97	129
3406	97	129
3407	97	130
3408	97	129
3409	97	129
3410	97	129
3411	97	130
3412	97	129
3413	98	130
3414	98	130
3415	97	129
3416	97	129
3417	97	129
3418	97	129
3419	98	129
3420	98	129
3421	98	129
3422	98	129
3423	98	129
3424	98	129
3425	99	129
3426	98	129
3427	97	129
3428	98	129
3429	100	129
3430	99	129
3431	97	129
3432	97	129
3433	100	129
3434	101	129
3435	99	129
3436	97	129
3437	98	129
3438	100	129
3439	101	129
3440	99	129
3441	98	129
3442	100	129
3443	100	129
3444	100	129
3445	99	129
3446	100	129
3447	100	129
3448	99	129
3449	99	129
3450	100	129
3451	100	129
3452	100	129
3453	99	129
3454	99	129
3455	100	129
3456	100	129
3457	99	129
3458	99	129
3459	99	129
3460	100	129
3461	99	129
3462	99	129
3463	99	129
3464	100	130
3465	99	129
3466	99	129
3467	99	129
3468	99	129
3469	99	129
3470	99	129
3471	99	129
3472	99	129
3473	99	129
3474	99	129
3475	99	129
3476	99	129
3477	99	129
3478	99	130
3479	98	129
3480	99	129
3481	99	129
3482	99	129
3483	98	129
3484	98	129
3485	98	129
3486	98	130
3487	98	129
3488	98	129
3489	99	129
3490	97	129
3491	97	129
3492	98	129
3493	99	129
3494	98	130
3495	96	130
3496	96	129
3497	98	129
3498	99	129
3499	97	129
3500	95	129
3501	97	129
3502	99	129
3503	98	129
3504	97	129
3505	96	129
3506	97	129
3507	98	129
3508	97	129
3509	97	129
3510	97	129
3511	97	130
3512	97	129
3513	97	129
3514	97	129
3515	98	129
3516	97	129
3517	96	129
3518	97	130
3519	97	129
3520	97	129
3521	97	130
3522	97	129
3523	97	129
3524	97	130
3525	97	130
3526	97	130
3527	97	129
3528	97	129
3529	97	129
3530	98	129
3531	97	129
3532	98	129
3533	98	130
3534	98	129
3535	98	129
3536	98	129
3537	98	129
3538	98	129
3539	98	130
3540	98	129
3541	98	129
3542	98	130
3543	99	129
3544	99	129
3545	99	129
3546	99	129
3547	99	129
3548	99	129
3549	99	129
3550	99	129
3551	100	129
3552	100	129
3553	101	129
3554	100	129
3555	99	129
3556	101	129
3557	102	129
3558	102	129
3559	99	129
3560	100	129
3561	103	129
3562	103	129
3563	102	130
3564	100	129
3565	102	129
3566	104	129
3567	104	129
3568	102	129
3569	102	130
3570	103	129
3571	104	130
3572	104	129
3573	103	129
3574	104	129
3575	105	129
3576	104	129
3577	104	129
3578	105	129
3579	105	130
3580	105	129
3581	104	129
3582	105	129
3583	105	129
3584	105	129
3585	105	129
3586	105	129
3587	106	129
3588	106	129
3589	106	129
3590	105	129
3591	106	129
3592	106	129
3593	106	129
3594	106	130
3595	106	130
3596	106	129
3597	106	129
3598	106	129
3599	106	129
3600	106	129
3601	106	129
3602	106	129
3603	106	129
3604	106	129
3605	106	129
3606	106	129
3607	106	129
3608	106	129
3609	106	130
3610	106	129
3611	106	129
3612	106	129
3613	106	129
3614	107	129
3615	107	129
3616	107	129
3617	107	129
3618	106	129
3619	106	129
3620	108	130
3621	109	129
3622	109	129
3623	107	129
3624	107	129
3625	110	129
3626	111	129
3627	110	129
3628	108	129
3629	110	129
3630	112	129
3631	113	130
3632	112	129
3633	112	129
3634	113	129
3635	115	129
3636	115	129
3637	115	129
3638	117	129
3639	118	130
3640	117	129
3641	118	129
3642	120	129
3643	121	129
3644	121	129
3645	121	129
3646	123	130
3647	125	129
3648	125	129
3649	125	129
3650	126	129
3651	127	129
3652	128	129
3653	128	129
3654	128	129
3655	129	129
3656	129	129
3657	129	129
3658	129	129
3659	129	130
3660	129	129
3661	128	129
3662	128	129
3663	127	129
3664	127	129
3665	126	129
3666	125	129
3667	124	129
3668	123	129
3669	122	129
3670	121	129
3671	119	129
3672	118	129
3673	117	129
3674	116	129
3675	114	129
3676	113	129
3677	111	129
3678	109	129
3679	108	129
3680	107	129
3681	106	129
3682	103	129
3683	101	130
3684	101	129
3685	101	129
3686	99	129
3687	96	129
3688	95	129
3689	97	129
3690	96	129
3691	93	129
3692	91	129
3693	92	129
3694	93	129
3695	91	129
3696	89	129
3697	89	129
3698	90	130
3699	89	129
3700	88	129
3701	87	129
3702	88	129
3703	87	129
3704	87	129
3705	87	129
3706	87	129
3707	87	129
3708	86	129
3709	85	130
3710	86	129
3711	86	129
3712	86	129
3713	85	129
3714	85	129
3715	86	129
3716	86	129
3717	85	129
3718	85	129
3719	86	129
3720	86	129
3721	86	129
3722	86	129
3723	87	129
3724	87	129
3725	87	129
3726	87	129
3727	88	129
3728	88	129
3729	88	129
3730	88	129
3731	89	129
3732	89	129
3733	90	129
3734	90	129
3735	91	129
3736	91	129
3737	92	129
3738	92	129
3739	93	129
3740	94	129
3741	94	129
3742	95	129
3743	95	129
3744	96	129
3745	97	129
3746	97	130
3747	97	129
3748	99	130
3749	101	129
3750	101	129
3751	99	129
3752	101	130
3753	104	129
3754	105	129
3755	103	129
3756	102	129
3757	105	129
3758	107	129
3759	107	129
3760	106	129
3761	107	129
3762	109	129
3763	109	129
3764	109	129
3765	109	129
3766	110	129
3767	110	129
3768	110	129
3769	110	129
3770	111	129
3771	111	129
3772	111	129
3773	110	129
3774	111	130
3775	111	129
3776	111	129
3777	110	129
3778	110	129
3779	110	129
3780	109	129
3781	108	129
3782	108	129
3783	107	129
3784	106	129
3785	105	129
3786	103	129
3787	102	129
3788	101	129
3789	100	130
3790	99	129
3791	98	129
3792	97	129
3793	96	130
3794	95	129
3795	95	129
3796	94	129
3797	94	129
3798	93	130
3799	93	129
3800	93	129
3801	93	129
3802	92	129
3803	92	129
3804	91	129
3805	91	129
3806	91	129
3807	91	129
3808	91	129
3809	91	129
3810	90	129
3811	90	129
3812	91	129
3813	92	129
3814	90	129
3815	88	129
3816	90	130
3817	92	129
3818	92	129
3819	89	129
3820	89	129
3821	91	129
3822	92	130
3823	91	129
3824	90	129
3825	90	129
3826	92	129
3827	91	129
3828	91	129
3829	91	129
3830	92	129
3831	92	129
3832	91	129
3833	92	129
3834	93	130
3835	93	129
3836	93	129
3837	93	129
3838	94	129
3839	95	129
3840	94	129
3841	94	129
3842	94	129
3843	95	129
3844	96	129
3845	95	129
3846	96	129
3847	97	129
3848	97	129
3849	97	129
3850	97	129
3851	98	129
3852	98	129
3853	98	130
3854	99	129
3855	100	129
3856	100	129
3857	100	130
3858	100	129
3859	101	129
3860	101	129
3861	101	129
3862	102	129
3863	102	129
3864	102	129
3865	103	129
3866	103	129
3867	103	129
3868	103	129
3869	104	129
3870	104	130
3871	104	129
3872	105	129
3873	105	129
3874	104	130
3875	104	129
3876	106	129
3877	107	129
3878	105	129
3879	103	129
3880	105	129
3881	107	129
3882	107	129
3883	104	129
3884	103	129
3885	105	129
3886	107	129
3887	106	129
3888	104	129
3889	104	129
3890	105	129
3891	105	129
3892	104	130
3893	104	129
3894	105	129
3895	104	129
3896	103	129
3897	103	129
3898	104	129
3899	104	129
3900	103	129
3901	102	129
3902	103	129
3903	103	130
3904	103	129
3905	102	129
3906	102	129
3907	102	129
3908	102	129
3909	102	130
3910	101	129
3911	102	130
3912	101	129
3913	101	129
3914	101	129
3915	101	129
3916	101	129
3917	101	129
3918	101	129
3919	101	129
3920	101	129
3921	101	129
3922	101	129
3923	101	129
3924	101	129
3925	102	129
3926	101	129
3927	101	129
3928	101	130
3929	102	129
3930	102	129
3931	102	129
3932	103	129
3933	103	129
3934	103	129
3935	103	129
3936	104	129
3937	104	129
3938	103	129
3939	103	129
3940	106	129
3941	107	129
3942	105	129
3943	104	129
3944	105	129
3945	109	129
3946	108	130
3947	106	129
3948	106	129
3949	109	130
3950	110	129
3951	109	129
3952	108	129
3953	109	129
3954	111	129
3955	111	130
3956	111	129
3957	111	129
3958	112	129
3959	112	129
3960	111	129
3961	112	129
3962	113	130
3963	113	129
3964	113	130
3965	112	129
3966	113	130
3967	114	129
3968	114	129
3969	113	129
3970	113	129
3971	113	129
3972	113	130
3973	113	129
3974	113	129
3975	113	129
3976	113	130
3977	112	129
3978	112	129
3979	112	129
3980	112	129
3981	111	129
3982	111	129
3983	111	129
3984	111	129
3985	110	130
3986	109	129
3987	109	129
3988	109	129
3989	108	130
3990	108	130
3991	107	129
3992	107	129
3993	106	129
3994	106	129
3995	105	129
3996	105	130
3997	104	129
3998	103	129
3999	103	129
4000	103	129
4001	102	129
4002	101	129
4003	100	129
4004	102	129
4005	101	130
4006	99	130
4007	97	129
4008	99	129
4009	100	129
4010	99	129
4011	96	129
4012	96	129
4013	97	129
4014	98	129
4015	96	129
4016	95	129
4017	95	129
4018	96	129
4019	95	130
4020	94	129
4021	94	129
4022	95	129
4023	94	129
4024	94	129
4025	94	129
4026	94	129
4027	94	129
4028	93	129
4029	93	130
4030	94	129
4031	94	129
4032	93	129
4033	93	129
4034	93	130
4035	94	129
4036	94	129
4037	93	129
4038	93	129
4039	94	129
4040	94	129
4041	94	129
4042	94	129
4043	94	129
4044	95	129
4045	94	129
4046	95	129
4047	95	130
4048	95	129
4049	95	129
4050	96	129
4051	97	129
4052	97	130
4053	97	129
4054	97	129
4055	97	129
4056	98	129
4057	98	129
4058	99	130
4059	99	129
4060	99	129
4061	100	130
4062	100	129
4063	101	129
4064	101	129
4065	101	130
4066	101	129
4067	101	129
4068	104	129
4069	104	129
4070	103	129
4071	102	129
4072	104	130
4073	107	129
4074	106	129
4075	104	129
4076	104	129
4077	107	129
4078	108	129
4079	107	129
4080	106	129
4081	107	129
4082	109	130
4083	109	129
4084	108	129
4085	108	129
4086	109	129
4087	109	129
4088	109	129
4089	109	129
4090	110	129
4091	110	129
4092	109	129
4093	109	130
4094	110	129
4095	110	129
